dost0	dost1	dost2	dost3	dost4	dost5	dost6	dost7	dost8	dost9	dost10	dost11	dost12	dost13	dost14	dost15	dost16	dost17	dost18	dost19
dost0	-1.38118674174	0.0	0.0	0.0	0.0	-0.302868538946	0.0	0.0	0.0	0.0	0.0	0.0	0.915914161192	0.0	0.0	0.0	0.0	0.0	-1.65706228458	1.65923506257
dost1	0.0	0.0	0.0	0.0	0.0	0.0	1.60551429287	0.0	0.0	0.384145854798	2.4883564896	0.0	0.826347837754	-0.696028763008	0.0	0.452309666292	0.0	-1.05224534749	0.0	-1.38102697019
dost2	0.0	-1.77661312187	0.139346998252	0.0	0.0	0.0	0.0	0.0	0.0	0.0	0.0	0.0	0.0	0.0	0.0	0.0	0.0	0.0	0.0	0.420370452538
dost3	0.0	0.0	0.963635257295	0.0	0.0	0.0	0.0	0.0	0.0	0.0	0.0	0.0	0.0	0.0	-1.91274394495	0.0	0.0	0.0	0.0	0.0
dost4	0.0	0.0	0.0	0.0	-0.939122320724	0.0	-0.446191629331	0.0	0.0	0.0	0.0	0.933092863326	0.0	0.0	1.83115356343	0.574515778621	0.0	0.0	0.0	0.0
dost5	0.0	0.0	0.0	0.0	1.34086740885	0.0	0.788056439185	0.0	0.0	0.0	1.27145689067	0.0	0.0	0.0	0.0	0.0	0.0	0.0	0.0	0.0
dost6	0.0	0.0	0.0	0.0	0.0	0.0	0.0	0.0	0.0	0.430067958171	-0.584741220605	0.0	0.0	0.0	0.0	0.0	0.0	0.186143302919	0.0	0.0
dost7	0.0	-0.702796045943	0.0	0.0	0.205150839881	0.0	0.0	-0.102676694355	0.0	0.907047174125	0.0	0.0	-1.14808345872	-1.98907879153	0.0	0.0	0.0	0.0	0.185874739625	0.0
dost8	0.0	0.0	0.0	0.0	0.0	0.0	0.0	0.0	1.85958166059	0.0	0.0	0.0	0.0	0.13338638939	0.0	0.0	0.0	0.0	0.0	0.0
dost9	0.0	-0.0488776574119	0.0	0.0	-0.437302481456	0.0	0.0	0.0	0.0	0.0	0.0	0.515856859749	0.0	0.0	-1.09817466677	0.0	0.140987708408	0.0	0.0	0.0
dost10	0.0	0.0	0.751362239096	0.0	0.0	2.29950117267	0.0	0.393826476904	0.0	0.0	0.0	0.0	0.0	0.0	0.0	0.0	0.0	0.0	0.0	0.0
dost11	1.27087257891	0.0	1.07053126818	0.0	-1.09403380014	0.0	0.0	0.0	0.0	0.0	0.0	0.0	0.0	0.0	0.0	-0.778486894768	0.0	0.0	0.0	0.0
dost12	0.0315082523902	0.0	0.0	0.0	0.0	0.0	0.0	0.0	0.0	0.0	0.0	0.0	-0.71570560841	0.0	-1.13181713486	0.210149616692	0.0	0.0	0.0	0.0
dost13	0.0	0.0	0.0	0.397956585533	1.09964930959	0.0	-1.7059776534	0.0	0.0	0.0	0.0	0.0	0.0	-1.16623619545	0.0	0.0	0.0	0.0	0.0834506690739	0.0181689696108
dost14	0.0	0.0	0.0	1.50572905269	0.0	1.85190098335	0.0	0.0	0.0	0.0	0.921232857826	0.0	0.0	0.0	0.0	0.0	-0.403742475165	0.0	0.0	0.0
dost15	0.218484485293	0.894159056394	0.0	0.828070249245	-0.0140012310137	0.0	-1.18483459697	0.0	0.0	0.0	0.0	0.0	-0.28104438506	-0.276540589323	0.0	-0.71080254087	0.0	0.0	0.0	0.0
dost16	0.221881074481	0.0	-0.721279140693	0.0	0.0	0.0	0.0	0.0	-0.612893622363	0.0	0.582367296954	1.89449532643	0.0	0.0	0.886736124052	0.0	0.0	0.0	0.0	0.0
dost17	-0.108503937355	0.0	0.961236419729	0.0	0.0	0.0	0.0	2.31626778541	0.0	0.0	-0.934038486873	0.0	0.0	-2.64987832317	0.0	-0.590483310781	0.0	0.0	0.0	0.0
dost18	-0.620142140362	0.0	0.404711229852	0.0	0.0	0.0	-1.81940354018	0.0	-0.574682238026	0.0	0.0	-1.17380034478	0.896234928276	0.0	0.0	1.59268109958	0.0	0.0	0.451997184467	0.0
dost19	1.476512585	1.15450578383	0.0	0.0	0.0	0.463869636052	0.0	-1.12328544882	-1.62161911239	0.0	3.01378637708	0.0	0.0	-0.619258250716	0.0	0.0	0.0	0.0	0.0	1.29418402082
dosg0	0.0	0.0	0.705238513338	-1.16307865078	0.0	0.768812932025	0.0	0.0	0.0	0.0	0.0	0.0	0.0	-1.65457219685	0.0	0.0	-0.626646346641	0.0	0.0	0.0
dosg1	0.0	1.42355372089	-0.76913920547	0.0	-0.162618081388	1.70257946173	0.310752438751	0.0	0.0	0.0	0.0	0.0	0.0	0.0	0.0	0.0	0.0	0.0	0.0	0.0
dosg2	0.0	0.0	0.0	0.0	0.0	0.0	-0.827444278513	0.0	0.0	0.0	0.0	0.0	0.0	-0.212489449191	0.0	1.08577485386	0.0	0.0	0.0	0.0
dosg3	0.0	0.0111893201812	0.0	0.0	0.0	1.13962637137	0.0	0.0	0.0	0.0	0.0	0.0	0.0	0.0	0.0	-1.08755870872	0.0	0.685418295913	1.84949462246	0.0
dosg4	0.0	0.0	0.0	0.0	0.0	-1.85352905398	0.0	0.0	0.0	0.0	0.0	0.0	0.0	0.0	0.0	0.0	0.441575140252	0.0	0.0	0.0
dosg5	0.0	0.0	0.0	0.0	0.0	0.0	0.0722253129922	0.0	0.168721536327	0.0	0.0	0.0	0.0	0.0	0.0	0.0	0.0	0.0	0.0	0.142299288633
dosg6	-0.0982156847187	0.0	0.0	0.404738945973	0.0	0.0	0.0	0.8225908023	0.0	0.0	-2.54903963228	0.0	-0.451584175191	-0.985463591473	0.238554158315	0.0	1.16109636459	0.0	0.0	0.0
dosg7	0.286751146	0.0	1.09669587982	0.30016825107	0.0	0.0	0.0	0.0	0.0	0.0	0.0	0.0	0.0	0.0	-0.393932204347	0.0	0.0	-1.27790142911	0.0	0.0
dosg8	0.0	0.0	-0.84279508943	-0.16133501414	0.0	0.0	0.0	-2.17576203973	0.0716496623542	0.557143575513	-1.4485030273	0.832897309051	0.0	0.0	0.0	0.0	0.0	0.0	0.0	0.0
dosg9	0.0	0.0	0.0	0.0	0.0	0.0	0.0	0.0	0.0	0.0	0.0	0.0	0.0	0.0	0.0	0.0	0.0	0.0	0.0	0.0
dosg10	1.30471604136	0.0	-0.796711263656	0.0	0.0	-0.645678436246	0.0	0.0	0.0	0.0	1.01283100373	0.0	-0.16739605193	0.163138502084	0.0	0.0	0.0	0.0	0.0	0.0
dosg11	0.351776063976	0.0	0.0	0.0	0.0	0.0590050115585	0.0	-2.86877237612	0.0	-0.00296426509095	0.0	0.0	0.00700952154217	-0.372749415783	0.0	0.0	-0.421073460732	0.0	0.0	-2.72079680977
dosg12	0.0	0.0	0.0	0.0	0.0	0.0	0.0	0.0	0.0	0.0	0.0	0.0	0.0	1.96727388129	0.0	0.0	0.0	0.0	0.0	0.0
dosg13	0.0	0.940630676179	0.0	-0.945802194889	-0.455335750178	0.0	0.0	0.0	-0.94439820242	0.200687921662	0.0	0.237746891302	0.0	0.0	0.0	0.0	0.0	0.0	-1.74277209156	0.0
dosg14	0.0	0.0	0.0	0.0	0.0	0.0	0.0	0.0	0.0	0.0	0.0	0.0	-0.564771843319	0.0	-0.471260512534	0.0	0.0	0.0	-0.855398552613	0.22696271104
dosg15	0.0	0.0	0.0	0.0	0.861013818377	0.0	0.0	0.0	0.0	1.75306335276	0.0	0.0	-0.0682449429012	0.0	-0.993380576305	0.0	0.0	0.0	0.0	0.0
dosg16	0.0	0.0	0.0	1.65895713415	0.0	0.0	0.0	-0.250855023758	-0.262347476606	0.0	0.0	-0.193284911641	0.0	0.0	0.0	-0.626287128218	0.0	0.0	0.0	-1.51424450789
dosg17	0.0	0.0	1.07343347586	0.0	0.0	-0.917189789935	0.129442707738	0.0	0.0	0.0	0.0	0.28651034539	0.0	1.30208965162	0.519801974667	0.0	0.0	0.644566403924	0.0	0.796015514936
dosg18	0.0953521669981	0.0	0.0	0.0	0.0	0.0	0.0	0.010763425909	0.0	0.0	0.0	-2.29674747583	0.0	0.0	-0.18856667651	0.0	0.0	-0.419159159445	0.0	0.0
dosg19	0.0	0.0	0.0	0.0	0.546035596518	0.0	0.0	0.0	0.0	0.221356133735	1.28481187454	0.0	-0.349288355475	-1.15904600844	0.0	0.0	0.0	0.0	0.0709165457074	0.0
dosg20	0.0	-1.06458964848	0.0	-0.4871637947	0.0	0.0	0.0	0.0	0.0	0.0	0.0	0.0	0.0	0.0	-0.124776062286	-1.19097317238	0.0	0.0	0.0	0.0
dosg21	0.0	-2.36094178441	0.0	0.0	0.0	0.0	0.0	0.0	-0.803840065991	0.0	0.0	0.977040020042	0.0	0.0	0.0	0.0	0.0314434198433	0.0	0.0	-2.20438332215
dosg22	-1.82999300014	0.0	0.0	0.0	0.0	0.0	0.0	0.0	0.0	0.0	0.0	0.0	0.0	-0.818810346891	0.0	0.637400715988	0.0	-0.461716512599	-2.89531038615	0.0
dosg23	-0.702106305693	0.0	0.0	0.0	0.0	0.0	0.0	0.0	0.0	0.0	0.0	-1.40624004998	-0.971492035738	0.0	-1.13949223715	0.0	0.0	0.0	0.254369015316	0.0
dosg24	0.0	0.0	0.0	0.0	-0.209839864905	-0.725837069162	0.0	-2.03270811087	0.0	0.0	1.18037383971	0.0	0.0	0.0	0.0	0.0	0.0	0.0	0.0	-0.689287527966
dosg25	0.0	-0.457906460707	0.0	0.0	0.0	0.0	0.0	0.0	-0.524176608065	0.0	0.0	-0.283880858976	0.0	2.13879616831	0.0	0.0	-1.15889583515	0.0	0.0	0.0
dosg26	0.0	0.0	0.0	0.0	0.0	0.0	0.0	0.0	0.0	0.0	0.0	0.813860285595	0.0	0.0	0.0	-0.169001165929	0.0	0.0	0.0	-1.80831683977
dosg27	0.0	0.0	0.0	0.0	0.488696329525	-2.67936803685	0.0	0.0	0.0	-1.43385450582	0.0	0.0	0.0	0.0	0.334629596027	0.0	0.0	0.0	0.0	0.0
dosg28	0.0	0.0	0.0	-0.188757786489	0.0	0.0	0.0	0.0	-1.17470940629	1.68105879952	0.0	0.0	0.0	0.273160168655	0.0	-0.142826084203	0.0	0.661141107357	0.0	0.0
dosg29	0.0	0.0	0.0	0.0	0.0	0.0	0.0	0.0	0.0	-2.37329962351	0.0	0.0	0.0	0.0248113368259	-0.415359467454	0.0	0.0	0.324163515455	0.0	0.0
dosg30	0.0	-2.45450136295	0.0	0.0	0.0	0.444929423899	0.0	0.0	0.0	0.0	0.0	0.0	0.0	0.888578537452	0.0	0.707930530283	0.0	0.0	0.0	0.0
dosg31	0.0	0.0	0.0	0.0	0.662073254612	-1.38375361179	0.0	0.0	0.0	0.0	-0.0560576468915	0.0	-0.939445854093	0.0	0.0	-0.392556640099	-2.46634032622	-0.398731953769	0.0	0.0
dosg32	0.0	0.0	0.0	0.0	0.0	0.0	0.767720515715	0.0	-0.0978097006141	0.0	0.0	0.0	0.0	0.0	0.0	0.0	-0.178521710863	0.0	0.0	0.0
dosg33	0.0	0.0	0.251818351768	0.0	0.0	0.0	0.0	0.0	-1.50296809551	0.0	0.0	0.0	0.0	0.0	0.0	0.0	0.0	-0.105231437042	0.0	0.0
dosg34	0.0	0.0	0.0	0.0	0.0	0.0	0.0	0.0	0.0	0.0	0.0	-0.799690080726	0.0	0.0	0.0	-0.141410262489	0.0	0.801703734517	0.0	0.0
dosg35	0.0	0.0	0.0	-2.62422414177	0.0	0.0	0.0	0.0	0.0	0.0	0.303852725807	0.0	0.0	1.84100665891	0.0253020430021	-0.308604125787	0.0	0.0	0.0	0.0
dosg36	-0.218544735339	-1.51861361714	0.0	0.0	-1.17814619287	-1.49619690129	0.0	0.0	0.315407665495	0.0	0.209256474539	0.0	0.0	0.0	0.0	0.920429994662	0.0	0.0	0.0	0.0
dosg37	0.0	0.0	0.0	0.0	0.0	-0.095534384608	1.674470922	0.0	0.0	0.0	-1.38696791638	0.0	0.0	0.0	0.0	-1.41664341336	0.0	0.0	1.06488306017	0.0
dosg38	0.0	0.0	0.0	0.0	0.0	0.0	0.0	0.0	-0.226744773768	0.0	0.0	0.0	0.0	-0.0887265068043	0.0	0.0	0.0	0.0	-0.0865737960576	0.987092946981
dosg39	1.45902827414	-0.53326168485	0.0	0.0	0.921605090181	0.0	0.0	0.0	0.0	0.0	0.0	0.0	0.0	0.0	0.0	0.0	0.0	0.0	-0.862760912272	0.0
dosg40	-1.1311430884	0.0	0.0	0.0	0.0	0.0	0.0	0.0	-0.204142527893	0.0	0.0	0.0	-0.242314699121	0.0	0.0	0.0	-0.35951509603	-0.619503746961	0.0	0.0
dosg41	0.0	0.0	0.0	0.0	0.0	0.0	-0.285077345555	0.0	0.0	1.72192392574	0.949966563916	0.0	0.0	0.0	0.376376843638	0.090406774513	0.0	0.0	0.0	0.0
dosg42	0.152850638862	0.0	-0.633056010879	0.0962481540343	0.0	0.0	0.0	0.0	1.55289198325	-0.721859874609	0.601418441842	0.698008733857	0.0	0.0	0.0	0.0	-0.168265791282	-1.83748815654	0.0	-1.41037221478
dosg43	0.0	0.0	-0.130719973968	0.0	0.0	0.0	0.0	0.0	0.0	0.0	0.0	0.145537806401	0.0	0.0	-0.757714191315	0.0	0.626277773401	0.31458910882	0.0	0.0
dosg44	0.0	0.0	0.0	0.0	0.0	0.0	0.0	0.0	0.0	0.0	0.0	0.0782095794829	0.0	0.0	0.0	0.0	0.0	0.0	-0.977657960721	0.0
dosg45	0.0	0.0	0.0	0.0	0.195491063331	0.0	0.0	0.0	-1.33622122704	0.0	0.0	0.0	0.717700936504	0.0	0.0	1.0392000743	0.0	0.0	0.0	0.0
dosg46	0.0	0.0	0.0	0.0	0.0	0.0	0.0	0.0	0.0	2.11724321094	0.811190828975	0.0	0.0	0.0	0.0	0.0	0.0	0.0	0.0	2.0226060654
dosg47	0.0	0.0	0.0	0.0	0.0	-1.94468781834	0.0	0.0	0.0	0.0	0.0	0.0	0.0	0.0	0.0	0.512955800656	0.0	0.0	0.0	-1.28777244768
dosg48	0.0	0.0	-1.97140387728	0.474311456684	0.0	0.0	0.0	0.0	0.0	-1.52088886132	0.0	0.0	0.0	2.27290888128	-1.6754924751	0.0	0.0	-0.108166042101	-0.436733425964	-0.439658736332
dosg49	1.14595935282	0.280131285925	0.0	0.0	0.0	-0.368794739232	0.0	1.92853889143	0.0	0.0	0.0	0.0	-0.61458516109	0.0	0.394145696767	0.937785204467	0.0	0.0	0.0	0.0
dosg50	0.0	0.0583018059272	0.0	0.0	0.0	-0.517596825354	0.0	0.0	0.0	0.0	0.0	0.0	0.0	-0.125807003381	0.0	0.659195918275	0.0	0.0	0.461254712558	0.0
dosg51	-1.97064784874	0.0	0.0	0.0	0.0	0.0	-0.532977183749	0.0	0.0	-1.15716689411	0.0	-0.0680221917268	0.0	0.0	0.0	0.0	-0.500909729667	-0.262719097749	0.0	0.0
dosg52	0.0	0.0	0.0	-0.12550301291	0.0	0.0	0.0	0.0	0.0	0.0	-0.422879847989	0.0	0.0	0.0	0.254795972666	0.0	0.0	0.0	0.0	0.0
dosg53	0.0	0.0	-1.64366243412	0.0	0.0	0.0	0.0	0.83721727567	-0.707930004711	0.732633938684	0.0	0.0	-0.488392755608	3.05089428229	0.0	0.0	0.0	0.0684597998631	0.445548267083	0.0
dosg54	-0.352875557075	0.0	0.0	0.0	-0.907776253526	-0.606930835253	-0.801282263171	0.0	0.0	-0.273819140469	0.0	0.830429759436	2.22725651278	0.0	0.0	0.0	0.106880470359	0.0	0.0	0.0
dosg55	0.0	1.35666133362	0.0	0.0	0.980533203114	0.0	-1.43653591393	-0.339058322786	0.0	0.0	0.0	-2.54838885745	0.0	0.65871508059	0.0	0.0	0.0	0.0	-1.325606345	0.0
dosg56	0.0	0.0	0.0	0.0	0.0	0.0	0.0	0.0	0.0	-0.606095810899	0.976276894373	0.0	0.0	0.0	2.14289379622	-0.87886068392	0.0	0.0	0.0	0.0
dosg57	0.0	0.0	0.0	0.0	0.284779601687	0.0	0.918840784874	2.87939722261	0.0	0.91558570747	0.0	0.0	0.0981796726487	0.975428739964	0.0	0.0	0.0	0.0	0.0	0.0
dosg58	0.0	0.0	0.0	0.0	0.0	0.0	0.0	0.0	0.0	0.0	0.0	0.0	0.0	0.0	1.7202985219	0.222661588721	0.0	0.0	-0.976736050985	0.0
dosg59	0.0	-0.00771433338051	0.0	0.0	0.0	0.0	0.0	0.0	0.0	0.0	0.0	0.0177742793604	0.0	0.0	-0.331641350739	0.0	0.0	0.0	0.0	0.0
dosg60	0.0	-0.370900201907	0.0	-0.220335364274	0.0	0.0	0.0	0.0	0.830683874005	0.0	0.0	0.0	0.0591835733019	0.0	0.0	0.0	0.0	0.0	0.0	0.0
dosg61	-1.41974263746	0.0	0.0	0.0	0.0	0.0	0.0	0.0	-0.343312963778	2.03056830211	0.0	0.0	0.0	0.0	0.0	0.0	0.0	-0.883531153031	0.0	0.0
dosg62	0.0	-0.0840481716233	0.0	0.666504633556	-0.170083159279	0.0	0.0	-0.363074672954	0.0	0.0	0.0	0.0	0.0	0.0	0.0	0.0	0.0	0.0	-0.126311835607	0.0
dosg63	0.678938984039	1.08144022058	0.0	0.0	-2.22518552487	0.0	0.0	0.0	0.0	0.0	0.853516681775	-2.10872974691	0.0	0.0	0.503931721119	0.0	0.0	0.0	0.0	0.658296105148
dosg64	0.422908978352	0.0	0.0	-2.05834104288	0.0	0.0	-0.39549874253	0.0	0.0	1.81148973222	0.100767496698	0.0	0.913840236951	0.0	0.0	0.0	0.0	0.0	0.0	0.0
dosg65	0.0	0.0	0.0	0.0	0.0	0.0	-1.0592908089	0.0	0.0	0.0	0.0	0.0	0.0	0.0	0.0	0.0	-1.60620724627	0.0	0.890773994494	0.0
dosg66	0.210724704012	0.0	0.0	0.0	0.0	0.0	0.0	0.0	0.0	2.05897637811	0.0	0.0	0.0	0.0	0.0	0.0	0.0	0.0	0.478324694359	-0.138567618418
dosg67	0.0	0.0	-1.32179228964	0.0	0.0	0.0	0.0	0.0	0.0	0.0	0.0	0.0	0.0	0.0	0.0	0.0	0.167315839446	-1.268494238	0.0	0.0
dosg68	0.0	0.0	0.0	0.0	0.554979710987	0.0	0.0	1.21464887907	0.0	0.0	-0.195626848342	0.0	0.0	0.0	0.893182093238	0.0	0.0	0.0	0.0	0.0
dosg69	0.0	0.0	0.0	0.0	0.0	-1.14056807266	0.0	0.0	0.0	0.748858420935	0.0	0.0	0.0	-0.115001172225	1.90059205094	0.0	0.0	0.0	0.0	0.0
dosg70	0.0	-0.706418332611	0.0	0.0	0.593550883922	0.0	0.0	0.0	0.0	0.0	0.0	0.0	-0.253457265402	0.0	0.431962228459	0.0	0.0	0.0	0.943562921146	0.0
dosg71	0.0	0.937992885444	-0.9693807573	0.0	0.0	0.0	0.0	0.0	0.0	0.462929063139	0.868231939583	0.0	0.0	0.0	0.0	0.0	0.0	0.0	0.0	0.0
dosg72	-0.895136015704	1.32161690205	0.0	0.881655379034	0.0	0.0	-1.03755016912	0.0	0.0	0.0	0.0	0.0	0.0	0.0	0.0	0.0	-0.0312588951468	0.0	0.0	0.0636031009482
dosg73	0.0	1.06034444192	0.0	0.0	-0.0961490817747	0.536790419896	0.0	0.0	0.0	0.0	0.0	1.15456372755	0.0	0.0	0.0	0.0	2.96067624316	0.0	0.0	0.0
dosg74	0.66818615823	0.0	1.96453313931	0.0	-1.40972501438	-1.00002156556	0.0	0.0	0.0	0.0	0.0	0.0	0.169186525411	0.0	0.0	0.0	0.0	0.0	0.0	0.0
dosg75	0.0	0.0	0.0	-0.505149539302	0.0	-0.541986011496	1.93680853401	0.0	0.0	0.0	0.0	0.0	0.657290490185	0.0	0.0	0.0	0.0	0.0	0.0	1.23178241502
dosg76	0.215212370161	0.0	0.0	-1.06765929039	0.0	0.0	0.0	0.0	0.0	0.0	0.0	0.0	0.0	0.0	0.0	0.448609656012	0.0	0.0	0.0	0.0
dosg77	0.0	0.0	0.0	0.0	0.0	0.0	0.0	0.0	0.0	0.0	0.0	0.0	0.0	0.0	0.160524213427	0.0	0.0	0.0	-0.299051420154	0.0
dosg78	0.0	1.14443623047	0.0	0.0	0.0	1.11723041752	0.0	0.0	-0.357035721476	0.0	0.0	0.0	0.0	0.57766183042	0.0	0.581604837783	0.0	0.0	0.0	-0.65432905803
dosg79	0.0	1.35304872223	0.0	0.0	0.0	0.0	0.0	0.0	0.0	0.0	0.0	1.73135127635	0.0	0.0	0.0	0.0	0.0	0.0	0.0	0.0
dosg80	0.0	-0.170566410751	0.0	-1.20402049271	0.0	0.0	0.0	0.49130520363	0.0	0.0	0.959706534119	0.20850870089	-0.247438357308	0.736465693395	0.0	0.0	0.0	0.0	-1.19591260478	0.0
dosg81	0.0	0.38864760369	0.0	0.0	-1.73093183759	0.0	0.185206777544	0.0	0.0	0.0	0.0	-0.888445831121	0.0	0.29052608988	0.0	2.05192066496	0.0	0.0	0.0	-0.545899136046
dosg82	0.0	0.0	0.0	0.0	-0.0626803328934	0.0	0.0	0.0	0.0	-1.42983319923	-0.641428043263	-0.347332617785	0.0	-0.509485253682	0.4177944113	0.0	0.0	0.0	0.0	0.0
dosg83	0.0	0.94460709364	-0.869145938626	1.37788261915	0.0	0.0	0.0	0.0	0.0	0.0	-1.43294655797	0.337038949159	0.0	0.0	0.0	1.54252965027	-0.475211081509	0.0	0.0	-1.1663394178
dosg84	0.0	-1.01307274934	0.0	0.0	0.0	0.0	-0.0777148482453	0.0	0.0	0.0	-0.877358404798	0.0	-1.57422812203	-0.0495938360385	-0.110890108673	0.0	0.0	-1.04219457708	0.0	0.0
dosg85	0.0	0.0	-0.871410039625	0.487533796527	0.0	1.15161664073	0.0	0.0	-0.0413648090654	0.0	0.0	-0.99907959342	0.524828552949	0.0	0.348012373038	0.0	0.0	0.0	-2.80066263084	0.0
dosg86	0.0	-0.393674051039	0.0	-1.90822687761	-0.637035452231	0.0	-3.39836061519	0.0	0.0	0.0	0.0	-0.46533975355	0.0	-0.175489287546	0.0	0.0	0.0	0.0	0.0	0.0
dosg87	0.906732787682	0.546453720992	0.0	0.0	0.0	0.382585756913	0.0	0.0	0.0	0.0	0.0	0.0	0.0	0.0	-1.52409692338	0.0	0.0	0.0	-0.145335517551	0.0
dosg88	0.0	0.0	3.25057952768	0.0	0.39537351272	-0.737196533191	1.77803759442	0.0	0.0	0.0	0.0	0.0	0.0	0.495770403642	-0.192266249503	0.0	0.0	0.0	0.0	0.236614395679
dosg89	0.0	0.0	0.0	0.0	0.0	0.0	0.0	0.0	0.0	0.977667257857	-0.164375633131	0.0	0.0	-0.639947436071	0.0	0.0	0.846888646442	-1.04608315562	0.0	0.0
dosg90	0.0	0.0	0.0	0.900109417337	0.0	-0.729484155196	0.0	-0.128945835719	0.0	0.0	0.0	0.0	0.0923094573798	0.0	-0.312132663134	0.0	0.0	0.0	0.0	0.0
dosg91	1.27811725179	-0.741108870718	0.0	0.0	0.494380303272	0.0917189887995	0.0	0.473896432735	-0.146273571697	0.0	0.0	-0.0748714783431	0.0	0.0	0.0	0.0	0.0	-0.739432454256	0.0	0.0
dosg92	0.0	0.0	1.10594539332	0.0	0.0	-1.39453250227	1.1787665453	0.545245025754	0.0	1.96865084764	-1.20722995698	0.380362332182	0.0	0.0	0.778764961805	0.0	1.27961760533	0.0	0.0	0.0
dosg93	0.0	0.0	-0.79487733412	0.0	0.0	-0.42975877812	0.0	0.149552557488	0.0	0.0	0.0	0.0	0.0	-2.39168232855	0.0	0.25185860567	0.0	2.22470996872	0.0	0.0
dosg94	0.0	0.0	0.0	0.0	0.0	0.0	0.0	0.0	0.0	1.55102555518	0.0	0.0	0.0	0.0	0.0	-2.08087702115	0.0	0.0	0.0	0.0
dosg95	-0.635872704584	0.0	0.0	0.0	0.0	0.81050937785	1.07163881299	0.0	0.0	0.0	0.0	0.0	-1.2925523272	0.0	0.0	0.00122182910102	0.0	-1.27995033957	-0.587570875444	-1.04246070037
dosg96	0.0	0.0	0.0	0.0	0.0	0.0	0.0	1.64399051294	0.0	0.0	0.0	0.0	0.0	0.0	0.0	0.0	0.0	0.0	0.0	0.0
dosg97	0.0	0.0	0.0	0.0	0.0	0.0	0.408855758865	0.0	-1.11830606774	0.0	0.0	0.0	0.0	0.268223778052	0.0	0.0	0.0	0.0	0.0	0.0
dosg98	0.0	0.0	0.0	0.0	0.0	0.0	0.0	1.76033222878	0.0	0.55125972503	0.0	-0.00529813125829	0.0	-0.257143995039	-0.012442887287	0.0	0.0	0.0	0.0	0.0
dosg99	0.0	0.0	0.0	0.0	0.0	0.0	0.0	0.0	0.0	0.0	0.0	-0.662900555187	0.0	0.562473139304	0.938853928065	0.0	0.0	0.0	0.0	0.0
dosg100	-0.99121774852	0.0	1.24429614461	0.0	0.0	-0.216082176991	0.0	0.0	0.0	0.0	0.0	0.0	0.0	0.0	-0.564524565683	0.0	0.418045087614	1.3549739683	0.0	0.0
dosg101	0.0	0.0	0.0	-2.49041367432	0.784228078882	0.0	0.0	0.851394164798	0.0	0.0	-1.1043406721	0.0	0.0	0.0	0.0	0.0	1.66424554703	-0.642891621191	0.0	0.0
dosg102	0.0	0.0	0.0	0.0	-1.06904814897	0.0	0.0	0.0	0.0	0.0	0.0	0.0	0.0	0.0	1.11517881382	-0.458252435039	0.0	0.52441638129	0.0	0.790889872535
dosg103	0.0	0.0670492149864	0.0	0.0	0.0	1.02585284216	0.838539560915	-0.943923899002	0.0	0.0	0.0	0.0	0.0	0.0	0.0	0.0	0.0	-1.63350165628	0.0	0.0
dosg104	1.8820385957	0.0	0.0	0.0	0.0	0.663595682865	-0.900688258729	0.0	0.0	0.0	0.0	0.0	0.0	0.0	0.0	0.0	0.0	-0.0584318553555	1.45056959926	-1.05706016584
dosg105	0.0	0.0	0.494590863261	0.0	0.0	0.0	0.0	0.0	0.0	1.38601597521	0.0	0.0	-0.794843475631	1.67117705813	0.0	0.0	0.832320796622	0.0	2.2904196815	-0.814451104661
dosg106	0.0	0.0	0.259496705097	0.0	0.0	0.0	0.395654999805	0.0	0.0	0.0	0.0	0.0	0.0	0.0	-0.195635949992	0.0	1.40063978634	0.0	-1.73875318099	0.0
dosg107	0.0	0.0	0.0	0.0	-1.02476346825	0.0	0.0	0.0	0.0	0.891823515663	0.0	0.0	0.0	0.0	0.0	0.884722429682	0.0	-1.90531530265	0.0	0.0
dosg108	0.554748534942	0.0	0.0	0.0	0.0	0.0	0.0	0.0	-0.132723666791	0.0	0.0	0.0	-0.385795255795	2.3996415785	0.0	0.0	0.0	0.0	-1.45273025211	0.0
dosg109	0.0	0.0	0.0	0.0	0.0	0.0	0.0	0.0	0.0	-0.335158233816	-0.0133006557828	-1.54903106043	0.0	0.0	0.0	0.0	0.0	0.0	0.0	0.0
dosg110	0.607149577214	0.0	0.0	0.0	0.0	-0.138321038748	1.27989574914	0.0	0.0	0.0	0.0	0.0	0.0	0.0	0.0	-0.562261834435	0.0	0.0	2.16659658241	-0.332454832588
dosg111	0.0	0.516537480989	0.0	0.0	0.0	0.0	0.0	0.0	0.0	0.0	0.0	0.0	0.0	0.572190809723	-1.06930938355	0.0	0.0	0.0	0.0	0.0
dosg112	-0.89028308274	-0.16670402119	-0.0468338758427	0.0	0.0	0.0	0.0	1.28999196678	0.0	0.0	0.0	-0.933387465252	0.246115351151	0.0390289940974	0.0	0.0	-0.405059036514	0.0	-1.66030507335	0.0
dosg113	0.0	0.0	0.0	0.0	0.490231768061	0.0	0.0	0.0	0.0	-0.39295540302	0.0	0.0	0.0	0.0	0.0	0.0	0.0	0.0	0.0	0.0
dosg114	0.0	0.0	0.0	0.0	-1.14672117414	-0.581223217992	0.0	0.0	0.0	0.0	0.0	1.32429061181	0.0	0.0	-0.0287498631845	0.0	0.0	0.0	0.0	-0.372365376995
dosg115	0.0	0.0	0.0	1.05743273765	1.44672193762	0.0	0.224141477813	0.0	0.747204641625	0.0	0.0	0.0	0.0	0.0	-1.65824233445	0.348028712548	0.0	0.0	0.0	0.0
dosg116	0.0	-0.28895572201	-2.45220157308	-0.693352561201	0.0	0.0	0.0291362878189	0.358749652247	0.0	0.0	0.0	0.0	0.0	0.0	0.0	0.785176768038	0.0	0.0	0.0	0.0
dosg117	0.0	0.0	0.0	0.0	0.956426575294	-0.201876640731	0.0	0.0	0.686843704851	0.0	-1.38226450079	0.0	-1.06172962995	0.0	0.0	-0.0305391266618	0.0	0.0	0.0	0.0
dosg118	0.714966866329	0.0	0.48415518568	0.556284468693	0.0	-0.449741792403	0.0	0.0	0.0	0.0	0.0	0.0	0.0	0.0	0.0	0.0	0.0	0.0	0.0	-1.94454006288
dosg119	0.0	0.0	1.60430884835	-1.01174466174	0.0	-0.717699865512	0.0	0.0833364475516	0.0	0.0	0.0	0.0	0.0	-0.278048563436	-0.590270527548	0.0	0.0	0.0	0.0	0.0
dosg120	0.0	0.0	-0.654380837387	1.0818401725	0.0	0.0	0.0	0.0	0.0	0.484255491389	0.0	0.0	0.0	-1.03818878447	0.0	0.0	0.0	0.0	0.0	0.0
dosg121	0.819633159844	0.0	0.187060765542	0.0	0.0	-0.252195110236	0.0	0.0	0.624247799374	0.0	-0.370058636204	0.0	0.0	1.39864006638	0.0	0.0	0.0	0.0	0.285737323308	0.0
dosg122	1.35038571569	0.0	0.0	0.0	0.0	0.0	0.766890156264	0.0	0.0	0.0	0.0	0.0	0.0	0.0	0.0	0.0	0.0	0.0	0.0	0.0
dosg123	0.0	0.0	-1.44427657411	0.0	0.0	0.0	0.0	0.0	0.0	0.0	0.0	-0.776956974146	0.0	0.0	0.0	0.0	0.0	0.0	0.0	0.0
dosg124	0.0290013763774	0.0	0.0	0.0	0.0	0.0	0.0	-1.67295022966	0.99701415071	0.0	0.0	1.58716962496	0.0	0.0	0.0	0.0	0.0	0.0	0.0	-0.369083657802
dosg125	0.0	0.0	0.0	0.0	0.0	0.0	0.0	0.0	0.875334188201	0.0	0.0	0.0	0.0	-0.755942201484	0.0	0.0	0.253193359497	0.0	0.0	0.0
dosg126	0.0	0.17170052395	0.0	-0.431591545318	0.0	1.35220178586	0.0	0.0	0.0	0.0	0.0	0.600398967286	0.0	-0.287427313139	0.0	-0.291945995311	-0.525341508418	-0.0264132112302	0.0	0.0
dosg127	0.0	0.0	0.0	-0.51235845096	0.0	1.23866254573	0.0	0.0	0.262693076419	0.4959106213	0.0	0.0	0.0	0.0	0.0	0.0	0.0	0.0	-1.39024579898	-0.867503679597
dosg128	-0.755185011395	0.0	0.0	0.0	0.0	0.0	0.0	0.418871139976	0.0	0.0	0.0	-1.22261068339	1.35456684042	0.0	0.0	0.0	0.691334237319	0.0	-0.0529981365834	-1.22482765293
dosg129	0.0	0.0	0.0	0.0	0.0	0.0800070745613	-1.86749553655	-0.92228682641	0.0	-0.3635591723	1.51297709849	0.880028342357	-1.69805389801	0.0	0.0	0.0	0.0	0.0	0.0	0.466257220829
dosg130	0.0	0.868715606898	0.0	0.0	-1.05593522041	0.0	0.0	0.0	0.0	-1.22775132158	0.0	2.53346613159	0.0	0.0	-0.509876927242	0.0	0.0	0.0	1.43903514043	0.0
dosg131	-0.350322560648	0.0	-0.129280445842	0.0	0.762592357477	-0.744114111668	-1.09392122578	0.0	0.0	0.0	-0.312277826501	0.0	0.0	0.0	0.0	0.0	-1.62833103434	0.0	0.000154150212535	0.0
dosg132	0.0	0.0	0.0	-0.205506130862	-0.461655886849	1.66714649944	0.0	0.0	-0.126684611659	0.0	0.0	0.0	0.0343525148882	0.0	0.0	0.0	0.0	0.0	0.0	0.0
dosg133	0.0	0.0	0.0	0.0	0.0	0.0	0.0	0.0	0.0	-1.18319060178	0.0	0.0	0.0	0.0	-1.29709039085	0.0	0.0	0.0	-0.729447329121	0.0
dosg134	0.0	0.0	-1.57746338284	0.0	0.0	0.442291860869	0.0	0.0	0.0	-1.4897941668	0.0	0.0	0.0	-0.172229146915	0.0	-0.293526270889	1.11348367668	0.270428183313	0.0	0.0
dosg135	0.0	0.0	0.0	-1.32334531078	0.823083016277	-0.404167388512	-0.76956757489	0.0	0.0	-0.304056202371	0.0	0.0	0.0	0.0	0.256323222662	0.0	-0.0764348755099	0.0	0.0	0.0
dosg136	0.0	0.0	0.0	0.0	0.0	0.0	0.0	0.0	0.0	-2.18239746222	-0.253348409554	0.0	0.0	0.0	0.0	0.0	0.0	0.0	0.0	0.0
dosg137	0.0	0.0	0.0	0.0	-0.203208481079	-1.40148768466	0.0	-0.22305152108	0.0	0.0	0.0400179398204	0.0	0.0967289544241	0.0	-0.459331644039	0.0	0.0	0.0	0.0	0.0
dosg138	0.0	0.0	0.0	0.0	0.0	0.00756393729542	-0.983511408675	-2.04967592605	0.292615741173	0.0	1.56756721381	0.0	1.49238255255	0.0	1.03803912696	0.0	0.0	0.0	0.0	0.0
dosg139	0.0	0.0	0.0	0.0	0.0	0.661703676037	0.0	0.0	0.0	0.0	0.0	0.0	-0.753040774169	-0.836407444788	0.0	0.0	0.0	0.0	-0.66640852686	0.0
dosg140	1.60992170599	0.0	0.0	-1.78840465368	-0.725038578588	0.0	0.0	0.0	0.0	0.0	0.0	0.0	0.0715937429659	0.732703241229	0.0	0.0	0.0	0.0	0.0	0.0
dosg141	-0.205425458444	0.0	0.0	0.0	0.0	0.0	0.575672655924	1.55093552255	0.0	0.501453661239	1.37381430553	0.0	0.0	-0.695314360294	0.0	2.41378526906	0.885326721261	0.0	0.0	0.933382309146
dosg142	0.0	0.529427298786	0.0	0.0	0.0	0.0	0.0	0.395942330881	0.0	-0.292782341185	0.0	1.56786674765	0.0	0.0	-0.993528343077	0.0	-0.687587028402	0.0	0.0	0.0
dosg143	0.0	0.0	0.0	0.0	0.0	0.0	0.0	0.0	0.0	0.0	0.0	0.0	-0.554481735296	0.0	0.0	0.0	0.0	0.0	0.0	0.0
dosg144	0.0	0.0	0.0	0.0	0.0	1.68326896666	0.0	0.316015217767	0.0	0.0	0.0	0.813292245972	0.0	0.0	0.0	0.0	0.0	-0.153181510893	0.0	-0.06961738193
dosg145	0.0	-0.0912284522832	0.0	0.0	0.0	0.0	0.0	0.0	0.0	0.0	0.0	0.0	-1.1431424279	0.0	0.0	-2.49547425914	0.0	0.0	0.0	0.0
dosg146	0.0	0.0	0.0	-0.415036984391	0.0	0.0	0.463271360006	0.0	0.0	-1.33954338681	0.0	1.11345468118	0.0	0.0	0.0	0.0	0.959890094167	0.0	0.0	0.0
dosg147	0.0	0.0	0.0	0.0	0.0	1.49294766412	0.0	0.0	0.0	0.0	-0.501214127054	0.0	0.0	0.0	0.0	0.0	0.708349546406	0.0550178952642	0.0	0.0
dosg148	0.0	0.0	0.0	0.0	0.0	0.0	0.0	0.542871180611	0.0	0.0	-0.1515672543	0.0	0.0	0.0	0.0	-1.2005007857	0.0	0.0	0.0	1.32295226072
dosg149	1.06369609641	0.0	-2.78626958238	0.0	0.0	0.0	-0.651211655408	0.0	1.80414396221	0.0	0.0	0.0	0.0	0.0	0.0	0.0	0.0	-1.72133575719	0.0	0.0
dosg150	0.0	0.0	0.0	1.04928502607	0.0	-1.36167333784	0.0	1.14217803579	0.0	0.0	0.0	0.0	0.0	0.0	0.0	0.0	0.0	0.0	0.0	0.0
dosg151	0.0	0.0	0.0	0.0	1.16960715264	-1.37087959188	0.0	0.0	0.0	0.817812980999	0.0	0.0	0.0	0.0	1.04513834442	-0.94877485458	0.0	0.0	-0.362765511602	0.0
dosg152	0.0	0.0	0.0	0.0	0.0	0.0	0.0	0.0	1.86894098418	-1.18403736856	0.0	0.0	0.58378560992	0.0	0.0	0.0	-0.629650242382	-0.129105483742	0.0	-1.65812993011
dosg153	0.0	-0.952453940189	0.0	0.0	-0.0353626027272	-0.615142334549	0.0	0.0	0.0	0.0	0.0	0.55331277643	0.0	0.0	0.0	0.105513631319	0.0	0.0	0.0	0.337291202611
dosg154	0.578001142931	0.0	0.0671853214169	0.0	0.114674639438	0.0	0.0	0.866401987009	-0.765060420356	-0.214204719052	0.407848491161	0.0	0.0	0.0	0.0	-0.344922355972	0.0	0.0	0.0643494478501	0.0
dosg155	0.0	0.0	-1.18644759859	0.0	0.0	-0.718659377112	0.35702667513	0.0	-0.862718247358	0.0	0.0	0.0	0.0	0.0	0.0	0.0	0.0	0.0	0.0	-0.953830971799
dosg156	0.632448745866	0.0	0.0	0.0471671287369	0.0	0.916509047153	0.0	-0.550518034447	0.0	0.0	0.0	0.0	0.0	-1.07926834455	-1.82550761702	0.0	0.0	0.0	0.0	0.0
dosg157	0.0	0.0	0.0	0.0	-0.945807222548	0.0	0.0	2.17382836997	0.0	0.0	0.0	0.0	2.2944272971	0.0	0.155274440277	0.550798743517	0.0	0.0	0.479932313205	0.0
dosg158	0.0	0.0	0.0	0.0	0.0	0.0	0.0	0.0	0.0	0.0	0.589642760589	0.0	0.0	0.0	-1.34763444642	0.0	0.0	0.0	0.0	0.0
dosg159	-0.708359672199	0.0	0.0	1.57622273917	0.0	0.0	-0.338139941443	0.0	0.0	0.0	0.0	0.0	0.0	0.0	0.0	0.0	0.0	0.0	0.0	0.0
dosg160	0.0	0.0	-0.540887489198	0.0	0.179688778941	-0.107622880478	-0.264337967404	0.0	0.0	-0.496593708685	0.0	0.989658221071	0.0	0.0	0.263587596333	-0.744208168328	0.0	-0.339637596283	0.0	-1.06860745178
dosg161	0.0	0.0	1.05140110289	0.0	-0.734317692917	0.0	0.0	0.0	0.0	-0.767902664402	0.0	0.282026984435	0.0	0.0	0.0	-0.722065186853	0.0	0.0	0.0	1.66698263814
dosg162	0.0	0.0	0.686467087035	0.0	1.21478795063	0.0	0.0	0.0	0.0	0.0	0.0	0.0	0.0	0.0	-1.07579673166	0.0	0.0	0.0	0.798625708231	0.0
dosg163	-0.317507148586	0.0	-1.87997470118	1.02322160133	0.0	-2.50589807066	0.0	0.0	0.0	0.0	-0.778667485294	0.0	1.19353245114	0.0	-0.90858022636	0.0	0.0	1.46636403989	-4.02947556312	0.0
dosg164	0.0	0.0	-1.57526707563	0.380363320574	0.0	-2.24151254345	0.0	0.0	0.0	-0.751243581687	0.0	0.0	0.0	0.0	-0.75330936537	0.0	0.0	0.0	0.607602356354	0.0
dosg165	0.0	0.0	0.0	0.0	0.0	0.0	0.0	0.432896739988	-1.3724066505	0.911629375205	0.0	0.107687967742	0.0	0.223426547452	0.0	0.0	0.0	0.0	0.0	-0.294330296535
dosg166	-0.243086397782	0.0	1.10962941085	-0.726232583571	0.0	-0.238900471888	0.0	0.0	0.0	0.0	-2.12546446541	0.0	0.0	0.0	0.0267378485541	0.0	0.979635492518	0.0	0.0	-0.629711395783
dosg167	0.0	0.0	0.0	0.0	0.0	0.0	0.0	-0.675506359286	0.0	0.0	0.0	0.0	0.0	-0.957388730188	0.0	0.00113390895856	0.0	-0.450837480511	0.0	0.0
dosg168	0.0	0.0	-1.00408544446	0.0	0.0	0.0	0.0786038081499	0.0	0.0	0.0	0.902893827207	0.0	0.0	0.0	0.0	0.0	0.0	0.0	0.0	0.0
dosg169	0.0	0.0	0.0	0.0	-1.03759444259	1.63409646722	0.456981288888	0.0	0.0	0.941236214998	0.0	0.0	0.0	0.0	0.0	-0.390067355795	-0.122992810604	1.16936578583	0.0	-0.811733018211
dosg170	2.34378947552	0.824638434957	0.0	0.0	0.266793517885	0.0	0.0	0.0	0.0	0.0	0.0	0.0	0.0	0.0	0.0	0.0	0.0	0.0	-2.07525981261	0.0
dosg171	0.0	-1.18432005345	-0.184042693156	0.0	0.0	0.0	0.0	0.0	0.0	0.0	-0.688124092874	0.0	-0.333346828869	0.0	-2.30466230315	0.757683689705	0.0	0.0	0.0	0.0
dosg172	0.0	-0.0179818525992	0.0	0.0	0.0	0.0	-2.18959603657	0.0	0.0	0.0	0.0	0.0	0.0	0.0	0.0	0.607780089049	-0.474086028685	0.0	-0.895125287655	0.0
dosg173	0.0	0.0	0.532367023219	0.0	0.0	0.0	0.0	0.0	0.0	-0.599527750518	0.0	1.46260805025	0.0	0.0	0.81476569224	1.44158696521	-0.82012265258	0.0	1.40958217494	0.0
dosg174	0.259613315869	0.0	-0.22403403374	-0.167028969141	0.0	0.0	1.4090119873	0.0	0.659053639009	0.0	-1.08028696013	-0.607952239728	0.0	0.0	0.0	0.0	0.373462244324	0.0	-0.689980685026	0.0
dosg175	0.0	0.0	0.0	0.0	0.0654936073642	0.0	0.707549352718	0.903349942773	0.773156445454	0.0	0.440441849341	1.89896026234	0.0	0.0	0.0	0.477824537801	0.0	0.0	-0.835881996089	0.0
dosg176	0.0	0.0	0.0	0.0	0.0	0.0	0.0	0.0	0.0	0.0	-1.64668266686	0.0	0.0	0.0	0.0	0.0	0.0	0.314550982661	0.0	0.0
dosg177	1.08027124584	0.0	-0.88695945731	-1.18891045815	0.797398649303	-0.853449995833	0.0	0.0	0.0	0.0	0.0	0.0	0.00665533674038	0.0	0.0	0.0	0.0	0.0	0.0	0.0
dosg178	0.0	0.984490739187	0.0	0.0	0.0	0.0	0.0	0.0	0.0	0.0	-1.60217711973	0.0	0.0	0.0	0.0	0.0	-1.90551286736	0.429294185055	0.520092582948	0.0
dosg179	0.0	0.0	0.0	0.0	0.0	0.0	1.13844516988	0.0	-0.580586741341	0.0	0.0	0.0	0.0	0.0	0.0	0.0	1.65241316521	-0.140379542447	0.0	0.0
dosg180	-0.467314407686	0.0	0.0	-1.33760200744	0.0	-0.525379826729	-0.471446974004	0.0	-0.756093346406	0.0	0.0	0.0	0.0	0.0	0.0	0.0	0.0	0.0	0.0	0.0
dosg181	0.0	1.70305090233	0.0	0.0	0.0	0.0	0.0	0.0	-0.296903367289	0.304152326458	0.0	-0.647640626071	0.0	-0.200068201962	0.0	0.0	0.0	0.0	0.0	-0.47458518687
dosg182	0.0	0.0	0.0	-2.20193813092	0.0	0.0	0.0	0.0	0.0	0.0	0.0	0.0	0.0	0.0	2.03105052701	0.0	0.0	1.32164424798	-0.752515303797	0.0
dosg183	0.0	0.0	0.0	0.0	-0.950571796114	0.0	0.326086946538	0.0	0.0	0.207328138947	0.0	0.0	0.0	0.0	0.0	0.0	-0.368781648598	0.0	0.0	0.0
dosg184	1.71566178476	0.0	0.0	0.0	-0.236986579067	0.0	0.0	0.0	0.0	0.0	0.0	0.0	0.0	0.0	0.443007876725	0.0	0.0	0.0	0.0	0.0
dosg185	0.0	0.0	0.0	0.0	0.0	0.390937574883	-0.141794557857	0.0	0.0	-0.0376407309692	0.0	0.0	0.0	0.0	0.0	0.0	0.0	-0.108111345578	0.0	0.0
dosg186	0.0	-1.39370880039	0.700513310143	0.506317894112	0.0	0.0	0.0	0.0	0.0	0.57103226451	0.0	0.0	0.977813413062	-0.961380573167	0.0	0.0	0.0	0.0	0.388295310299	0.0
dosg187	0.0	-0.63482848575	0.3243271007	0.0	0.0	0.0368083145423	0.0	0.0	0.0	-1.73858960627	0.0	0.0	0.0368264996234	0.877778116385	0.0	0.665602335049	0.0	0.0	0.0	-1.2053609617
dosg188	0.0	-0.00746952041709	0.0	0.0	0.0	0.0	0.0	0.0	-0.552102891959	0.0	0.0	0.0	0.753651282389	0.0	0.0	0.0	0.117313984915	0.0	-0.0897085843141	0.0
dosg189	0.0	0.0	-0.215700497045	0.0	0.0	0.0	0.0	0.0	0.0	0.0	0.0	0.0	0.273008492591	-1.19947365716	0.0	0.0	0.0	0.0	0.0	0.0
dosg190	0.0	0.0	0.0	0.0	-1.23673994277	0.0	0.0	-0.25038772752	0.252367618729	0.0	0.0	0.0	0.0	0.246839833528	0.0	0.0	1.3114023393	0.0	0.0	0.0
dosg191	0.0	-1.17287090409	0.650722890669	0.0	1.99413103909	0.965621631952	0.0	-1.77168845499	-0.9446007412	-1.69481490777	0.0	0.0	0.0	-0.712207250804	0.0213157102642	1.38428419665	0.0	0.0	0.0	0.0
dosg192	0.0	-0.543307320199	0.0	0.0	1.82321005458	0.394203877961	0.0	0.0	0.0	0.0	-0.271121788264	0.0	0.0	0.0	0.0	0.0	0.0	0.0	0.0	0.0
dosg193	0.0	0.0	0.0	0.0	0.0	0.0	0.0	0.0	1.21949656067	-0.0392867048324	-0.226201784163	0.00083137437159	0.0	0.10705421192	0.0	0.0	0.0	0.0	0.0	0.0
dosg194	0.0	0.287836298114	0.0	0.0	0.0	0.341274203676	0.0	0.0	0.0	0.0	0.0	0.0	0.0	0.0	0.0	-1.45618392378	0.830589330675	0.0	0.0	0.719870377129
dosg195	0.0	0.0	0.0	0.0	0.0	-1.66194675672	0.0	-0.102592328146	0.971782455776	-0.809750385234	0.0	-1.56133123002	0.0	0.0	0.0	0.0	0.0	0.0	-0.0115289370509	0.0
dosg196	0.0	0.0	0.0	-0.800233062169	0.0	0.0	0.0	0.188202602935	1.69819227188	-1.0341586694	0.373777153812	0.0	-0.413559687333	0.0	0.0	0.0	0.0	0.0	0.0	-0.198688201915
dosg197	0.0	-0.480425837388	0.0	0.0	0.0	1.09439845354	0.0	0.0	0.0	-0.196076485419	0.0	1.32408866067	0.0	0.0	0.0	-0.326993215303	0.0	0.0	0.0	0.0
dosg198	0.0	-0.65358945819	-0.677148750714	0.0	0.0	0.0	0.0	0.0	0.0	0.0	0.0	0.0	0.0	0.0	0.0	-1.14671732557	0.0	0.0	0.0	0.0
dosg199	1.30861328481	-0.78084664374	0.0	-0.177853457597	-0.192553219484	0.0	0.0	-0.0906267565179	0.0	0.0	-0.245987951744	0.0	-1.46886908861	0.0	0.0	-0.602882455815	0.0	0.0	0.0	0.0