unot0	unot1	unot2	unot3	unot4	unot5	unot6	unot7	unot8	unot9	unot10	unot11	unot12	unot13	unot14	unot15	unot16	unot17	unot18	unot19
unot0	-1.38118674174	0.0	0.0	0.0	0.0	-0.302868538946	0.0	0.0	0.0	0.0	0.0	0.0	0.0	0.0	0.0	0.0	0.0	0.0	0.0	0.0
unot1	0.0	0.0	0.0	0.0	0.0	0.0	1.60551429287	0.0	0.0	0.384145854798	2.4883564896	0.0138233759045	0.0	0.0	0.0	-0.377013771532	0.0	0.0	0.0	0.0
unot2	0.0	-1.77661312187	0.139346998252	0.0	0.0	0.0	0.0	0.0	0.0	0.0	0.0	0.0	0.0	0.0	0.0	0.0	0.0	0.551298623266	0.49929629437	0.0
unot3	0.0	0.0	0.963635257295	0.0	0.0	0.0	0.0	0.0	0.0	0.0	0.0	0.0	0.0	-0.470072046273	0.0	0.0	0.0	-0.468274930777	0.0	0.0
unot4	0.0	0.0	0.0	0.0	-0.939122320724	0.0	-0.446191629331	0.0	0.0	0.0	0.0	1.52983999174	0.543313919923	-0.474669590254	-0.0236985432086	0.0	0.0	0.0	0.0	0.0
unot5	0.0	0.0	0.0	0.0	1.34086740885	0.0	0.788056439185	0.0	0.0	0.0	1.27145689067	0.833309008884	0.0	0.762525101906	-0.760842510326	-1.09556997611	0.0	0.0	0.0	0.342794579993
unot6	0.0	0.0	0.0	0.0	0.0	0.0	0.0	0.0	0.0	0.430067958171	-0.584741220605	0.0	0.0	0.0	0.0	0.0	0.0	-0.743990613022	-0.347671350697	0.0
unot7	0.0	-0.702796045943	0.0	0.0	0.205150839881	0.0	0.0	-0.102676694355	0.0	0.907047174125	0.0	0.0	0.274174004314	0.0	0.0	0.0	0.0	0.0	0.0	0.0
unot8	0.0	0.0	0.0	0.0	0.0	0.0	0.0	0.0	1.85958166059	0.0	0.0	0.0	0.0	-0.69351195487	0.0	0.0	0.893454689407	1.02306028153	0.203921450629	0.0
unot9	0.0	-0.0488776574119	0.0	0.0	-0.437302481456	0.0	0.0	0.0	0.0	0.0	0.0	0.0	0.0	0.113922453622	-0.527633865535	0.0	0.0	0.0	0.201727579117	0.0
unot10	0.0	0.0	0.751362239096	0.0	0.0	2.29950117267	0.0	0.393826476904	0.0	0.0	0.0	0.0	0.0	0.0	0.0	-0.169820884276	0.0	0.0	0.0	0.0
unot11	0.0	0.0	0.0	0.583858329463	0.0	2.08987047285	0.0	0.0	0.0	0.0	0.0	-0.556365521029	0.0	0.970715706953	0.0	0.53414298509	0.0	-0.182553135917	0.0	1.29406627852
unot12	0.0	0.250694975896	0.0	0.0	-0.235630429337	0.0	0.0	0.0	0.0	0.0	0.0	0.0	0.0	0.0	0.127513437679	0.0	0.0	0.0	-1.29079182811	0.0
unot13	0.315293826094	0.0	1.7308355929	0.0	0.0	0.0	0.0	0.533110786421	0.0	0.0	-1.33066800169	0.0	0.0	0.368029059362	-0.858912877609	-0.191832721995	0.0	0.152542196392	0.0	-1.75238614533
unot14	0.0	0.0	0.0	-0.100507388986	0.0	0.0	0.0	0.0	0.0	-0.590559711537	0.0	-0.00910313654403	0.0	0.0	1.3799947211	-0.0909656315115	-0.329798179971	0.350201432194	0.0	1.11657730457
unot15	0.0	0.0	-0.216884294978	0.0	0.0	0.0	0.0	0.0	0.0	0.0	0.0	0.0	0.00311192282762	0.15460033638	0.974271107789	0.0	0.0	0.0	0.0	0.0
unot16	0.0	0.0	-1.19884390826	0.0	0.0	1.44678395308	-0.26853805264	0.0	-0.394835467598	0.0	0.0	-1.35145141442	0.0	0.0	-0.157304786602	0.0	-0.632640942061	0.842642212253	0.578801447181	0.0
unot17	0.0	0.0	0.0	0.0	0.0	0.0	0.0	0.0	0.0	0.0	0.645842319553	0.0	0.0	0.0	-1.2690337587	0.0	0.0	0.0	0.0	0.0
unot18	-1.07993427698	-1.05220687099	0.0	0.0	0.0	0.0	0.0	0.0	1.09492153567	0.0	-0.268327140371	0.0	0.0	0.0	-1.60165496265	0.0	0.0	0.0	0.0	0.0
unot19	0.0	-1.07685188635	0.0	-1.19160187529	0.0355851574861	0.0	0.0	0.0	-0.726824126751	0.0	1.05169115627	-0.2369463525	-0.572186033777	0.0	-0.768409829096	0.0	0.0	1.07680422908	0.0	0.0
unog0	0.0	0.0	0.705238513338	-1.16307865078	0.0	0.768812932025	0.0	0.0	0.0	0.0	0.0	0.0	0.0	0.0	-0.564427260788	0.0	0.0	0.0	-1.02364663816	0.705951860501
unog1	0.0	1.42355372089	-0.76913920547	0.0	-0.162618081388	1.70257946173	0.310752438751	0.0	0.0	0.0	0.0	0.0	0.0	0.0	-1.49411994192	0.0	0.0	0.0	0.0	0.0
unog2	0.0	0.0	0.0	0.0	0.0	0.0	-0.827444278513	0.0	0.0	0.0	0.0	0.0	2.03619434923	0.0	0.0	2.06727175276	0.0	0.0	0.0	0.0
unog3	0.0	0.0111893201812	0.0	0.0	0.0	1.13962637137	0.0	0.0	0.0	0.0	0.0	0.0	0.0	0.0	0.0	0.0	0.0	0.0	0.0	0.0
unog4	0.0	0.0	0.0	0.0	0.0	-1.85352905398	0.0	0.0	0.0	0.0	0.0	0.0	0.0	-2.12813552737	0.0	0.0	1.39907218066	0.722449401773	0.0	0.0
unog5	0.0	0.0	0.0	0.0	0.0	0.0	0.0722253129922	0.0	0.168721536327	0.0	0.0	0.0	0.0	0.0	0.0	0.0	0.0	0.0	0.0	0.0
unog6	-0.0982156847187	0.0	0.0	0.404738945973	0.0	0.0	0.0	0.8225908023	0.0	0.0	-2.54903963228	0.0	0.0	-0.532422132839	0.851958952823	0.0	0.0	0.0	0.0	0.0
unog7	0.286751146	0.0	1.09669587982	0.30016825107	0.0	0.0	0.0	0.0	0.0	0.0	0.0	0.0	-2.29378681886	0.0	0.0	0.0	0.0	0.0	0.0	0.593767808402
unog8	0.0	0.0	-0.84279508943	-0.16133501414	0.0	0.0	0.0	-2.17576203973	0.0716496623542	0.557143575513	-1.4485030273	0.0	0.0	0.0	0.0	0.556031004778	0.0	0.0	0.0	0.0
unog9	0.0	0.0	0.0	0.0	0.0	0.0	0.0	0.0	0.0	0.0	0.0	0.0	0.0	0.0	0.0	0.0	0.0	0.0	0.0	0.0
unog10	1.30471604136	0.0	-0.796711263656	0.0	0.0	-0.645678436246	0.0	0.0	0.0	0.0	1.01283100373	0.0	0.0	1.33955123277	-0.530067428982	0.0	0.0	0.0	0.596907826287	0.0
unog11	0.351776063976	0.0	0.0	0.0	0.0	0.0590050115585	0.0	-2.86877237612	0.0	-0.00296426509095	0.0	0.0	0.0	-0.864857976557	0.0	0.0	0.0	0.0	0.0	-0.543993480674
unog12	0.0	0.0	0.0	0.0	0.0	0.0	0.0	0.0	0.0	0.0	0.0	1.72293043692	0.0	0.0	0.0	0.0	0.0	0.0	0.982826415711	0.0
unog13	0.0	0.940630676179	0.0	-0.945802194889	-0.455335750178	0.0	0.0	0.0	-0.94439820242	0.200687921662	0.0	0.434162345576	0.0	0.0	0.0	0.0	-0.939701374124	0.0	0.0	-1.72263998233
unog14	0.0	0.0	0.0	0.0	0.0	0.0	0.0	0.0	0.0	0.0	0.0	0.0	-0.598879450027	-1.14462063269	-0.0673881235941	0.0	-0.596559165333	0.0	0.0	0.144480881856
unog15	0.0	0.0	0.0	0.0	0.861013818377	0.0	0.0	0.0	0.0	1.75306335276	0.0	0.0	0.0	-0.328621829645	-0.481209718393	0.0	0.0	0.0	0.0	-0.4860365206
unog16	0.0	0.0	0.0	1.65895713415	0.0	0.0	0.0	-0.250855023758	-0.262347476606	0.0	0.0	0.0	0.0	-1.42322655078	0.0	0.0	0.0	-0.572314648214	0.0	0.0
unog17	0.0	0.0	1.07343347586	0.0	0.0	-0.917189789935	0.129442707738	0.0	0.0	0.0	0.0	0.0	0.0	0.0	0.0	0.0	0.0	0.0	0.0	0.0
unog18	0.0953521669981	0.0	0.0	0.0	0.0	0.0	0.0	0.010763425909	0.0	0.0	0.0	-0.897163710066	-0.918452263638	0.484792650104	1.02963763711	-1.06519061781	0.273843628918	0.0	0.0	0.0
unog19	0.0	0.0	0.0	0.0	0.546035596518	0.0	0.0	0.0	0.0	0.221356133735	1.28481187454	0.0	0.0	-0.132497072937	1.31123178821	0.0	-1.2792576159	0.0	-0.0242486231714	0.0
unog20	0.0	-1.06458964848	0.0	-0.4871637947	0.0	0.0	0.0	0.0	0.0	0.0	0.0	0.0	0.0	0.0	0.0	0.0	0.356109094115	0.0	0.0	0.0
unog21	0.0	-2.36094178441	0.0	0.0	0.0	0.0	0.0	0.0	-0.803840065991	0.0	0.0	0.421817477644	0.0	0.0	0.0	0.0	0.0	0.0	0.0	0.0
unog22	-1.82999300014	0.0	0.0	0.0	0.0	0.0	0.0	0.0	0.0	0.0	0.0	0.0	0.0	0.0	0.0	0.0	0.0	-0.626613310354	-0.28299012779	0.0
unog23	-0.702106305693	0.0	0.0	0.0	0.0	0.0	0.0	0.0	0.0	0.0	0.0	-0.284924719222	0.0	0.0	0.0	0.0	0.0	0.0	0.0	0.0
unog24	0.0	0.0	0.0	0.0	-0.209839864905	-0.725837069162	0.0	-2.03270811087	0.0	0.0	1.18037383971	0.0	0.0	0.0	-0.981039781313	0.0	0.0	0.0	-0.997687059913	0.0
unog25	0.0	-0.457906460707	0.0	0.0	0.0	0.0	0.0	0.0	-0.524176608065	0.0	0.0	0.0	0.0	0.0	0.0	0.0	0.0	0.0	0.0	0.0
unog26	0.0	0.0	0.0	0.0	0.0	0.0	0.0	0.0	0.0	0.0	0.0	1.066463575	0.0	0.0	0.0	0.0	-0.0102100876862	0.0	2.05702176734	0.0
unog27	0.0	0.0	0.0	0.0	0.488696329525	-2.67936803685	0.0	0.0	0.0	-1.43385450582	0.0	0.0	0.868837953468	-0.291694380771	0.0	0.0	0.0	-0.752765910099	0.0	0.211648126464
unog28	0.0	0.0	0.0	-0.188757786489	0.0	0.0	0.0	0.0	-1.17470940629	1.68105879952	0.0	-0.0066791299226	0.0	0.0	0.0	0.0	0.0	-0.240210288667	0.0	0.0
unog29	0.0	0.0	0.0	0.0	0.0	0.0	0.0	0.0	0.0	-2.37329962351	0.0	0.0	0.0	0.0	0.0	0.0	0.0	0.0	0.0	0.0
unog30	0.0	-2.45450136295	0.0	0.0	0.0	0.444929423899	0.0	0.0	0.0	0.0	0.0	0.0	-0.422504265711	-0.680479464263	0.0	0.0	0.0	0.525836750431	0.0	-0.322507317145
unog31	0.0	0.0	0.0	0.0	0.662073254612	-1.38375361179	0.0	0.0	0.0	0.0	-0.0560576468915	0.0	0.0	0.0	0.0	0.591974337676	0.0	0.0	0.0	0.0
unog32	0.0	0.0	0.0	0.0	0.0	0.0	0.767720515715	0.0	-0.0978097006141	0.0	0.0	0.0	0.0	0.0	0.0	0.0	0.0	0.0	0.0	0.0
unog33	0.0	0.0	0.251818351768	0.0	0.0	0.0	0.0	0.0	-1.50296809551	0.0	0.0	0.0	-0.818155955449	0.0	2.73353902837	0.0	0.0	0.0	0.210193340873	-0.986778152365
unog34	0.0	0.0	0.0	0.0	0.0	0.0	0.0	0.0	0.0	0.0	0.0	0.0	0.0	-0.914703210648	0.0	-0.270029930483	0.0	0.0	0.0	0.0
unog35	0.0	0.0	0.0	-2.62422414177	0.0	0.0	0.0	0.0	0.0	0.0	0.303852725807	0.0	0.765785680125	0.0	0.0	0.0	0.0	-0.468592107815	0.0	0.0
unog36	-0.218544735339	-1.51861361714	0.0	0.0	-1.17814619287	-1.49619690129	0.0	0.0	0.315407665495	0.0	0.209256474539	0.0	0.0	0.0	-0.181638198607	0.447305324225	0.0	0.0	0.0	2.02803831424
unog37	0.0	0.0	0.0	0.0	0.0	-0.095534384608	1.674470922	0.0	0.0	0.0	-1.38696791638	0.0	0.0	0.0	0.0	0.601465980381	0.0	0.0	0.0	0.0
unog38	0.0	0.0	0.0	0.0	0.0	0.0	0.0	0.0	-0.226744773768	0.0	0.0	-0.204533815822	0.0	0.0	0.0	-0.347214972168	0.0	0.0	0.0	0.0
unog39	1.45902827414	-0.53326168485	0.0	0.0	0.921605090181	0.0	0.0	0.0	0.0	0.0	0.0	-1.39798365761	0.0	0.0	0.0	0.0	0.0	0.0	0.0	-0.994581924884
unog40	-1.1311430884	0.0	0.0	0.0	0.0	0.0	0.0	0.0	-0.204142527893	0.0	0.0	-0.237174941826	1.15625346053	0.0	0.0	0.0	0.0	0.0	0.0	0.0
unog41	0.0	0.0	0.0	0.0	0.0	0.0	-0.285077345555	0.0	0.0	1.72192392574	0.949966563916	1.03948833761	0.0	0.0	0.0	0.0	0.0	0.0	-0.850527314553	-0.956512127293
unog42	0.152850638862	0.0	-0.633056010879	0.0962481540343	0.0	0.0	0.0	0.0	1.55289198325	-0.721859874609	0.601418441842	1.57411825903	0.0	0.0	0.0	0.0	0.0	0.0	0.0	0.0
unog43	0.0	0.0	-0.130719973968	0.0	0.0	0.0	0.0	0.0	0.0	0.0	0.0	0.0	0.0	-0.0926904178588	0.0	-1.55274813524	0.0	0.0	0.0	0.0
unog44	0.0	0.0	0.0	0.0	0.0	0.0	0.0	0.0	0.0	0.0	0.0	0.0	0.0	0.106527844389	0.0	0.0	0.0	0.0	-1.19776007297	0.146006939658
unog45	0.0	0.0	0.0	0.0	0.195491063331	0.0	0.0	0.0	-1.33622122704	0.0	0.0	-1.84617014595	0.0	0.0444678614438	0.0	0.0	0.0	0.0	0.0	0.0
unog46	0.0	0.0	0.0	0.0	0.0	0.0	0.0	0.0	0.0	2.11724321094	0.811190828975	0.0	1.45656184433	0.0	0.0	0.0	0.0	0.0	0.0	0.0
unog47	0.0	0.0	0.0	0.0	0.0	-1.94468781834	0.0	0.0	0.0	0.0	0.0	0.0	-0.217669689033	0.0	0.0	1.32050178944	0.0	-0.695243872588	0.0	0.0
unog48	0.0	0.0	-1.97140387728	0.474311456684	0.0	0.0	0.0	0.0	0.0	-1.52088886132	0.0	-0.57594355893	0.0	0.0	0.386873432705	0.0	1.71453818701	0.346392396543	-0.427376042082	0.0
unog49	1.14595935282	0.280131285925	0.0	0.0	0.0	-0.368794739232	0.0	1.92853889143	0.0	0.0	0.0	0.0	-0.231469467576	-0.173332079263	0.0	0.0	0.0	0.0	0.0	0.0
unog50	0.0	0.0583018059272	0.0	0.0	0.0	-0.517596825354	0.0	0.0	0.0	0.0	0.0	0.0	2.03630566329	0.0	0.0	0.0	0.0	0.0	0.0	-0.067639693074
unog51	-1.97064784874	0.0	0.0	0.0	0.0	0.0	-0.532977183749	0.0	0.0	-1.15716689411	0.0	0.0	0.726686294125	-0.54343912367	0.0231081741701	0.0	0.0	-1.16302886892	1.3140634479	0.0
unog52	0.0	0.0	0.0	-0.12550301291	0.0	0.0	0.0	0.0	0.0	0.0	-0.422879847989	0.0	0.0	0.0	0.0	1.82041162398	0.0	0.0	-0.139881505006	0.0
unog53	0.0	0.0	-1.64366243412	0.0	0.0	0.0	0.0	0.83721727567	-0.707930004711	0.732633938684	0.0	0.0	0.0	-1.00388964053	0.0	0.0	0.0	0.0	0.0	-0.442047905236
unog54	-0.352875557075	0.0	0.0	0.0	-0.907776253526	-0.606930835253	-0.801282263171	0.0	0.0	-0.273819140469	0.0	0.0	0.0	0.0	0.0	0.0	0.0	0.0	0.0	0.0
unog55	0.0	1.35666133362	0.0	0.0	0.980533203114	0.0	-1.43653591393	-0.339058322786	0.0	0.0	0.0	0.0	0.0	0.0	-0.797413194145	0.0	0.0	0.671340493564	0.501196597422	0.1866261336
unog56	0.0	0.0	0.0	0.0	0.0	0.0	0.0	0.0	0.0	-0.606095810899	0.976276894373	0.0	0.375001574972	-0.697721289623	0.0	0.0	-0.997714819796	0.0	0.0	0.0
unog57	0.0	0.0	0.0	0.0	0.284779601687	0.0	0.918840784874	2.87939722261	0.0	0.91558570747	0.0	0.247625064027	0.0	0.0	0.0	0.0	0.0	0.0	0.0	0.0
unog58	0.0	0.0	0.0	0.0	0.0	0.0	0.0	0.0	0.0	0.0	0.0	-0.996231505266	0.0	0.0	0.0	0.0	0.0	0.0	0.0	0.0
unog59	0.0	-0.00771433338051	0.0	0.0	0.0	0.0	0.0	0.0	0.0	0.0	0.0	0.0	0.0	0.0	0.0	0.0	0.0	0.0	-0.924541081673	0.0
unog60	0.0	-0.370900201907	0.0	-0.220335364274	0.0	0.0	0.0	0.0	0.830683874005	0.0	0.0	0.0	0.0	0.0	-0.305617569744	0.0	0.0	0.0	0.0	0.0
unog61	-1.41974263746	0.0	0.0	0.0	0.0	0.0	0.0	0.0	-0.343312963778	2.03056830211	0.0	0.0	1.404775163	2.81974196453	0.0	0.0	0.287459484014	0.0	0.0	0.0
unog62	0.0	-0.0840481716233	0.0	0.666504633556	-0.170083159279	0.0	0.0	-0.363074672954	0.0	0.0	0.0	0.0	0.0	0.0	-0.280368666781	1.34482746097	0.0	-0.325591009296	1.21637503639	0.0
unog63	0.678938984039	1.08144022058	0.0	0.0	-2.22518552487	0.0	0.0	0.0	0.0	0.0	0.853516681775	-0.685958171798	0.0	-0.832054419279	0.0	0.0	0.0	0.0	0.0	0.359234276702
unog64	0.422908978352	0.0	0.0	-2.05834104288	0.0	0.0	-0.39549874253	0.0	0.0	1.81148973222	0.100767496698	0.0	-0.321359367519	0.0	0.0	0.0	0.0	0.0	0.0	-0.880717824442
unog65	0.0	0.0	0.0	0.0	0.0	0.0	-1.0592908089	0.0	0.0	0.0	0.0	0.428594366915	0.0	0.0	0.238079019019	0.0	0.0	0.0	0.0	0.0
unog66	0.210724704012	0.0	0.0	0.0	0.0	0.0	0.0	0.0	0.0	2.05897637811	0.0	0.0	1.22130770192	0.0	0.0	0.0	0.0	0.0	0.0	0.0
unog67	0.0	0.0	-1.32179228964	0.0	0.0	0.0	0.0	0.0	0.0	0.0	0.0	0.0	0.0	0.0	0.0	0.0	0.0	0.143296271124	0.0	0.451964997799
unog68	0.0	0.0	0.0	0.0	0.554979710987	0.0	0.0	1.21464887907	0.0	0.0	-0.195626848342	0.0	0.0	-2.33038824074	0.0	0.0	0.0	0.0	-0.11596170265	0.0
unog69	0.0	0.0	0.0	0.0	0.0	-1.14056807266	0.0	0.0	0.0	0.748858420935	0.0	0.0	0.0	-1.36369833117	0.0	-0.252437132172	0.0	0.0	0.362414663573	0.0
unog70	0.0	-0.706418332611	0.0	0.0	0.593550883922	0.0	0.0	0.0	0.0	0.0	0.0	0.0	-0.0104109809433	0.0	-0.234626756843	0.480190722013	0.995478357997	0.0	0.0	1.22182600081
unog71	0.0	0.937992885444	-0.9693807573	0.0	0.0	0.0	0.0	0.0	0.0	0.462929063139	0.868231939583	0.0	0.965979348207	0.0	0.0	0.0	-0.0291405912494	0.0	0.0	0.0
unog72	-0.895136015704	1.32161690205	0.0	0.881655379034	0.0	0.0	-1.03755016912	0.0	0.0	0.0	0.0	0.0	0.0	1.27385265189	0.0	0.0	-0.190685728473	0.0	0.0	0.0
unog73	0.0	1.06034444192	0.0	0.0	-0.0961490817747	0.536790419896	0.0	0.0	0.0	0.0	0.0	0.0	0.0	0.0	0.0	0.0	0.0	0.955972669382	0.0	0.0
unog74	0.66818615823	0.0	1.96453313931	0.0	-1.40972501438	-1.00002156556	0.0	0.0	0.0	0.0	0.0	0.0	0.0	0.0	0.0	-0.672857550348	0.0	0.0	0.0	0.0
unog75	0.0	0.0	0.0	-0.505149539302	0.0	-0.541986011496	1.93680853401	0.0	0.0	0.0	0.0	0.0	0.0	0.0	0.0	0.0	0.0	-2.68955341186	0.943828341543	-0.361374173284
unog76	0.215212370161	0.0	0.0	-1.06765929039	0.0	0.0	0.0	0.0	0.0	0.0	0.0	0.0	0.0	0.0	0.0	0.0	-0.766930653449	0.0	-0.879873151865	0.0
unog77	0.0	0.0	0.0	0.0	0.0	0.0	0.0	0.0	0.0	0.0	0.0	0.0	0.0	0.0	0.0	-0.298817229201	0.0	0.0	0.0	0.0
unog78	0.0	1.14443623047	0.0	0.0	0.0	1.11723041752	0.0	0.0	-0.357035721476	0.0	0.0	0.0	0.0	1.41499573107	0.0	0.0	0.0	0.0	-0.206778102254	0.0
unog79	0.0	1.35304872223	0.0	0.0	0.0	0.0	0.0	0.0	0.0	0.0	0.0	0.0	1.02259309962	0.0	0.0	0.763067133555	0.0	0.0	0.0	0.0
unog80	0.0	-0.170566410751	0.0	-1.20402049271	0.0	0.0	0.0	0.49130520363	0.0	0.0	0.959706534119	0.0	0.0	0.0	0.0	0.0	0.0	0.0	0.0	0.0
unog81	0.0	0.38864760369	0.0	0.0	-1.73093183759	0.0	0.185206777544	0.0	0.0	0.0	0.0	0.0192517176784	0.0	0.0	0.0	-0.785116761488	0.0	0.0	0.670499783825	0.0
unog82	0.0	0.0	0.0	0.0	-0.0626803328934	0.0	0.0	0.0	0.0	-1.42983319923	-0.641428043263	0.0	0.0	0.0	0.0	0.0	0.00582165440997	0.0	0.0	0.0
unog83	0.0	0.94460709364	-0.869145938626	1.37788261915	0.0	0.0	0.0	0.0	0.0	0.0	-1.43294655797	0.0	0.0	0.0	0.0	-0.954726642808	0.0	0.0	0.0	0.0
unog84	0.0	-1.01307274934	0.0	0.0	0.0	0.0	-0.0777148482453	0.0	0.0	0.0	-0.877358404798	-0.127264082337	0.0	0.0	0.762518736635	0.0	0.0	0.0	0.0	-0.295551076423
unog85	0.0	0.0	-0.871410039625	0.487533796527	0.0	1.15161664073	0.0	0.0	-0.0413648090654	0.0	0.0	1.06542791011	0.0	1.13866310737	0.665187308084	0.0	-1.01589104523	0.0	-0.694460152694	0.0
unog86	0.0	-0.393674051039	0.0	-1.90822687761	-0.637035452231	0.0	-3.39836061519	0.0	0.0	0.0	0.0	0.0	0.988033130172	0.0	0.0	0.0	0.513775924632	-0.32283069994	0.0	0.0
unog87	0.906732787682	0.546453720992	0.0	0.0	0.0	0.382585756913	0.0	0.0	0.0	0.0	0.0	0.0	0.0	-0.394735091183	0.0	-0.438878040002	-1.00428081495	0.0	0.0	0.0
unog88	0.0	0.0	3.25057952768	0.0	0.39537351272	-0.737196533191	1.77803759442	0.0	0.0	0.0	0.0	0.0	0.0	0.0	0.0	-0.655802010762	0.0	0.0	0.489928240153	0.0
unog89	0.0	0.0	0.0	0.0	0.0	0.0	0.0	0.0	0.0	0.977667257857	-0.164375633131	0.0	0.0	0.0	0.0	0.0	0.951860649387	0.0	0.0	-0.370759690453
unog90	0.0	0.0	0.0	0.900109417337	0.0	-0.729484155196	0.0	-0.128945835719	0.0	0.0	0.0	0.0	0.0	0.0	0.0	0.0	0.0	0.0	0.0	0.0
unog91	1.27811725179	-0.741108870718	0.0	0.0	0.494380303272	0.0917189887995	0.0	0.473896432735	-0.146273571697	0.0	0.0	0.0	-1.85236732181	0.0	0.0	-0.0753770265827	0.0	0.0	0.0	0.0
unog92	0.0	0.0	1.10594539332	0.0	0.0	-1.39453250227	1.1787665453	0.545245025754	0.0	1.96865084764	-1.20722995698	-1.96057376895	-0.259517843745	0.0	0.0	0.0	-0.232690084958	0.0	0.0	0.0
unog93	0.0	0.0	-0.79487733412	0.0	0.0	-0.42975877812	0.0	0.149552557488	0.0	0.0	0.0	0.0	0.0	-1.18867925587	-0.0537233366483	0.0	0.0	0.998781567054	1.0323792689	0.0
unog94	0.0	0.0	0.0	0.0	0.0	0.0	0.0	0.0	0.0	1.55102555518	0.0	0.0	0.0	0.971557773942	0.0	0.0	1.17007798166	0.0	1.35652631499	0.0
unog95	-0.635872704584	0.0	0.0	0.0	0.0	0.81050937785	1.07163881299	0.0	0.0	0.0	0.0	0.0	0.0	0.0	-0.500244406776	0.0	0.0	0.0	0.0	0.0
unog96	0.0	0.0	0.0	0.0	0.0	0.0	0.0	1.64399051294	0.0	0.0	0.0	0.0	-0.0474344916369	1.10973127738	0.0	0.0	0.0	0.0	0.0	0.0
unog97	0.0	0.0	0.0	0.0	0.0	0.0	0.408855758865	0.0	-1.11830606774	0.0	0.0	0.0	0.0	0.0	0.0	0.0	0.0	0.0	0.0	0.0
unog98	0.0	0.0	0.0	0.0	0.0	0.0	0.0	1.76033222878	0.0	0.55125972503	0.0	0.134481696253	0.0	0.130027360286	0.0	0.0	0.0	0.0	-0.768324906227	0.0
unog99	0.0	0.0	0.0	0.0	0.0	0.0	0.0	0.0	0.0	0.0	0.0	0.0	0.0	0.341062690706	0.0	1.39900207275	0.0	0.763564454404	0.0	0.0
unog100	-0.99121774852	0.0	1.24429614461	0.0	0.0	-0.216082176991	0.0	0.0	0.0	0.0	0.0	0.0	0.0	0.0	0.0	0.0	-0.807999052679	0.0	0.0	0.0
unog101	0.0	0.0	0.0	-2.49041367432	0.784228078882	0.0	0.0	0.851394164798	0.0	0.0	-1.1043406721	-1.91014953646	0.0	0.0	0.0	0.0	0.0	0.0	0.0	0.0
unog102	0.0	0.0	0.0	0.0	-1.06904814897	0.0	0.0	0.0	0.0	0.0	0.0	0.0	0.0	2.05159469674	0.0	-0.735618849295	-0.522058642278	-0.0277284885439	0.0	-0.313676534255
unog103	0.0	0.0670492149864	0.0	0.0	0.0	1.02585284216	0.838539560915	-0.943923899002	0.0	0.0	0.0	0.0	0.0	0.0	0.0	-0.888448611276	0.0	0.0	-0.456617367749	0.0
unog104	1.8820385957	0.0	0.0	0.0	0.0	0.663595682865	-0.900688258729	0.0	0.0	0.0	0.0	0.0	-0.144739549236	-0.728840773238	-0.148066552184	0.0	0.0	0.0	-1.27682884584	0.0
unog105	0.0	0.0	0.494590863261	0.0	0.0	0.0	0.0	0.0	0.0	1.38601597521	0.0	0.0	0.0	0.0	0.0	0.0	0.0	0.878835511776	0.0	0.513217401627
unog106	0.0	0.0	0.259496705097	0.0	0.0	0.0	0.395654999805	0.0	0.0	0.0	0.0	0.0	0.0	0.0	0.194014609433	0.0	0.0	0.0	0.0	0.0
unog107	0.0	0.771531766309	0.0	0.131197608616	0.284615183266	0.0	0.0	0.727192103929	-0.149621924618	-0.966255550907	0.0	0.0	0.0	0.235803910092	0.0	0.0	0.0	0.0	-0.922807807547	0.0
unog108	0.0	1.5626395712	0.0	0.0	0.948914484264	0.0	0.0	0.0	0.0	-0.902947027342	0.0	0.0	0.0	0.0	0.0	0.543199078626	-1.07626870411	0.0	0.0	0.0
unog109	0.0	0.345219961508	0.0	0.0	0.0	0.0	0.0	0.0	0.0	0.0	0.0	0.0	0.0	0.0	0.0	0.0	0.0	0.0	0.0	0.0
unog110	-0.549783211056	0.0	-0.0889945983918	0.0	0.0	0.0	0.0	0.0	0.0	0.0	0.0	0.0	0.0	0.0	0.0	0.0	0.0	0.374031723741	-1.71985550788	0.0
unog111	0.0	0.0	0.0	0.0	0.0	0.0	0.0	0.0	0.733153815479	0.0	0.0	-0.31953150649	-1.23210528566	-0.998917262128	0.0	0.0	0.0	0.0	-0.148504556964	0.0
unog112	0.0	0.0	2.75325759658	0.0	0.0	0.0	0.0	0.0	0.0	0.0	0.0	-0.481997828894	0.0	-1.47334504429	0.564893389825	0.0	-0.327171570594	0.0	0.949592979724	0.0
unog113	0.0	0.0	0.0	0.410421605943	0.0	-1.17399330987	0.81496152915	0.0	1.9694134053	0.0	0.0	-0.532227191656	0.0	0.0	0.0	0.0	0.0	0.0	0.0	0.0
unog114	0.153669265815	0.0	0.0	0.407273491514	0.0	-0.288454852455	-1.47754882397	-1.84730762119	-0.745566352135	0.502439564553	0.0	0.0	0.0	-1.30115363595	0.0	0.0	0.0873628188525	0.86275785339	-0.454077550642	0.0
unog115	-0.264920292607	0.0	0.629340135799	-0.345894269839	0.0	0.20722537404	0.0	0.0	-2.55397058496	0.0	0.0	0.0	0.0	-1.92109272983	0.0	0.0	0.0	0.0	-0.842601854979	0.0
unog116	0.0	0.0	-0.312494605055	0.0	0.0	-1.02142299431	0.0	0.0	0.0	0.0	0.0	0.0	0.0	0.0	0.0	0.0	0.0	0.0	0.728002381394	0.0
unog117	0.0	0.0	0.891358486604	0.0	-0.131083060457	0.0	-0.967365227335	-1.13825990557	-0.475802479049	0.0	0.0	0.0	0.0	0.0	0.911157753598	0.0	0.0	0.0	0.0	0.0
unog118	0.0	1.45214924583	0.0	0.0	0.575619243822	0.0	0.0	0.0	0.0	0.0	0.0	0.0	0.0	0.0	0.0	0.0	0.0	0.0	0.0	0.0
unog119	0.0	-0.235185385092	0.0	0.0	0.0	0.288133075535	0.0	0.0	0.0	0.0	0.0	-0.575572160988	0.0	0.0	0.0	-1.97650447089	0.0	0.0	0.0	0.0
unog120	0.0	0.0	0.0	0.0	0.0	-0.191765856976	0.0	-0.0508354947063	0.21705280945	-0.457089667881	0.0	0.0	0.0	-1.8423425642	0.0	0.0	0.0	-0.402629959879	0.0	0.0
unog121	0.0	0.0	0.0	0.403631027303	0.0	0.0	0.0	0.0	0.0	0.0	-0.528305802606	0.0	0.0	0.0	0.0	0.0	0.0	1.26221288179	2.67874702759	-0.0169307008318
unog122	-0.130512023222	0.0	0.0	0.0	0.0	0.0	0.0	-0.123314752385	-0.678684021096	0.0	0.0	0.0	0.0	0.295939854806	-1.91231331149	0.957886473328	0.0	0.0	0.327710101006	0.0
unog123	0.0	-0.51182463806	0.0	0.0	1.87405950465	0.541655395199	0.0	0.0	0.0	0.0	1.35731418269	-1.65392734713	0.0	0.0	0.0	0.0	0.0	0.0	0.0	0.0
unog124	0.0	0.0	0.0	0.0	0.863952247181	-0.209068280877	0.0	0.0	0.0	-1.01901680967	0.0	-0.111629531457	-1.05184662665	0.0	0.0	0.0	0.328116935197	0.0	0.0	1.27078918583
unog125	0.0	0.0	0.0	0.0	0.0	0.0	0.263721429051	0.0	0.0	0.0	0.0	0.0	0.0	0.0	0.0	0.0	0.0	0.0	0.0	0.0
unog126	1.05494517551	0.0	0.0	0.0	0.0	0.0	0.0	0.0	0.891841733792	0.0	-0.155110091242	-1.51488196563	0.0	0.0	0.0	0.0	0.0	0.0	0.305373853429	0.0
unog127	0.0	0.0	0.0	0.0	-0.304522634936	0.0	0.80620551448	-0.431857759031	-1.46345358392	0.0	0.0	0.0	-0.105705430638	-1.42989624416	0.0	0.0	0.0	-0.0919848118237	0.0	0.0
unog128	0.0	0.0	0.0	-0.885390748891	0.0	0.0	0.0	0.0	-0.896076153262	0.134871720556	0.0	0.0	-0.398392179024	0.0	0.0	0.0	0.18801259578	0.0	0.0	0.0
unog129	0.226027409489	-0.105311440036	0.0	0.0	0.0	0.0	0.0	0.0	0.0	0.0	0.0	0.0	0.0	2.13006386429	0.0	0.0	0.0	0.0	0.0	0.883517321813
unog130	-0.158781884573	0.0	0.0	0.0	0.0	0.0	0.0	0.0	0.0	-0.406241234605	0.0	-0.997045551181	-0.052678284425	0.0	-0.225180311564	0.0	0.0	0.0	-1.10452541679	0.0
unog131	0.0	0.0	0.0	0.0	0.0	0.0	0.0	0.0	0.0	0.0	0.0	0.0	0.0	0.0	0.0	0.0	0.0	0.0	0.0	0.0
unog132	0.0	0.0	0.0	-0.121172205045	-0.614778688906	0.0	0.0	0.0	2.47568594042	0.138670032208	0.0	0.0	0.0	0.0	0.0	0.0	0.0	0.0	1.43978510695	0.0
unog133	-0.0233291432029	0.0	0.0	0.0	0.0	0.795403366617	-0.785437443118	0.0	0.0	0.0	0.0	0.0	0.0	0.0	0.0	0.0	0.0	0.0	0.665811215211	0.0
unog134	0.0	0.0	0.0	0.0	0.0	0.0	0.0	1.70874762196	0.0	-0.423055282653	0.0	0.0	0.0	-0.054062725036	0.634028045345	0.0	0.0	0.0	0.0	0.0
unog135	0.0	0.0	0.0	-0.549079138079	0.0	-0.400652285516	0.0	0.674407824148	0.0	0.0	0.0	0.885702010596	0.0	0.0	0.0	0.0	0.0	0.0	0.0	-0.783042261523
unog136	0.971578401696	0.0	0.0	-0.391434782604	0.0	0.0	0.0	0.0	1.00895037102	0.0	0.0	-1.75167863063	0.0	0.0	0.0	0.0	0.0	0.0	0.0	0.0
unog137	2.67220566009	0.985619144934	0.0	0.0	0.0	0.0	0.0	0.0	0.0	0.0	0.0	0.0	0.0	0.0	-0.459225443709	0.0	0.0	-0.479855840578	-0.187627313454	0.0
unog138	-2.00518802507	0.0	0.0	-0.386420488881	0.374372883568	0.0	-0.935964759262	0.0	-0.610720573767	0.0	0.0	0.0	0.0	0.0	0.0	0.0	0.0	0.0	-0.690038580637	0.0
unog139	-0.0368526082049	0.0	-1.16378209004	0.0	0.0992298074092	0.0	0.0	0.0	0.0	0.0	0.0	0.0	0.0	-0.054386970868	0.0	0.0	0.0344562797851	0.245074418499	0.0	0.0
unog140	0.0	0.0	0.0	0.0	0.0	0.0	-0.485830407289	0.0	0.0	1.32952342259	0.0	0.0	0.0	0.0	0.0	0.0	0.0	0.0	-0.764018291286	1.54161371128
unog141	0.0	-1.24335759125	0.0	0.0	0.0	-0.547120498961	1.63948288543	0.0	0.0	0.0	0.0	0.0	0.0	0.0	0.0	0.0	1.02748467426	0.0	-1.90554092638	-0.0295943781522
unog142	0.0	0.0	0.0	-0.0744326643747	0.0	0.0	0.0	0.0	0.0	0.0	0.0	0.7100560279	-0.035799157053	0.0	0.0	0.0	0.0	0.0	0.0	0.0
unog143	0.0	0.0	0.80335384281	0.0	-0.408025526724	0.0	0.0	-0.689010454888	1.64440155296	-1.22742391366	0.0	0.0	0.0	0.0	0.0	0.0	0.0	0.0	0.589865706873	0.0
unog144	0.0	0.0	0.0	0.0	-2.96924560441	-0.121495373489	0.0	0.0	0.0	0.0	-0.349475979072	0.0	0.0	0.0	-0.16022688928	0.0	0.0	0.0	0.0	0.0
unog145	0.0	-0.361951873465	0.0	0.73829752462	0.249053318223	0.0	0.0	0.905625970174	0.0	0.0	0.0	0.0	0.0	0.0	0.0	0.0	0.0	-0.851272270531	0.842396540677	0.0
unog146	0.0	0.0	0.0	0.0	0.0	0.0	-0.606020808606	0.0	0.0	0.0	0.0	0.0	0.0	0.0	0.0	0.0	0.0	0.0	0.0	0.0
unog147	0.963795515306	0.0	0.0	-0.423284932623	0.0	0.616468892957	0.0	0.0	0.0	-0.13022979574	0.0	0.0	0.0	0.0	0.390749822932	-0.600980340661	-0.834923919891	0.0	0.0	0.0
unog148	0.0	0.0	0.0	0.0	0.0	0.0	0.0	0.0	0.0	0.0	0.0	0.0	0.0	0.0	0.0	0.0	0.0	1.34463856848	0.0	1.06922067072
unog149	0.0	0.0	0.0	0.0	0.0	0.0	0.0	0.673654890585	1.19516613015	0.0	0.0	0.0	0.0	-1.93616701586	0.0	0.0	0.0	0.0	-1.76225239633	0.0
unog150	0.0	0.0	-1.16645235826	-1.03549313962	0.0	0.0	0.0	0.0	0.0	0.0	0.0	0.0	0.0	0.0	0.0	0.0	0.0	0.0	0.0	0.0
unog151	0.0	0.0	-0.583791209515	0.537991796818	0.0	0.438417114829	-3.04252336117	0.0	0.0	0.0	0.0	0.0	0.0	0.0	0.0	0.0	0.419039929506	0.881227002476	0.0	0.81297518039
unog152	0.0	0.0	0.0	0.466729555335	-0.393049933345	0.0	0.0	1.40150050434	0.0	0.0	0.324858998847	0.0	0.0	0.0	0.0	0.918849411859	-0.932843841686	0.0	0.0	0.0
unog153	0.0	0.0	0.0	0.0	0.0	0.0	0.0	0.0	0.0515666532908	0.717992334375	-1.2239131586	0.0	0.0	0.0	0.0	0.560355445235	-0.230066657786	0.0	0.0	-2.03142833329
unog154	0.0	0.0	0.0	0.0	0.0	-0.351328749548	0.0	0.0	0.0	0.0	0.0	0.0	-1.13882565932	0.0	0.0	0.0	-1.9170326348	0.739518102825	-1.159987341	0.886424583932
unog155	0.0	0.0	0.0	0.0	0.0	0.0	0.0	1.17774214127	0.367838265433	0.0	0.0	0.0	0.0	-1.16644175428	0.353085586131	0.0	1.41286195603	0.0	0.0	0.0
unog156	0.580078540718	-1.00142286109	0.0	-0.800725422655	0.228747679634	0.0	0.0	0.0	0.0	0.0	0.0	0.0	0.0	-0.0719252230357	-0.810171412906	-1.16640153434	0.0	-0.287811576938	1.37158842238	0.0
unog157	0.0	0.0	-0.966471084538	0.0	0.0	0.0	0.0	0.0	1.69141674241	0.0	0.0	0.253802820122	0.354033367031	0.0	0.452142200512	0.0	0.0	-1.12909178808	0.727054291744	0.0
unog158	0.0	0.515440692452	0.0	-0.471135183523	0.0	0.0	0.0	0.0	0.0	0.0	0.0	0.0	0.0	-0.880054286721	0.0	0.512446376961	0.0	0.0	0.0	0.0
unog159	-0.950809800575	0.0	0.0	0.0	0.0	1.33621215369	0.0	-0.473782085206	0.0	-0.62023675388	0.0	0.739625983532	0.542297019212	0.214687612834	1.87335257678	-0.382037367192	0.75330382189	0.0	0.0	0.0
unog160	0.0	0.829516034434	0.0	1.03023313661	0.0	0.0	0.0	0.0	0.0	0.0	0.0	0.0	0.0	0.0	0.0	0.0	-1.17335869719	-2.57715840429	0.0	0.0
unog161	0.0	0.0	0.0	0.0	0.0	0.0	0.0	0.0	0.0	0.0	-0.425114747266	0.87859404239	0.0	0.0	0.0	0.0	0.0	-0.822463249849	0.0630154958177	0.0
unog162	0.795432947729	0.0	0.0	0.0	0.210040086043	1.41806698777	-0.575335548689	0.0	-0.245060453441	0.0	0.0	0.0	-1.55109342449	0.0	0.0	0.0	-0.906495945288	-1.50360100559	0.0	0.0
unog163	0.0	0.0	0.0	0.0	0.0	0.0	0.0	0.0	-0.0614485253205	0.0	0.0	0.593950742138	-0.243601000724	0.0	1.12495635881	0.0	0.296718839823	-0.391239342775	-0.233217250104	0.0
unog164	0.0	0.495510692562	0.341816190109	0.0	0.0	0.0	0.0	-1.27611431809	0.0	0.0	-1.76116516204	-0.591301074188	0.696850428717	0.0	-0.544731775987	1.47797945879	0.0	-2.14021222219	0.0	0.0
unog165	-0.758857844167	0.0	0.0	0.0	2.04808932767	0.0	-0.664306279528	0.0	0.0	0.914130188472	0.0	0.0	0.618236956168	0.0	0.0	0.0	0.708804271526	0.0	0.869465690456	0.989450297395
unog166	0.0	0.0	0.0	0.853918328442	0.0	0.0	0.0	0.0	0.0	0.0	0.0	1.36655746381	0.0	0.0	0.0	0.0	0.0	0.0	0.0	0.0
unog167	0.0	0.0	0.0	0.0	-0.501255847451	0.0	0.0	0.0	0.0	0.0	0.0	0.0	0.0	0.0	0.0	0.0	0.0	0.0	0.0	0.0
unog168	0.0	0.0	0.0	0.0	-1.23506960227	0.0	0.0	0.0	0.0	0.0	0.0	0.0	0.0	0.0	0.0	0.685826996563	0.0	0.0	0.0	0.330715922443
unog169	0.0	0.0	0.0	0.0	0.0	0.0	0.831015931101	0.0	0.0	0.0	1.37967572293	0.0	-1.08923863202	-0.698236186182	0.0	0.0	-0.960718554218	0.0	0.0	-0.173459817307
unog170	0.0	0.0	0.0	0.0	0.0	0.0	0.725312198964	0.0	0.0	0.0	0.0	0.0	0.0	0.0	0.0	0.0	0.0	0.0	0.0	0.0
unog171	0.0	0.0	0.674810749363	0.0	0.0	0.0	0.0542106774295	0.0	0.0	0.0	-0.318672059	0.0	0.0	0.0	0.0	1.90490157294	-1.44624955415	0.0	0.0	-0.0928501927276
unog172	1.1765647482	0.0	0.0	2.54262075002	0.0	1.88837116102	0.0	0.0	0.0	0.0	0.0	0.0	0.0	-1.18807104448	0.0	0.0	0.158235821352	0.0	0.0	0.0
unog173	0.0	0.0	0.0	0.0	0.0	2.33348281514	0.0	0.0	0.0228643084031	0.0	0.0	0.0	0.0	-1.40282734949	1.03321975646	0.0	0.0	0.0	0.348941821756	0.0
unog174	0.0	0.0	-0.217104531963	0.0	1.17677237219	0.0	-1.59257153946	0.0	0.0	0.0	-1.758935313	0.0	0.0	0.0	0.0	-2.30204390801	1.75991211016	0.0	0.0	0.0
unog175	0.0	0.0	0.0	0.0	0.0	0.0	0.406813378445	0.335285385862	0.781486150674	0.0	0.571778871251	0.0	0.0	-0.461571750505	0.0	0.0	-1.05231577047	0.0	0.0	0.0
unog176	-0.332031577468	0.397708427664	0.0	-0.967822881239	1.08057345959	0.0	0.0	0.0	0.0	0.0	0.0	0.0	0.0	0.0	0.0	0.0	0.0	0.0	0.0	0.0
unog177	0.0	0.0	0.0	0.0	-1.20596551041	0.0	0.0	0.0	0.0	0.0560288741319	0.0	0.0	0.0	0.0	0.0	0.0	-0.197133357374	0.0	-0.554422300609	0.0
unog178	0.0	0.0	0.0	0.0	-1.61693329272	0.0	0.0	0.0	0.0	-1.44950493605	0.0	0.0	0.787633901746	0.0	0.0	0.0	0.0	0.0	0.0	0.0
unog179	0.0	0.61574330122	-0.0560353303227	0.0	0.0	0.0	0.0	0.0	0.0	0.0	0.0	0.0	0.0	0.0	0.0	0.0	0.0	0.0	0.0	0.0
unog180	0.0	0.0	-0.766817701789	0.0	0.0	0.0	1.00125742022	-0.532730161136	0.0	0.0	0.0	0.493186195322	0.0	-0.80441778043	1.46264067197	0.0	0.0	0.0	0.0	0.0
unog181	0.0	0.694455154015	0.0	-2.19681045347	0.0	0.0	0.0	0.0	0.0	0.0	0.0	2.40075239763	0.0	0.0	-1.49357862736	0.0	0.0	0.0	0.0	0.0
unog182	0.0	0.0	0.0	0.0	0.0	0.0	0.0418863458522	0.0	0.0	0.0	-1.17735915039	0.0	-1.28014428847	0.0	0.0	0.0	0.881294682812	0.0	0.0	0.0
unog183	0.0	0.0	0.0	0.0	-0.0945174753195	0.0	1.25958924225	0.0	0.0	0.0	-0.689695412654	0.0	-1.03390681168	-0.0457964776564	0.0	0.0	0.0	0.0	0.0	0.0
unog184	0.0	0.196639131915	0.0	0.0	-1.42756765193	0.0	0.0	0.0	0.0	0.263143254912	0.0	0.0	-0.400333518919	0.0	1.01382338802	0.0	0.0	-0.755784959007	0.0	0.0
unog185	0.0	0.0	0.0	0.0	0.0	-0.583702165896	-0.124504943162	0.0	0.0	0.6742904394	0.0	0.0	0.0	1.04392825291	0.0	0.0	0.0	0.0	0.0	-0.524742486737
unog186	0.0	0.0	0.486989159267	-0.011065913007	0.0	-2.05990014023	-0.0431929301989	0.0	0.0	-1.74188622904	-0.845872891884	0.0	0.0	0.0	0.0	-0.197244320796	0.0	0.936316060802	0.0	0.0
unog187	1.66184256798	2.80578654975	0.461084410979	0.0	0.0	0.0	-0.0746923655158	1.57867540855	0.0	0.0	0.0	0.0	0.0	0.0	0.0	0.0	0.0	1.20678738368	0.146008930202	0.469390341543
unog188	0.0	0.0	0.0	-1.13971454861	0.0	0.0	0.0	0.0	0.0	0.0	0.0	0.0	0.0	0.0	0.0	0.0	0.920268079698	-1.62131480153	0.0	0.0
unog189	-1.00500871906	0.0	0.0	0.0	-1.58332791159	0.0	0.0	0.0	0.0	0.0	0.0	0.0	-0.0485586496027	0.0	0.0	0.0	0.0	0.0	0.0	0.0
unog190	0.0	0.0	0.0	0.0	0.0	-1.05237023854	0.0	1.52613901262	0.0	0.0	0.278897679523	0.0	0.0	0.0	0.0	0.0	0.0	0.0	0.0	0.0
unog191	0.0	0.0	0.0	0.486843990675	0.0	0.0	0.0	0.82372389503	0.0	0.0	0.281502890129	0.0	0.0	0.0	0.0	0.0	0.0	0.0	0.0	0.0
unog192	-0.0746433982204	0.0	0.0	0.0	0.0	0.0	0.0	0.0	0.0	0.0	0.0	0.0	0.270780025189	0.0	0.0	0.0	0.00231899848865	0.0	0.0	0.0
unog193	0.0	0.0	0.0	0.0	0.106545694394	0.0	0.0	0.0	0.0	-0.787368312121	0.0	-1.35844601899	0.0	0.0	0.0	0.0	0.0	1.02662841201	-0.467535195927	0.0
unog194	0.0	0.0	0.0	0.0	-0.115885052678	0.0	-0.0380980389635	0.0	0.0	0.0276757555062	0.0	0.0	0.0	0.911219045112	0.0	0.873676559429	1.93921222056	0.0	0.0	0.0
unog195	-0.290322453865	0.0	0.0	0.0	0.0	0.0	-1.66612805842	0.0	-0.612734610606	0.0	0.0	0.0	0.0	-0.032356714408	0.0	0.306212858112	-1.78779871594	0.0	0.0	0.0
unog196	0.0	-0.616780364607	0.0	0.0	0.0	0.0	0.0	0.0	0.0	0.0	0.0	0.0	0.0	0.0	0.0	0.0	0.0	0.0	0.0	-1.60863337564
unog197	0.816534650851	0.0	0.0	0.0	0.0	0.0	0.0	0.0	0.0	0.0	0.0	0.0	-0.928279356103	0.0	0.0	0.0	0.0	0.0	0.0	0.0
unog198	0.0	0.0	0.0	0.0	-1.20371393955	0.0	-0.377329025927	0.0	0.0	0.0	-0.382030557646	0.0	0.0	0.0	0.0	-0.581158764656	0.0	0.0	0.603802627628	0.492079016361
unog199	0.0	0.0	0.0	0.956312019402	1.27967935948	0.0	0.0	0.0	0.0	0.0	0.0516899919621	1.25675504688	0.0	0.0	0.0	0.0	0.0	0.0	0.0	-1.44668290583