dost0	dost1	dost2	dost3	dost4	dost5	dost6	dost7	dost8	dost9	dost10	dost11	dost12	dost13	dost14	dost15	dost16	dost17	dost18	dost19
dost0	0.0	0.0	0.0	0.0	-1.22433946461	-0.581934647429	0.0	0.0	0.0	0.0	0.0	-0.32504307731	0.0	0.0	-0.423666193316	-0.631402605804	-2.46265841571	0.0	0.0	0.0
dost1	0.0	0.0	0.0	0.0	0.0	0.761781868109	0.0	0.0	0.0	0.0	0.0	0.0	-0.950175754926	0.0	0.051973367875	0.0	0.0	0.0	0.0	0.0
dost2	0.0	0.0	0.0	0.806812871349	0.0	-0.289169019347	0.803643391546	0.0	0.0	0.0	0.532017795085	1.01447008397	0.0	1.06747418681	0.0	0.0	0.0	0.0	0.0	0.0
dost3	-1.74908894261	0.0	0.0	1.10376572733	0.0	0.662181335882	0.0	0.0	-1.56054749686	0.0	-0.172357266006	0.960440759674	0.0	0.0	1.54481062109	-0.335321623589	-0.186699185857	0.446720361143	0.0	0.0
dost4	0.0	0.0	0.0	0.0	0.0	0.0	0.0	0.0	0.0	0.0	-0.893001517923	0.0	0.0	0.0	0.0	0.0	0.0	0.00911436627922	0.0	0.0
dost5	0.0	0.0	0.0	0.0	0.0	1.84602409347	0.0	0.0	0.0	0.0	0.0	0.0	0.0	0.0	-0.737787974325	0.0	0.0	0.0	0.0	0.0
dost6	0.0	0.0	0.0	0.0	0.0	0.0	0.0	-0.467334693588	0.0	0.0	0.432585039282	0.0	0.0	0.164492659557	0.0	0.0	0.0	0.0	0.910400590019	0.283508914984
dost7	0.0	0.0	0.0	0.0	0.0	0.0	0.0	-1.64183674167	-0.982865400821	0.0	0.0	0.0	-0.392902482955	0.0	0.0	0.0	0.0	-0.892233038487	0.0	0.0
dost8	1.23408098221	0.0	0.0	0.0	0.0	0.0	0.0	0.0	0.0	-0.454421463406	0.254994889356	0.0	-1.79008949728	0.0	0.0	0.616135571774	-2.98452859986	0.0	0.0	0.0
dost9	0.0	0.0	0.0	0.0	-0.108566894847	0.0	0.0	0.0	-0.73931991737	0.0	0.0	0.0	0.0	0.0	0.0	0.0	0.0	-0.0378845649394	0.286912555373	0.0
dost10	0.0	0.0	0.12840182892	0.0	2.18621520592	0.0	0.0	0.0413929848477	0.0	0.178065395594	0.0	0.0	0.0	-0.390327325887	0.0	0.0	0.0	0.0	0.0	0.0
dost11	-0.145593076323	0.0	0.0	0.0	0.0	0.203027301459	0.0	0.0	0.0	0.599479051181	0.0	0.250898065532	0.0	0.0	0.0	0.0	0.0	0.0	0.0	1.01659236297
dost12	0.0	0.071982269683	0.0	-0.187110202826	0.0	0.0	0.0	0.0	0.010568680048	0.0	0.0	0.0	0.0	0.0	0.0	0.0	0.0	0.0	0.0	0.0
dost13	0.0	0.0	0.0	0.0	0.0	0.0	0.602957518277	0.0	0.0178788150758	-0.693793562971	-0.173878769083	0.0	0.0	1.08801299045	-0.563777657559	0.0	1.65722163406	0.0	0.0	0.0
dost14	0.0	0.0	0.0	0.0	0.0	0.0	0.0	0.0	0.0	0.0	0.0	0.0	0.0	0.0	0.0	1.26494484142	0.0	0.0	-0.335455461142	0.341462082482
dost15	-1.31023687684	0.665999891363	-1.22243441438	0.0	0.0	0.0	0.0	0.0	-1.3420392392	0.0	0.0	0.0	0.0	0.0	0.0	-0.135027029625	0.0	-2.8360233343	0.0	0.0
dost16	0.0	0.0	0.0	0.233158324296	0.0	0.0	-0.821439709176	1.54557615422	-0.256712150341	0.0	0.0	0.0	0.0	-0.617366424344	0.0	0.0	0.589316382104	0.557513266823	0.0	-0.92207433757
dost17	0.0	0.0	0.0	0.0	0.0	0.0	0.0	0.694872264482	-0.00660909960904	0.0	0.0	0.766221195236	0.0	0.0	0.0	0.0	0.0	0.0	0.0	0.0
dost18	0.0	-1.29868963659	0.0	0.0	0.0	0.0	0.0	0.491185358587	0.0	0.0	0.0	-0.626605380699	0.0	0.0	0.0	-1.63609423562	1.79157494455	0.0	0.0	0.0
dost19	0.0	0.0	1.22350191051	-1.05879109739	0.0	0.0	-0.78606721881	0.0	0.0	0.653081989818	0.0	0.0	0.0	1.49645808126	0.0	0.0	0.0	1.92805043895	-1.12411246538	0.0
dosg0	0.0	0.0	0.0	-0.218823112625	0.0	0.0	0.0	0.0	0.0	0.0	0.0	0.0	0.0	0.0	0.0	0.0	0.390247583178	-0.28828955316	0.0	0.0
dosg1	0.0	0.0	-0.317180862644	0.0	-1.97335976077	0.0	-1.72448843538	-0.372229820474	-1.19516200019	0.0	0.0	0.0	0.0	0.0	1.4987653767	0.0	0.0	-0.24100405739	1.27629451644	0.0
dosg2	-2.79324168165	-0.201094294419	-0.00257895165211	0.0	0.0	1.69937736812	0.166733408279	-1.05944977132	0.122206448208	0.0	0.0	0.0	0.0	0.0	0.0	-2.63429554522	0.0	-1.58927854504	0.0	0.0
dosg3	0.0	0.0	0.0	0.0	0.0	0.0	1.03096223911	0.0	-0.0624710342917	0.0	0.0	0.0	0.0	0.0	-0.91492397653	0.0	0.0	0.0	0.0	0.0
dosg4	1.51542672441	0.0	0.0	0.0	0.0	0.692033878659	0.0	0.0	0.0	0.0	0.0	0.0	1.04152987164	0.0	0.0	0.0	0.0	0.0	0.0	0.0
dosg5	0.0	0.677966099924	0.0	0.0	0.0	0.0	-3.08429196313	0.0	0.0	0.0	0.986975507952	0.0	0.0	-0.467539058811	0.0	1.10925545239	0.0	0.0	0.0	-1.05463652011
dosg6	0.0	0.0	0.0	0.678410461075	0.0	0.0	0.0	0.0	0.0	1.14067247636	0.0	-0.563417916045	0.797160129432	0.0	0.915581305302	-0.704375870078	0.0	0.0	0.0	0.0
dosg7	0.0	-1.98552324428	0.0	0.0	1.4613643686	0.0901274945258	0.773537147755	0.0	0.0	0.0	0.0	0.0	0.0	0.0	0.0	0.0	-0.206989041138	0.0	0.0	-0.999881085855
dosg8	0.0	0.0	0.0	0.0	0.0	-1.24564614518	0.0	0.832442104291	0.0	0.0	-1.02426857492	1.52213114862	0.0	0.0	0.0	0.0395993829714	0.0	0.0	-1.65883349565	0.0
dosg9	0.0	0.0	0.0	0.0	0.0	0.0	0.0	0.0	0.0	0.0	0.234587322883	0.0	0.0	0.0	0.0	0.0	0.0	1.13056966802	0.0	0.0
dosg10	0.0	0.0	0.0	0.0	-2.04837741918	1.29576178665	0.0	0.0	0.0	0.0	0.0	0.0	0.0	0.336577922215	0.0	0.0	0.0	0.156026324792	-0.624767931913	0.0
dosg11	0.0	0.0	0.0	0.0	0.0	0.0	1.03082390158	-0.299749365974	-0.0398193789649	0.0	0.0	0.0	0.0	0.0	0.0	0.0	0.0	0.0	0.0	0.0947515809376
dosg12	-0.563051399814	0.0	0.0	0.0	0.0	0.0	0.303188321832	0.0	0.0	0.0	0.0	0.0	0.0	0.0	0.728376355871	0.0	0.0	0.0	0.149185198066	0.0
dosg13	0.0	0.0	0.0	0.0	0.0	0.0	0.0	0.0	0.0	0.0	0.0	0.0	0.0	0.0	1.22340498313	0.0	0.0	0.0	0.0	0.0
dosg14	0.0	0.0	0.0	0.500773925935	-0.463509245128	-0.617203983756	-1.56070756124	0.0	-0.358531288083	0.0	0.0	0.0	-0.726096222305	0.0	0.0	0.0	0.0	-0.020919461447	0.0	0.0
dosg15	0.0	-1.05981798619	0.0	0.0	0.0	0.0	0.0	0.0	-1.86145275075	0.0	0.0	0.0	0.0	0.0	0.0	0.0	0.0	0.0	0.0	0.636606924818
dosg16	0.0	1.6443665813	-0.235019182249	0.0	0.317246187232	0.0	0.0	-1.07063434415	0.333132794446	0.0	-0.203403660753	0.0	0.0	0.0	0.0	1.49932508184	0.0	1.21203099282	0.643105371347	0.0
dosg17	0.0	-0.394749605349	0.0	0.168825562321	0.0	0.0	0.0	0.0	-1.22513639512	0.747045592519	0.0	-0.510586544411	0.0	0.0	-0.0146513143532	0.0	0.0	0.0	0.0	0.0
dosg18	0.0	-0.664851682234	0.0	0.0	0.582478541663	0.310571851713	1.06532128314	0.743737669079	0.0	0.896748663229	0.0	0.0	0.0	0.0	0.0	-0.0182908177361	-0.277801700276	0.0	3.1937753953	0.0
dosg19	0.0	-1.19058956529	0.0	0.0	-1.84313010211	-0.838744543135	0.0	0.0	0.0	0.0	0.0	0.0	0.0	0.721178290907	0.0	0.0	0.0	1.45279213465	0.567610316774	0.282190485088
dosg20	1.18807353236	0.0	0.0	0.55299618687	1.26228898992	0.0	0.0	0.0	0.0	0.0	-0.00768244095894	0.0	0.0	0.0	0.0	0.0	0.0	0.0	0.0503153578105	0.0
dosg21	-0.624477275589	0.0	1.22888264955	0.244485128339	0.0	0.0	0.0	0.535633824956	0.0	0.0	0.0	0.146535418013	-0.73164441406	0.0	0.0	0.0	-0.732350778888	0.0	0.0	0.0
dosg22	0.0	0.0	0.0	0.113089182718	0.0	0.0	0.0	0.0	0.0	0.0	-1.16324399725	0.0	0.0	0.0	1.55338319927	0.0	0.0	0.0	0.0	1.01844467722
dosg23	0.0	0.0	0.0	-0.171371490052	0.404766735289	0.0	0.0	1.3994676067	0.0	0.0	0.0	0.0	0.0	0.0	0.0	0.0	0.0	0.0	1.17505769241	0.0
dosg24	0.0	0.0	-1.17761585735	0.0	0.0	0.0	0.660824707191	0.0	0.0	0.0	0.0	0.0	0.0	0.0	0.0	0.0	0.661656496639	0.0	0.0	0.0
dosg25	0.0	0.0	-0.0602412537496	0.0	0.0	0.225331866683	0.0	0.0	0.0	0.0	-0.394371509428	-0.582913983207	0.0	0.0	0.0	0.0	0.937341799564	0.0	1.94258079776	0.0
dosg26	0.0	0.0	0.0	0.0	0.0	0.0	0.0	0.0	0.0	-0.757086053251	-1.55541172067	-0.163931088878	0.0	0.0	0.687494440368	1.53842906889	0.0	0.0	1.55549174636	-1.67053411078
dosg27	0.0	0.0	0.0	0.0	0.0	0.0	0.0	0.0	0.0	-0.490391415493	0.831955966339	0.0	0.0	0.0	0.0	0.0	0.0	0.790675875394	0.0	-0.717951010011
dosg28	0.745500252476	1.55474936524	0.0	0.0	0.0	0.0	0.0	-1.07796843242	0.0	0.0	0.0	0.0	0.0	-0.563226638383	0.0	0.0458715312293	-0.27137770041	0.0	2.05096564356	0.0
dosg29	0.0	0.0	0.0	0.0	0.0	0.0	0.0	0.0	-0.550324381235	0.0	0.0	0.0	-0.293055664672	0.625606510947	0.0	0.0	0.0	1.39374504271	1.17804110294	0.0
dosg30	0.746432792338	0.0	-0.847095420132	0.658475949224	0.0	1.35910777544	0.0	0.0619113498793	0.0	0.0	0.0	0.0	0.0	0.0	0.0	0.0	0.384141221544	0.0	0.0	0.0
dosg31	0.0	0.0	0.0	0.0	-2.02966212429	0.0	0.0	0.0	0.0	0.0	0.0	-0.937141000576	0.0	-1.52242385143	0.0	0.801325567506	0.0	-1.0414604306	-0.0261388785172	-1.65165929825
dosg32	-1.00687888343	0.0	0.0888487202826	-0.0206720252931	0.0	-1.05168742526	0.0	0.0	0.0	0.0	-1.49198431212	-2.56404429948	0.0	0.0	-0.310763015582	0.612460091765	0.0	0.0	0.0	0.0
dosg33	0.0	0.0	-0.916829028737	0.0	0.0	0.0	0.0	0.0	-0.996110690346	-0.612597756031	0.0	0.0	2.3561710846	0.0	0.0	-0.764892993647	0.0	1.4332490468	0.0	-0.972444558726
dosg34	0.0	0.0	0.0	0.0	0.0	0.93090390412	0.0	0.0	0.0	0.656223317659	0.0	0.0	0.0	-0.484178189408	0.0	0.164398541948	2.74637865389	0.0	0.0	0.0
dosg35	-0.267212345123	-0.18746655073	0.0	0.0	0.0	0.0	-1.27701481427	0.0	-0.942430689742	0.0	0.0	0.932493154349	0.0	0.226020287155	0.526355878339	0.0	0.0	0.0	0.0	0.0
dosg36	0.0	0.0	0.0	0.0	0.0	0.0	0.149055990766	0.0	0.0	0.0	-1.32999747509	0.0	0.0	0.0847408190649	0.111074453719	-0.653401425364	1.2584547379	0.0	0.0	0.0
dosg37	0.0	0.0	-1.2856948941	0.111767012472	0.553093808355	0.0	0.0	0.0	0.0	0.0	0.0	0.0	0.0	0.0	0.670711406081	-1.29818882217	0.0	0.0	-0.00750142591262	0.0
dosg38	0.0	0.0	0.0	0.0	0.0	0.0	0.0	-0.346314110278	1.08841250029	0.0	0.0	0.0	0.0	0.0	0.0	0.0	-0.189984491632	0.0	0.0	0.0979599946361
dosg39	0.0	-0.581101564552	0.0	0.0	0.549094809723	0.0	-1.38479484641	0.0	-1.40749350878	-0.275765736812	0.0	0.0	0.194607407541	0.0	0.0	0.0	0.0	0.0	0.0	-0.580288088224
dosg40	0.0	0.0	0.0	0.0	0.0	-0.0558485690657	-0.334212001294	0.0	0.397813245969	0.0	0.0	0.0	0.0	0.0	0.929477012236	0.0	-0.849534730447	0.0	0.0	-1.26400774224
dosg41	-0.0166094526335	0.0	0.0	0.0	0.0	0.0	0.0	0.0	0.0	-1.56413798352	0.0	0.0	0.0	0.0	0.0	0.0	0.0	0.0	0.0	0.0
dosg42	0.0	0.0	-1.70116255332	0.0	0.618672042991	0.0	0.0	0.0	0.0	0.0	0.0	0.0	0.0	0.0	0.0	-1.66046976865	0.0	0.0	0.0	0.0
dosg43	0.0	0.0	1.8359621188	-0.474260418831	0.0	0.0	0.0	0.0	0.0	-2.02088494443	0.0	0.0	1.72528278427	0.0	0.0	-0.975050821652	0.0	-0.903037629103	0.0	0.0
dosg44	0.0	-1.93700087574	0.0	0.0	0.0	0.0	0.0	0.0	0.265151075778	0.0	-0.444990252925	0.0	0.0	0.0	0.0	0.0	0.0	1.04589718473	0.0	0.0
dosg45	0.0	0.0	0.0	0.0	0.0	0.0	0.0	0.0	0.0	0.0	0.0	-0.0578396921547	0.0	0.0	-0.80615910085	0.0	-0.035779001374	0.0	-1.25033316247	0.0
dosg46	1.20295887796	0.0	0.0	-0.223715933445	0.0	0.0	0.585746862522	0.0	0.237206613185	0.0	0.0	0.0	-1.28156732572	0.0	0.0	1.62600612642	0.0	0.0	-0.137744888762	0.0
dosg47	0.0	0.0	0.0	0.442369992108	0.0	1.19100548664	0.980147449163	-0.642581681323	0.950446031838	0.0	-0.0424658958328	0.0	0.0	-1.63509412904	-1.36744185374	0.0	0.0	0.0	0.0	0.0
dosg48	-0.734103218052	0.0	0.0	-0.292140694233	0.0	0.0	1.60922460493	0.0	-0.285341470226	0.0	0.0	0.0	0.0	0.0	0.0	0.0	0.0	0.0	0.0	0.486195074637
dosg49	0.0	0.0	0.0	0.0	0.0	0.0	0.0	0.0	0.0	0.0	-0.377636238775	1.8611905831	0.0	0.0	0.51294142082	0.0	-2.14290843464	0.0	0.465161099114	0.0
dosg50	-1.12127834519	0.0	0.0	0.0	0.0	0.0	0.0	0.0	0.0	0.0	0.271041148228	0.0	0.0	0.709136865119	0.0	0.0	0.0	0.0	-0.159758423154	0.0
dosg51	0.459916752857	0.0	0.0	0.0	0.0	-0.376392158199	0.0	-0.374532532244	0.0	-1.51418150347	0.0	0.0	0.0	0.0	0.0	-0.535872010122	0.0	0.658784360532	0.0	0.0
dosg52	0.0	-0.370661946037	1.94972788627	-0.228733182943	0.0	0.0	0.0	0.0	-0.0156167452567	-1.49154193922	-0.817920173537	0.0	0.0	0.149477431321	0.0	0.0	0.471655815882	0.0	0.0	0.0
dosg53	0.0	0.0	0.0	1.1826665367	0.0	0.0	0.0	-0.205666386277	0.0	-0.348913260103	0.359376564618	0.0	0.0	0.0	0.0	0.180607352886	0.0	0.0	0.0	0.0
dosg54	-1.47162054998	0.0	0.0	0.0	0.0	0.0	0.0	0.0	0.0	-1.82865653287	-0.355990613664	0.0	0.0	0.0	0.405885401828	0.0	0.0	0.0	0.0	0.0
dosg55	0.0472806484395	0.0	0.0	-0.358253644763	0.0	0.0	0.0	0.574759647678	0.0	0.483801791677	0.0	0.0	1.98183389965	0.0	0.0	0.508348990135	0.0	0.00343554530351	0.0	0.0
dosg56	0.0	0.0	-1.6869033009	1.75317342414	0.0	0.0	0.0	0.0	0.0	0.0	0.0	-0.360157802003	0.0	0.0	1.88274376243	0.0	0.0	0.0	0.0	0.0
dosg57	-0.873575697607	0.0	-0.00709171340467	0.0	0.0	0.0	0.0	0.0	0.0	-2.11852766898	0.0	0.0	-0.782898927457	0.0	0.0	0.754725201209	0.0	0.934101369244	0.0	0.0
dosg58	0.0	0.0	0.0	0.0	0.0	0.0	0.0	0.70959136553	0.0	0.0	0.0	0.0	0.0	0.0	0.0	0.0	0.0	0.0	0.0	0.0
dosg59	-0.678562679451	0.0	0.0	1.53679826485	0.311851474371	0.0	0.0	0.0	-0.52143952093	-0.782628795416	0.0	0.0	0.0	0.0	-1.55513472751	0.0	0.0	0.0	0.0	0.0
dosg60	0.0	0.0	0.0	-1.43639295019	0.0	0.0	0.0	0.0	2.80947063586	0.0	0.0	0.0	0.0	0.0	0.0	-0.680929827919	0.0	0.295626295245	-1.71293594148	0.0
dosg61	0.0	0.0	0.0	0.0	0.43931736669	0.0	0.0	0.0	0.0	0.0	0.0	0.0	0.0	0.0	0.0	1.0745509928	0.787005573385	0.0	-1.67384014076	0.0
dosg62	0.0	0.0	0.0	0.0	0.0	0.0	0.0	0.0	0.0	0.0	0.0	0.0	-0.117742220694	0.723944244193	0.0	-0.942690249789	0.380393599062	0.0	1.38169064496	0.0
dosg63	0.0	0.0	1.16375494952	0.0	0.0	0.0	0.0	0.0	0.0	2.1941258796	0.0	0.0	1.47137310371	0.0	-0.595284628424	0.0	0.0	1.28906598373	0.0	0.0
dosg64	0.0	0.0	0.809275030403	0.0	0.0	0.0	0.0	0.0	0.408240880805	0.756654173938	0.0	0.0	0.0	0.0	0.0	0.0	0.0	0.0	0.0	0.0
dosg65	0.185435676617	0.0	0.0	1.12811550297	0.0	0.0	0.0	0.0	0.0	-0.529880718749	0.0	0.0	0.0	0.0	-0.630347681395	0.0	0.0	-1.78654806983	0.0	0.0
dosg66	0.0	0.0	0.0	-0.127526318474	0.0	0.0	0.0	0.0	0.0	0.0	0.0	0.0	0.0	0.0	0.0	0.0	0.0	0.0	0.0	0.0
dosg67	0.0	0.0	0.647424365903	0.0	0.0	2.40129177536	0.0	0.0	0.0	0.00829208597805	0.0	0.0	0.0	0.0	0.0	0.0	-0.664740925946	0.0	0.620425990159	0.0
dosg68	0.0	0.0	0.0	0.0	0.0	0.0	-0.111797974752	0.0	0.0	0.0	0.0	0.0	0.0	0.0	0.0	0.0	0.0	0.0	0.0	0.0
dosg69	0.0	0.0	1.11304369296	0.917508000399	-0.852150933613	0.0	0.0	0.0	0.0	0.0	0.0	0.344981613325	0.0	-0.26598860838	0.0	-0.958521105089	0.0	0.207684146064	0.0478787299107	0.0
dosg70	0.0	0.0	-0.249583229854	0.0	-0.904098300679	-0.0998777946122	0.0	0.0	0.0	0.0	-1.91621000462	0.0	0.0	0.0	0.0	0.0	0.0	0.0	0.49093152939	-0.613772919567
dosg71	-0.479392248091	0.0	-0.974958857317	0.0	0.0	0.0	0.0	0.0777803752776	0.0	0.0	0.0	0.0	0.0	-0.77420182645	0.0	0.138927656135	0.891254378169	0.0	0.0	0.0
dosg72	0.401385449666	0.187677535376	-0.531832048352	0.0	0.0	-1.38899941863	0.0	0.692557194022	0.0	0.0	1.65595067966	0.0	0.0	0.0	0.0	0.0	1.34254865481	0.0	0.0	0.0
dosg73	0.0	0.0	0.0	0.0	-0.0159435452514	0.0	0.0	0.0	-1.84715371525	0.0	-0.47656254709	0.0	0.0	-0.814138792554	0.0	0.0	0.0	0.0	-0.790764474256	0.0
dosg74	1.17574902258	0.0	0.0	0.0	0.0	-1.64235151228	0.0	0.0	0.0	0.0	0.0	0.0	0.0	-2.29287218894	0.0	0.0	0.0	0.0	0.0	0.0
dosg75	-2.94991334686	-0.306348787743	0.0	0.0	0.0	0.0	-0.604706559929	0.0	0.0	0.0	-0.347730548889	0.0	0.0	0.0	0.0	0.0	0.0	0.0	0.0	0.0
dosg76	0.0	0.0	0.0	-0.839654621848	0.0	0.0	0.0	0.0	0.0	0.0	0.0	0.0	0.0	0.0	0.0	-0.0387944500775	0.0	0.113297274867	0.0	0.0
dosg77	0.0	0.0	0.0	0.0	0.0	0.0	-0.0315956356637	-2.87331844004	0.0	0.0	0.0	-0.294883357404	-1.21365940391	0.0	1.90036528366	0.0	0.0	0.0	0.0	0.0
dosg78	0.0	-0.056933900672	0.204561873722	0.0	0.0	0.0	0.0	0.0	0.0	1.52123569792	0.0	0.0	0.0	0.0	0.0	0.679943068684	-0.292194149931	0.746293158648	0.0	0.709804544293
dosg79	0.0	0.0	0.0	1.91950355865	0.188731974303	0.0	-0.500795407947	1.00994617015	0.0	0.0	0.0	0.0	0.0	0.0	0.0	0.0	0.0	0.506768737426	0.0	0.0
dosg80	0.0	0.0	0.0	0.0	0.0	0.0	-0.952810333572	0.0	0.0	0.0	0.0	0.0	0.0	0.0	0.0	0.0	0.0	0.0	-0.971344284469	0.0
dosg81	-0.210611797837	-0.778541313669	0.0	-0.72503416863	0.0	0.0	-0.139041623312	1.02244931823	0.0	0.0	0.0	0.0	0.0	0.0	0.0	0.0	0.0	0.0	0.0	1.79025794846
dosg82	0.0	0.0	0.0	0.0	0.0	0.0	0.0	0.0	-0.00390615597334	-1.33547668554	0.0	-0.814680849703	-0.626416328742	0.433884624329	0.0	0.0	0.0138978179141	0.0	0.0	0.0
dosg83	0.0	0.0	0.0	0.0	-0.329894577016	0.0	0.0	-1.93630429223	0.0	0.0	0.0	0.0	0.0	0.702089149313	0.0	-0.0587367344889	0.0	0.0	0.0	0.0
dosg84	0.0	0.0	1.70849244928	0.0	0.0	-1.00768276205	0.0	0.0	0.0	0.0	0.0	0.0	0.0	0.0	0.0	0.0	0.0	0.0	-0.370335565217	0.0
dosg85	0.0	-0.126773196848	0.0	-0.00296543614969	0.0	0.0	0.0	0.0	0.0	-1.39288948166	0.0	0.0	0.0	0.0948362979864	0.0	-0.343449769877	0.0	0.0	0.0	0.0
dosg86	0.0	-0.560220946867	0.0	0.0	0.0	0.0	0.344204965906	0.0	0.215254580767	0.0	0.0	0.772960761566	0.0	0.0	0.0	-0.230494409088	-0.714499726086	0.609115583502	0.0	0.0
dosg87	0.0	0.0	0.0	-0.334907808605	0.0	0.0	0.0	0.0	0.0	0.0	0.0	-0.220182183656	0.0	0.0	0.0	0.0	0.0	0.0	-0.165175515422	0.0
dosg88	0.0	0.0	0.0	0.0	0.0	0.0	0.0	-2.29366198979	0.0	0.0	0.0	-0.840434548999	0.0	0.0	0.0	1.62971485742	0.0	0.0	0.0	0.0
dosg89	0.634352377704	0.0	0.0	0.0	0.0	0.0	0.0	-0.302730934053	0.0	0.0	-0.643781249188	0.0	0.0	0.0	0.0	0.0	0.0	0.0	0.0	0.0
dosg90	0.0	0.0	0.0	0.0	0.0	0.0	-2.85867608422	-2.36119544628	1.52129213476	0.0	0.0	0.0	0.11267045554	0.0	0.0	0.0	0.0	0.0	0.0	0.135772642777
dosg91	0.0	0.0	-1.01032896105	0.0	-1.49289843489	0.0	-0.405379923262	0.0	0.0	-0.481774810307	0.0	0.0	1.57640982195	0.0	0.0	0.0	0.0	0.0	0.0	0.0
dosg92	0.0	0.0	0.0	0.437723934002	-0.239709912156	0.0	0.0	0.0	1.42793877398	-1.25541915367	0.0	0.0	0.0	0.0	0.0	0.0	0.0	0.0	0.0	0.0
dosg93	0.0	1.36028675846	0.666137636209	0.0	0.0	0.0	0.0	0.0	0.0	0.0	0.0	-0.247598919285	0.0	0.0	0.0	-0.413058851355	0.0	0.0	0.0	0.0
dosg94	0.0	-1.18628365268	-0.329503366145	0.0	0.0	0.0	0.0	0.0	0.0	0.0	-2.05390157624	0.0	0.0	0.0	0.0	0.0	0.0	0.0	0.0	0.194998452721
dosg95	0.0	0.0	0.0	0.115677032386	0.0	0.0	0.0	0.0593043556563	-1.08179525104	-1.00961009555	0.0	0.0	0.0	0.0	0.0	-0.333539614759	0.790132893357	0.0	0.101264710012	0.0
dosg96	0.787614846822	0.0	-0.012098839989	0.440175485913	0.0	0.0779908269146	0.0	0.0	0.0	0.0	0.0	0.0	0.0	0.0	0.0	0.0	0.0	0.0	-1.40225662561	0.0
dosg97	0.0	0.0	0.0	0.0	0.0	0.0	0.0	0.0	0.0	2.77953307182	0.0815761761753	-0.759787845398	0.0	0.0	0.0	0.798469814337	0.0	0.0	0.0	0.0
dosg98	1.09296000891	0.0	0.0	0.0	0.0	0.0	0.0	0.0	1.05334369325	0.0422767153263	0.0	1.0312228355	2.18176775013	0.0	-1.38969022965	0.0	0.0	-0.339121560645	0.0	0.0
dosg99	0.0	0.0	0.0	0.0	0.112090809809	0.0	-0.514129473347	0.0	0.0	0.0	0.79686462854	0.0	-1.1872283105	-0.49557818528	1.02759511227	0.0	0.0	0.0	-1.46975648154	0.624256739666
dosg100	0.0	0.0	1.02294153861	0.0	0.0	0.0	-0.772769047202	0.0	0.0	0.0	0.0	0.0	0.0	-0.122279405495	0.0	0.0	-0.187496229346	2.31657909876	0.138608819766	0.0
dosg101	0.0	0.0	0.0	0.0	0.0	0.0	0.0	0.0	0.0	0.0	0.0	0.0	0.0	-0.953596951628	0.0	0.0	0.0	0.0	0.0	0.0
dosg102	0.0	1.39588746283	0.0	0.0	0.0	0.0	0.0	0.0	0.0	0.0	0.0	0.0	0.0	1.04475700769	0.0	0.69492285596	-0.432027557854	0.0	-1.13609458499	0.0
dosg103	0.0	0.0	-1.09740140968	0.0	0.0	0.0	0.0	0.0	-0.247849803694	0.0	0.0	0.0	0.0	0.0	1.35941522932	0.0	0.0	0.0	0.0	0.105714585601
dosg104	0.0	0.0	0.0	0.0	0.0	0.0	0.0	0.0	1.18168271022	0.0	-1.24768106283	0.0	0.0	-2.04814691099	0.0	0.0	0.0	0.0	0.0	0.0
dosg105	0.0	-0.918508021777	0.0	0.0	0.633718953471	1.51123285308	0.0	0.0	0.0	0.0	-0.620980526854	0.0	0.669503773638	-0.868066692633	0.0	0.951241318641	-0.730495481175	-1.37376392438	-0.469072605733	0.864976155052
dosg106	0.0	0.0	0.0	0.0	0.0	-1.51780627175	0.613161800314	0.0	0.0	0.0	0.0	0.0	0.0	0.0	1.04787145096	0.0	0.0	0.985091359461	1.17515034854	0.0
dosg107	0.0	0.0	0.0	0.0	0.0	-0.0715036444558	0.354060263419	0.0	0.0	0.0	0.0	0.0	0.0	0.0	0.113432944435	1.95715796628	0.0	0.0	0.0	0.0
dosg108	0.734712530635	0.0	0.0	0.0	0.0	0.0	0.0	0.0	0.0	-0.00856443154458	0.0	1.44426829845	0.0	0.0	0.0	0.0	0.0	-1.45683512402	-0.659178908358	0.0
dosg109	0.0	0.101243344053	0.0	0.0	0.0	0.0	0.0	0.0	0.0	0.501615022641	0.0	-0.731105021605	0.0	0.756807659934	-0.0373133428997	0.0	0.0	-0.416164409997	0.0	0.579464507999
dosg110	0.0	0.0	-0.214356672436	0.0	0.0	-0.687622614138	0.0	0.0	0.0	0.0	0.0	0.0	0.0	0.483287993444	0.0	0.0	0.0	0.0	0.0	0.0
dosg111	0.0	0.0	0.0	0.0	0.0	0.0	0.0	0.0	-0.64519488042	0.0	0.0	0.0	0.0	0.0	0.51230768554	0.0	0.0	0.0	0.516005429269	0.0
dosg112	0.0	0.0	0.262920087929	0.0	-1.96011746336	0.0	0.0	0.318322103335	1.16629887876	0.0	0.0	0.0	-0.0629234778295	0.0	0.0	0.0	0.0	0.0	-0.648484532345	0.0
dosg113	0.360442895097	0.0	0.0	0.0	0.0	0.0	-0.155455519371	0.0	0.0	-1.25989040943	0.0	0.0	0.0	1.17037553242	0.0	-0.890285475291	0.0	0.0	0.0	0.0
dosg114	0.0	0.0	0.0	0.0	0.0	0.0	-0.142047233432	0.0	0.0	0.73043472925	0.0	0.0	0.696950755752	0.0	0.0	0.0	0.0	0.0	0.0	0.0
dosg115	0.0	0.0	0.0	0.0	0.0	0.0	0.0	0.0	-0.968973897628	-1.12395616815	0.0	0.0	0.0	0.0	0.0	0.0	0.0	0.0	-0.159633657747	0.0
dosg116	0.0	0.0	0.0	2.05635243895	0.0	0.0	0.0	0.0	0.0	-1.00246674195	0.0	0.0	0.0	0.0	-0.400385456891	0.0	0.0	0.0	0.0	0.0
dosg117	0.0	0.0	0.0	0.0	0.0	0.0	0.0	0.0	0.0	0.0	0.0	0.0	0.0	0.0	0.0	0.0	0.0	0.0	0.0	0.0
dosg118	0.0	0.0	0.0	0.0	0.0	0.531069629921	0.0	0.0	1.39911157562	0.0	0.0	0.0	0.0	0.0	0.0	0.0	0.0	-0.258365926991	-0.0505252541534	0.0
dosg119	0.657086500557	0.0	0.0	0.529181865955	0.0	-0.973323073245	0.0	0.0	0.0	-0.074085276211	0.0	-0.756486794168	0.0	0.0	0.0	0.0	0.0	0.0	1.72874885853	0.815928359088
dosg120	0.0	0.0	-1.8772756126	0.0	0.0	0.0	-0.311012756824	0.0	0.0	0.0	0.0	1.70164583711	0.0	1.08599573824	-0.0152054644939	0.0	0.309783456739	0.0	0.0	0.0
dosg121	0.0	0.0	0.0	0.0	0.0	0.0	0.0	-0.421697248023	0.0	0.0	0.0	1.13588714821	0.0	-0.851062704965	-0.0528251063828	0.0	0.0	0.0	0.0	0.0
dosg122	0.0	0.0	0.0	0.0	0.0	0.0	0.0	0.0	0.0	0.476411076891	0.0	0.92099636575	0.0	0.0	0.0	-0.237736606268	0.0	0.0	0.0	0.0
dosg123	0.0	0.0	0.0	-0.320031916009	0.0	0.0	0.0	0.0	0.0	0.0	0.0	0.0	0.0	0.0	0.0	0.0	0.0	0.0	0.0	0.0
dosg124	0.0	-0.151151723724	1.10232927522	0.0	0.0	0.0	0.0	0.0	-0.233397753641	0.602015624238	0.0	0.0	0.0	-0.743874809957	0.0	0.0	0.0	0.0	0.0508188951622	0.0
dosg125	0.0	-0.856221083796	0.0	0.0	0.0	0.0	0.0	0.0	0.0	0.0	0.0	0.0	0.0	0.0	-0.134461130237	0.0	0.0	0.0	0.0	0.612228681298
dosg126	0.0	0.0	0.0	0.0	0.0	1.54270924034	0.838467734975	0.57035340834	-1.25734321784	0.0	0.0	0.0	0.0	0.0	0.0	0.755253820824	0.952280633178	0.0	0.0	0.0
dosg127	0.0	0.0	0.0	0.0	-0.39636159446	0.0	0.0	0.0	-1.05963818655	0.0	0.0	-0.0292787268626	0.0	0.0	0.0	0.0	0.0	0.0	0.0	0.0
dosg128	-1.43938209374	0.371578953227	0.0	0.0249827630641	0.0	0.0	0.0	0.0	0.0	0.457997754489	0.0	0.0	0.0	0.0	0.0	-0.400035642021	0.172652064946	-0.135931035224	-0.784882946175	0.0
dosg129	0.0	-0.0739889290944	0.0697734277452	0.0	1.39160090039	0.968785936864	0.0	0.0	0.0	-0.750863584009	0.0	0.0	0.0	0.0	0.0	0.0	1.43753789209	0.0	0.0	0.0
dosg130	3.05140488907	0.407927898291	0.0	0.0	0.0	0.0	0.0	0.0	0.0	0.619912332112	-0.476111454841	0.0	0.0	0.0	-0.0898425607957	0.0	0.0	0.0	0.0	-0.335100150263
dosg131	0.0	0.0	0.0	0.0	-0.229406610994	0.0	-0.388440785769	-0.280345161529	0.0	0.0	0.704747752732	0.0	0.0	0.0	0.0	0.0	-0.00704465621192	0.0	0.0	0.0939769800795
dosg132	-1.00347789287	0.781237954635	0.0	0.0	1.0195664054	0.0	0.0	0.0	0.0	0.0	1.04983997419	0.0	0.0	0.0	0.0	0.468413900317	0.0	-0.54070645342	0.842627334737	0.0
dosg133	0.0	0.0	-0.510639688423	0.0	0.0	-0.238916972519	0.0	0.0	0.0	0.560069928249	0.0	0.0	0.512213535742	0.0	0.0	0.0	0.0	0.0	0.0	0.310757297644
dosg134	0.0	1.32924149564	0.0	0.0	0.0	0.0	0.0	0.0	0.0	0.0	0.0	1.69006266161	0.0	1.14489743679	0.0	0.0	-0.388630870669	0.0	-0.915508459067	0.0
dosg135	0.0	0.0	0.0	0.0	0.0	1.42027330522	0.0416085450671	0.0	0.00102923105075	0.0	0.0	0.0	-2.27384720898	0.0	0.0	1.35535614949	0.0	0.0	0.0	0.0
dosg136	-0.321845782322	0.0	-0.0752565571873	0.0	0.0	0.130692021015	0.0	-0.0684759317947	0.0	0.0	0.0	1.43349254472	0.0	0.0	0.0	0.0	0.0	0.0	0.0	-0.0209649128053
dosg137	0.159509409992	0.0	0.0	0.0	0.0	0.0	0.0	0.0	0.0	0.0	0.0	0.0	0.0	0.671733128062	0.0	0.0	0.0	1.21967780238	0.287324053261	0.0
dosg138	0.0	0.0	-0.572768245315	0.0	2.14708144826	1.15268491692	0.0	0.0	-0.645419930484	0.0	0.0	-0.851462428361	0.0	-0.225633066139	0.0	0.0	2.10296208068	0.0375317553633	0.0	0.0
dosg139	1.3758214499	-0.189704489366	0.0	0.0	0.0	0.0	0.0	0.0	0.0	0.519994759318	-0.733569987249	0.0	0.0	0.0	0.0	0.0	0.0	0.0	-0.142499655308	-2.10508772907
dosg140	0.0	0.0	0.0	0.0	-0.310544627311	0.0	0.0	0.0	0.0	0.0	0.0	0.0	0.0	0.0	0.979653930804	1.17955613213	0.0	0.0	0.0	0.0
dosg141	1.82739577366	1.91037902485	0.0	-0.290389092624	0.0	0.0	0.86354659047	0.0	0.0	1.03991480371	0.0	0.556006496606	1.60755590644	0.0	0.0	1.58095877007	0.0	-2.50319628424	0.0	0.0
dosg142	0.0	0.0	0.0	0.0	0.0	0.0	0.0	-0.264726275841	0.0	0.0	0.0	0.0	0.0	0.0	0.0	0.0	0.0	0.0	0.0	0.0
dosg143	0.0	0.0	0.0	0.0	0.0	0.0	0.0	0.56361785486	0.0	0.0	-0.641606781442	0.0	0.0	0.0869091365798	0.0	0.322917193829	0.0	0.0	0.0	0.0
dosg144	0.0	0.0	0.0	0.0	0.0	0.0	0.0	0.0	0.0	0.775100089172	0.0	0.0	-0.41627161496	0.305303028363	0.0	0.0	0.0	-0.851129223033	0.0	0.30548025859
dosg145	0.0	0.0	0.0	0.0	0.0	0.0	0.0	-0.243565306911	0.0	0.0	0.0	-0.343918702354	0.0	0.0	0.0	0.209110536699	0.0	-0.850604299656	0.0	-0.937876025079
dosg146	0.0595574006746	0.465433651487	0.0	0.0	0.0	0.0	0.0	0.0	-0.899288252116	0.0	0.0	0.0	0.0	0.0	0.0	0.0	-1.39829636581	0.0	0.097219524468	0.0
dosg147	0.0	0.0	-0.122020171233	0.0	0.0	1.34819289937	0.975275138507	0.0	0.0	0.0	0.0	0.0	0.0	0.0	0.0	0.0	0.0	0.0	0.672463741321	0.0
dosg148	0.0	0.0	0.0	-0.111115163277	-0.749358727283	0.0	0.0	0.0	0.0	0.0	0.0	0.0	0.0	-0.237378643844	0.0	0.0	1.3450256872	0.0	0.936353972407	0.0
dosg149	0.0	0.0	-0.00942112904129	0.0	0.0	0.0	0.0	0.0	1.23873450134	-0.55700253506	0.0	0.0	0.0	0.0	0.0	0.0	0.0	0.0	0.0	0.0
dosg150	-0.519756215583	0.0	0.0	-1.94036954081	-0.683639956324	1.28344093577	0.549748515042	0.0	0.0	0.0	0.1545925121	0.0	0.0	-1.3197464527	0.0	0.0	0.0	0.16129448024	0.0	0.0
dosg151	0.566243703095	0.0	0.0	0.0	0.0	0.0	-0.0763360744499	0.0	0.0	0.0	0.0	0.0	0.0	0.0	0.0	0.0	0.0	0.0	-0.864397461075	0.0
dosg152	0.0	0.0	0.0	0.0	0.0	2.83074514769	0.0	0.0	0.0	0.0	0.681098267143	0.0	0.119425984303	-1.24271305487	0.0	1.04225684294	0.0	0.0	0.0	0.0
dosg153	0.0	0.0	0.0	0.0	0.603766566022	0.612251881187	1.07150764016	0.0	0.0	0.0	0.0	0.0	0.0	0.0	0.0	-0.699618735597	0.790603259222	0.0	0.485304116879	0.0
dosg154	0.0	0.558902742977	0.0	0.457546058244	0.0	0.0	1.41736976555	0.0	0.0	0.0	0.0	0.0	0.0	0.0	0.0	0.0	0.456205129688	0.0	-1.20552307623	0.0
dosg155	-0.625208344776	0.0	0.0	-3.08750235282	0.0	0.0	0.0	0.0	0.0	-1.55485893773	0.968933304125	0.0	0.0	0.0	0.0	-0.0619959456881	0.0	0.0	0.0	0.0
dosg156	0.0	0.0	0.0	0.00902308321084	0.0	0.0	0.0	-0.216537357789	0.828125060537	0.0	0.0	0.0	0.0	-0.920474528724	-0.552038608494	0.0	0.0	-1.92321577289	0.0	0.0
dosg157	0.0	0.0	0.0	0.0	0.0	0.0	-1.33911775725	0.0	0.0	0.0	0.0	0.0	-0.321455382773	1.38519476487	0.0	0.0	-0.764092270076	0.0	0.0	0.0
dosg158	0.0	0.0	0.0	0.0	1.22973989624	0.0	0.0	0.0	0.0	0.0	0.0	0.0	0.0	0.0591356074069	0.0	0.0	0.0	0.0	-0.173313424488	0.690210580688
dosg159	0.0	0.773772454098	0.606137554109	0.0	0.0	0.0	0.0	-0.127040604728	1.0984284076	0.0	0.0	0.0	0.438256986719	0.0	0.0	0.0	0.0	-0.169597491942	0.0	0.0
dosg160	0.0	0.0	0.0	0.0	0.323814822374	0.0	0.951063414293	0.0	0.0	0.0	0.0	0.0	-0.057670890796	2.00119313503	0.195404720161	0.0	-0.334117995585	0.0	0.0	0.0
dosg161	0.0	0.0	-0.175298785813	0.0	0.0	0.0	0.0	0.0	0.0	0.0	0.0	0.0	0.0	0.0	0.0	-1.08225221264	0.0	0.0	0.0	1.02835282952
dosg162	0.0	0.0	-0.308090103685	0.0	0.046666850841	0.0	0.0	0.0	0.0	0.546684144684	-0.464967092515	0.0	0.0	-2.97249655741	0.0	0.0	0.0	0.0	0.0	0.0
dosg163	2.53367793323	0.0	0.0	0.648494305214	0.0	0.0	0.0	0.0	0.0	0.0	0.0	0.0	0.108565279948	0.0	0.0	-0.229217124725	0.0	0.0	0.0	0.0
dosg164	0.0	0.0	0.0	0.0	0.0	0.608569029124	0.0	0.0	0.0	0.0	0.0	0.879853510974	-0.236863938583	0.0	0.0	-0.181810777317	0.0	0.0	0.0	0.610640648392
dosg165	-1.19310057379	0.0	0.0	-0.255543233727	0.674096337267	0.0	0.0	-2.05440981037	0.284189090454	0.0	-0.829592646315	0.0	0.0	0.0	-0.639084069268	0.0	0.0	0.0	0.0	0.0
dosg166	0.757479964285	0.0	-1.3234925154	0.0	0.0	0.0	0.0	0.0	0.0	0.0	0.0	0.0	0.0	0.0	0.0	0.0	-0.00709003746902	0.0	0.0	0.0
dosg167	0.0	0.198984622767	0.0	-0.412342892865	0.0	0.0	0.0	0.0	0.0	0.0	0.273230150912	-0.712432647351	0.0	0.0756133691203	0.249078831717	0.0	0.0	0.0	0.0	0.0
dosg168	0.0	0.0	0.0	1.67187061401	0.0	0.0	1.02928477793	0.0	-1.45546298939	0.848738050389	0.0	0.0925316664215	0.813158109788	0.0	0.0	0.0	0.0	0.0	0.0	0.752989012473
dosg169	-0.602178786448	0.0	0.0	0.0	0.0	0.0	0.0	0.0	-0.0326318542039	0.0	0.0	0.0	-0.484428630763	0.0	0.0	0.0	0.0	0.60309076667	0.0	0.0
dosg170	0.0	0.0	0.0	0.0	-0.425875575144	0.0	0.0475155243893	0.0	0.0	0.242221053971	0.0	0.0	0.0	-0.285639453404	0.0	0.0	0.0	0.0	-0.667062714547	0.0
dosg171	0.380619394373	0.0	1.77795282465	0.0	0.296465578213	2.84969518256	0.0	-0.879880542795	0.0	0.0	0.0	0.0	0.0	0.0	0.180481609396	0.0	0.0	0.0	-0.284716176646	0.0
dosg172	0.0	0.0	0.0	0.0	0.0	0.0	0.607959488866	0.0	0.0	0.249210883448	-2.01402610426	-0.676465761255	-1.6745882799	0.685348678978	0.0	-0.166074106685	0.0	0.688869605837	0.0	0.0
dosg173	-0.581835768757	0.0	0.0	0.0	-0.9101094814	0.0	0.0	0.0708236603571	0.0	0.0	0.0	0.0	0.0	-0.229946963577	0.0	-0.575900483802	-0.811705150796	0.0	1.25871571201	0.0
dosg174	0.0	0.0	0.0	2.21877019094	0.0	0.0	0.0	-0.428070241551	0.0	0.0	0.0	0.0	0.0	0.0	0.0	0.0	0.0	0.0	0.0	1.04268737209
dosg175	0.0	0.0	0.0	0.0	-0.0610722047617	0.0	0.0	0.0	0.0	0.0	0.0	-0.877627454528	0.0	1.47521494875	0.0	0.0	0.0	0.0	0.0	-1.68168986402
dosg176	0.0	0.0	0.0	0.0	2.07276414605	0.0	0.0	-1.05380397154	0.0	-2.35017687788	0.0	0.0	0.0	0.0	0.0	0.0	0.0	0.0	0.0	0.0
dosg177	0.0	0.0	0.0	0.0	0.0	0.0	0.0	0.0	0.0	0.0	0.0	0.0	-0.400299274083	0.0	0.0	0.0	0.0	0.0	-1.27312981599	0.0
dosg178	0.775832088697	0.0	-1.25427500669	1.6764928425	0.0	0.0	0.0	0.0	0.532428894301	0.0	0.0	0.0	0.0	-1.27741886557	0.0	0.0	-1.48289126028	0.0	0.0	-0.89598172081
dosg179	0.0	0.0	0.0	0.0	0.595226739844	0.0	0.0	0.0	0.0	0.0	0.0	0.0	0.0	0.316626423881	0.0	0.0	-0.0715904639301	0.0	0.0	-0.849572928063
dosg180	0.369478191335	0.0	0.0	0.0	0.0	-0.866059411753	-1.02173796038	0.0	0.0	0.0	0.320923818475	0.0	0.0	0.0	0.0	0.0	0.575549529683	1.71382873232	0.0	0.0
dosg181	0.732999482971	0.0	0.0	0.0	0.0	-2.45782136232	0.0	-0.706046400882	0.0	0.0	0.0	0.0	-0.248098346365	0.0	0.0	-0.663057253487	0.0	0.0	-0.438192005242	-0.364283706594
dosg182	0.0	-0.277811467624	0.0	-1.02727367987	0.0	0.0	0.0	1.24111072583	0.0	0.0	0.0	0.0	0.0	0.0	1.99333151821	0.0	0.0	0.0	0.0	0.0
dosg183	0.0	0.0	0.343124880129	0.0	-1.3399109723	0.979167264885	0.0	0.0	-0.307045306555	0.0	0.0	0.0	0.0	0.0	0.0	0.479624188161	0.0	0.0	0.0	0.0
dosg184	-0.504132334028	0.305643483766	0.0	0.847495625221	-0.424691058818	0.0	0.0	0.0	0.0	2.12926623113	0.0	0.705108264067	0.0	0.410984243821	0.0	0.0	0.327921286845	0.777716372675	0.0	0.0
dosg185	0.0	0.0	0.0	0.0	0.0	0.0	0.0	0.0	0.0	1.29008943684	0.0	0.915705710068	0.0	0.0	0.0	0.0	-0.887176672617	0.0	0.0	0.0
dosg186	-1.3961506979	0.0	-3.25125022579	0.0	-1.09780044254	-0.660680803467	0.0	0.0	0.0	0.0	0.0	0.0	0.0	-0.138288130933	0.0	-0.110073866921	0.0	0.0	0.0	0.0
dosg187	0.0	0.0	0.56838959772	0.0	0.0	0.563699608851	0.0	0.0	0.0	0.739064388796	0.0	0.0	0.115584774088	0.600683847006	1.11051621895	0.0	0.0	0.0	0.0	0.0
dosg188	0.0	0.0	0.0	0.656659682468	0.0	-0.428551164751	0.0	0.0	0.0	0.0	0.0	0.911351121974	0.0	-1.2479910949	0.0	-0.471296493256	0.0	0.0	0.0	0.0
dosg189	0.0	-0.804243104416	0.596552391325	0.0	0.0	0.0	0.0	0.0	0.0	0.0	0.0	0.0	0.0	0.0	-0.956997875773	0.0	-1.22255482701	0.463765585581	0.0	0.0
dosg190	0.0	0.976292191118	0.0	0.0	0.0	0.0647040584934	0.0	0.0	-0.756396474095	-0.613208746158	0.0	0.0	-1.15013507104	-0.399034106465	-1.71706396993	0.675782364269	0.0	0.0	-1.21971313416	0.0
dosg191	0.0	0.0	0.0	0.0	0.0	0.0	-0.053429832968	1.85022410166	-0.796489739899	0.0	2.20107185651	-0.62291396485	0.0	0.0	0.0	0.0	0.0	0.0	0.0	0.0
dosg192	0.0	0.0	0.0	0.0	0.0	0.0	0.0	0.0	0.0	1.43410599047	0.0	0.0	-0.0654275424527	0.0	0.0	0.791366906618	0.0	0.0	0.0	0.38695230572
dosg193	0.0	0.0	0.0	0.0	0.0	-0.850017596888	1.28112879641	-1.67189768875	0.0	0.0	0.0	0.0	0.0	0.0	0.0	0.0	0.0	0.0	0.0	0.0
dosg194	0.0	-0.204732672795	0.0	0.0	0.0	0.0	0.0	-0.302336496232	0.0	0.0	0.0	0.0	0.0	0.0	-0.732689782748	-0.475020634276	0.0	0.0	0.0	0.0
dosg195	0.0	0.0	-0.829691972005	0.0	-0.469769722088	0.0	0.0	0.0	0.0	2.11622037029	0.0	0.630689151756	0.0	-1.71702576386	0.0	0.0	0.0	0.0	0.0	0.0
dosg196	0.0	0.0	0.0	-0.146968307038	0.0	0.0	0.0	0.0	0.0	1.14237825286	0.0	0.0	0.0	0.0	0.0	0.0	0.0	0.0	-1.25400306682	0.0
dosg197	0.0	0.0	0.0	-0.683680152543	0.0	0.0	0.0	0.0	0.0	0.487786866132	0.0	0.0	0.0	0.0	0.0	0.0	0.0	-0.808264124729	1.4262338542	0.0
dosg198	0.799096460198	0.0	-1.03820746822	0.0	-0.509363822876	0.0	0.0	0.0	-0.243097338561	-0.676749545121	0.0	0.0	0.0	0.0	1.79398455237	0.0	0.0	1.84886216385	0.0	0.0580388880827
dosg199	0.0	0.0	0.0	0.355220482699	0.0	0.0	0.0	0.0	0.0	-0.848780322847	-0.181279570357	0.0	0.0	0.00254637732416	0.0	0.0	0.0	0.0	0.0	0.793524246264