0	200	1.000000
1	201	1.000000
2	202	1.000000
3	203	1.000000
4	204	1.000000
5	205	1.000000
6	206	1.000000
7	207	1.000000
8	208	1.000000
9	209	1.000000
10	210	1.000000
11	211	1.000000
12	212	1.000000
13	213	1.000000
14	214	1.000000
15	215	1.000000
16	216	1.000000
17	217	1.000000
18	218	1.000000
19	219	1.000000
20	220	1.000000
21	221	1.000000
22	222	1.000000
23	223	1.000000
24	224	1.000000
25	225	1.000000
26	226	1.000000
27	227	1.000000
28	228	1.000000
29	229	1.000000
30	230	1.000000
31	231	1.000000
32	232	1.000000
33	233	1.000000
34	234	1.000000
35	235	1.000000
36	236	1.000000
37	237	1.000000
38	238	1.000000
39	239	1.000000
40	240	1.000000
41	241	1.000000
42	242	1.000000
43	243	1.000000
44	244	1.000000
45	245	1.000000
46	246	1.000000
47	247	1.000000
48	248	1.000000
49	249	1.000000
50	250	1.000000
51	251	1.000000
52	252	1.000000
53	253	1.000000
54	254	1.000000
55	255	1.000000
56	256	1.000000
57	257	1.000000
58	258	1.000000
59	259	1.000000
60	260	1.000000
61	261	1.000000
62	262	1.000000
63	263	1.000000
64	264	1.000000
65	265	1.000000
66	266	1.000000
67	267	1.000000
68	268	1.000000
69	269	1.000000
70	270	1.000000
71	271	1.000000
72	272	1.000000
73	273	1.000000
74	274	1.000000
75	275	1.000000
76	276	1.000000
77	277	1.000000
78	278	1.000000
79	279	1.000000
80	280	1.000000
81	281	1.000000
82	282	1.000000
83	283	1.000000
84	284	1.000000
85	285	1.000000
86	286	1.000000
87	287	1.000000
88	288	1.000000
89	289	1.000000
90	290	1.000000
91	291	1.000000
92	292	1.000000
93	293	1.000000
94	294	1.000000
95	295	1.000000
96	296	1.000000
97	297	1.000000
98	298	1.000000
99	299	1.000000
100	300	1.000000
101	301	1.000000
102	302	1.000000
103	303	1.000000
104	304	1.000000
105	305	1.000000
106	306	1.000000
107	307	1.000000
108	308	1.000000
109	309	1.000000
110	310	1.000000
111	311	1.000000
112	312	1.000000
113	313	1.000000
114	314	1.000000
115	315	1.000000
116	316	1.000000
117	317	1.000000
118	318	1.000000
119	319	1.000000
120	320	1.000000
121	321	1.000000
122	322	1.000000
123	323	1.000000
124	324	1.000000
125	325	1.000000
126	326	1.000000
127	327	1.000000
128	328	1.000000
129	329	1.000000
130	330	1.000000
131	331	1.000000
132	332	1.000000
133	333	1.000000
134	334	1.000000
135	335	1.000000
136	336	1.000000
137	337	1.000000
138	338	1.000000
139	339	1.000000
140	340	1.000000
141	341	1.000000
142	342	1.000000
143	343	1.000000
144	344	1.000000
145	345	1.000000
146	346	1.000000
147	347	1.000000
148	348	1.000000
149	349	1.000000
150	350	1.000000
151	351	1.000000
152	352	1.000000
153	353	1.000000
154	354	1.000000
155	355	1.000000
156	356	1.000000
157	357	1.000000
158	358	1.000000
159	359	1.000000
160	360	1.000000
161	361	1.000000
162	362	1.000000
163	363	1.000000
164	364	1.000000
165	365	1.000000
166	366	1.000000
167	367	1.000000
168	368	1.000000
169	369	1.000000
170	370	1.000000
171	371	1.000000
172	372	1.000000
173	373	1.000000
174	374	1.000000
175	375	1.000000
176	376	1.000000
177	377	1.000000
178	378	1.000000
179	379	1.000000
180	380	1.000000
181	381	1.000000
182	382	1.000000
183	383	1.000000
184	384	1.000000
185	385	1.000000
186	386	1.000000
187	387	1.000000
188	388	1.000000
189	389	1.000000
190	390	1.000000
191	391	1.000000
192	392	1.000000
193	393	1.000000
194	394	1.000000
195	395	1.000000
196	396	1.000000
197	397	1.000000
198	398	1.000000
199	399	1.000000
