unot0	unot1	unot2	unot3	unot4	unot5	unot6	unot7	unot8	unot9	unot10	unot11	unot12	unot13	unot14	unot15	unot16	unot17	unot18	unot19
unot0	0.0	-0.871449537264	-0.356282851864	-0.569459846638	0.945738431906	0.0	-0.33550975948	0.0	0.0	0.349964535497	0.0	0.0	0.0	-1.80054999996	0.0	-0.468188035179	0.0	0.0	0.0	0.0
unot1	0.0	0.0	0.0	-0.161559145003	0.813536966251	0.0	0.0	0.0	0.0	-0.128588376118	0.0	0.0	1.42727919192	0.0	0.0	0.318210367812	0.0	0.0	0.0	0.0
unot2	-0.0185812305046	0.0	0.0	0.0	0.0	0.0	0.0	0.0	0.0	0.0	0.0	0.0	0.638959417927	0.998358559538	0.0	0.0	0.0	0.0	0.0	0.0
unot3	-1.02659751699	0.0	1.23012298895	0.232979707239	0.0	0.0	0.0	0.0	0.0	0.0	-0.624385259193	0.0	0.0	0.0	0.803449632757	-0.194754503797	0.0	0.0	-0.192473734715	0.709945207883
unot4	0.0	0.0	-0.515353710087	0.0	-0.311254535475	0.0	0.0	0.0	0.0	-0.504089220317	0.0	0.0	0.657688054046	0.0	-1.92381128772	0.0	0.749896741016	0.0	0.0	1.72033820382
unot5	0.0	-0.293063632829	0.0	0.0	0.732973767388	0.0	0.0	0.0	0.0	0.0	0.0	0.404752688986	0.0	0.0	0.0	-0.17414327167	0.625857851196	0.0	0.0	0.0
unot6	0.864494515894	0.0	-1.36854764848	0.0	0.0	0.0	0.0	0.0	0.0	0.0	-2.10901705914	0.0	0.0	0.0	0.0	0.0	0.0	0.0	-0.599029021309	0.0
unot7	0.0	0.0	-0.0731426240671	0.0	0.0	0.0	0.0	0.618154492021	-1.26599549147	-0.924672187305	0.0	-1.9289622988	0.0	0.0	-1.08575771875	0.0	0.0	0.480881562244	0.0	0.0
unot8	0.0	0.0	0.0	-1.47917239224	-1.15044745953	0.0	0.982556980385	0.0	0.0	0.0	-1.77045686772	0.0	0.0	0.0	0.0	0.303377836824	0.0	0.0	0.0	0.0
unot9	0.0	0.0	0.0	0.0	0.0	-1.85266714386	0.0	-1.04404240192	0.0	0.0	-2.21788795385	0.0	0.0	0.0	0.0	0.0	0.051931097682	0.0562554297084	0.0	-0.725855622442
unot10	0.0	1.37563127866	0.0	0.0	1.46756017928	0.0	0.0	-0.728592006055	0.0	0.0	0.0	0.0	0.0	0.614970300435	0.0	-0.554830050251	0.0	0.0	0.0	0.0
unot11	0.0	0.0	-1.54138773664	0.201354123428	0.0	0.788357039371	0.88838450681	0.0	-1.231002722	0.0	0.0107933086839	0.0	-0.865163742781	0.0	0.0	0.0	0.0	0.527071516883	-1.45530413357	0.0
unot12	0.0	0.0	-0.696511509393	0.0	0.0	0.0	-2.70271467395	0.0	0.0	0.691098879406	0.0	0.644067723062	0.0	0.0	0.0	-0.136994950918	0.0	0.490528853123	0.0	1.24302505099
unot13	0.0	0.0	0.0	-1.23593986435	0.0	0.0	0.0	-0.318726150216	0.0	1.82055694118	0.0	-0.86576524963	0.0	0.0	0.0	0.0	0.0	0.0	0.0	0.0
unot14	0.0	0.0	-0.284917284177	0.0	0.0	0.0	-0.895480172268	0.098223619494	-0.113217550132	0.0	0.0	-0.374025960765	0.675974461082	0.0	0.0	0.111180013654	0.0	0.582670902614	0.0	0.552923497843
unot15	1.37441705976	1.50746957285	1.27501125015	0.0	0.0	0.0	-0.00553723594944	0.0	0.0	0.0	0.0	-0.409451304012	0.0	0.0	-0.157071636065	0.0	0.0	0.0	0.0	0.0
unot16	0.0	0.0	0.42496087037	0.0	0.00937081195635	-0.520656843347	0.0	0.0	0.0	-0.914914742014	0.0	0.0	0.0	0.0	0.0	0.0	0.0	0.0	0.0	0.0
unot17	0.0	0.0	0.104725809523	0.0	0.0	-1.19816148946	0.0	0.0	0.0	-1.44793312793	0.0	0.0	0.0	0.0	0.0	0.0	-0.523420597501	0.0	0.0272638921956	0.0
unot18	0.0	0.0	0.0	1.19636831138	1.70126673439	0.0	0.0	0.0495208304404	1.40295696186	0.0	0.0	0.0	1.87323647696	0.0	0.0	0.0222705560945	0.0	0.0	1.41845185523	0.0
unot19	0.0	0.0	0.0	0.0	-0.152045730108	0.540492952327	0.0	0.0	0.0	0.0	0.0	0.0	0.0	0.0	0.0	0.0	0.0	0.0	0.0	0.0
unog0	0.0	0.0	0.0	0.0	0.0	0.0	0.104330775372	0.919610727555	0.67432839832	0.0	0.0	0.0	0.0	0.0	0.0	0.0	0.0	0.0	0.0	0.0
unog1	0.0	-0.771802845581	-0.379133805026	1.57031824575	0.0	0.0	0.0	0.0	-1.80096738932	1.29724605245	0.0	0.0	0.0	0.0	0.0	0.324042986019	0.0	0.0658043454671	-1.2132904668	0.0
unog2	1.55183550469	1.39328303982	0.0	0.0	0.285823066752	0.0	0.0	0.0	-0.931567801836	0.0	-1.23112510944	0.0	0.0	-0.161940536496	0.0	0.0	0.0	0.0	-0.981046900638	0.0
unog3	0.0	0.0	0.0	0.0	0.0	0.0	0.0	-0.133344281229	0.0	0.0	0.0	0.0	0.0	-1.00194989759	0.0	-1.19136123363	0.0	-0.758072824695	0.0	0.0
unog4	0.0	0.0	0.0	-0.548997787894	-0.465434219324	0.0	0.0	0.0	0.0	0.0	0.0	0.358360286248	0.0	0.10681984805	0.0	0.0	0.0	0.0	0.0	0.0
unog5	0.0	0.0	-1.21541767688	2.20253626642	0.0	1.20915493286	0.0	0.0	0.0	0.569883448102	0.0	0.0	0.0	-1.24481470353	0.0	0.694297180069	0.545976783441	0.799602265746	0.0	0.0
unog6	0.0	0.0	0.0	0.0	0.0	0.0	0.0	1.54358481397	0.0	0.727239710912	0.0	-0.19172556079	0.0	0.0	-0.736933878226	0.0	0.0	0.651364614202	0.0	0.0
unog7	0.0	0.0	0.439461680321	0.0	0.0	0.0	0.0	0.0	0.0	-0.135096737239	0.0	0.121296926079	0.251302882432	0.141173552523	0.0	0.0	0.0	0.0	0.0	0.0
unog8	0.0	0.0	-0.814683852358	0.0	0.0	0.0	0.0	0.0	-0.353751827151	0.0	0.0	-0.512542301693	0.0	0.0	0.0	0.0	0.387901686829	0.0	0.0	1.96103393793
unog9	0.12335196242	0.0	0.0	-0.0499651407829	0.0	0.29129768243	1.1815939498	0.0	0.0	0.0	0.0	0.0	0.0	0.0	-0.361789746703	0.0	0.0	0.0	0.0	0.0
unog10	0.0	0.0	0.0	0.0	0.0	1.31794769491	0.0	0.0	0.0	0.0	-0.492507203188	0.0	0.0	0.0	0.0	0.0	0.0	0.0	-0.374351032684	0.30871313101
unog11	0.733987446474	0.0	0.0	0.0	0.0	0.0	0.0	0.0	0.0	0.694501169181	0.0	0.0	0.0	-0.886758867809	0.0	-0.101573282326	0.0	0.0	0.0	0.0
unog12	0.938925537813	0.0	0.0	0.0	-0.636278983211	-1.23609126811	0.0	0.0	-0.571246435533	-0.757905775008	0.0	0.0	-0.406835152769	0.0	0.0	-1.13350091853	0.405636248506	0.0	0.0	0.0
unog13	0.0	0.0	0.0	-0.170461134057	0.0	2.02300184753	0.0	0.0	0.0	0.0	0.0	0.0	0.0	0.0	0.37034322177	0.0	0.0	0.0	0.0	0.542680868501
unog14	0.0	0.0	0.0	0.0	0.0	0.0	0.0	0.0	0.0	0.0	0.0	0.0	0.0	0.0	0.0	0.0	0.0	0.19313022389	-0.314429070661	0.0
unog15	0.0	0.0	0.0	0.0	0.0	0.0	-0.00650795427979	0.0	0.606889364314	0.0	0.0	0.0	0.0818735639784	0.0	0.0	0.0	0.423602061935	0.0	0.0	0.0
unog16	0.0	0.0	0.0	-2.05813497071	0.0	0.0	-0.452299537026	0.0	0.0	0.0	0.398324905955	0.0	0.896978315227	0.0	0.0	0.0	0.0	0.0	0.0	0.0
unog17	0.0	1.24016639907	0.0	0.0	0.0	0.0	0.0	0.0	-0.0717444047699	0.0	0.0	0.0	0.0	0.0	0.0	0.0	0.0	0.0	0.0	0.0
unog18	0.0	0.0	0.0	-0.0587973736219	0.0	0.0	0.0	0.0	0.0	0.0	0.0	0.853344387308	0.0	-1.39880638204	-0.351124884209	-0.175586720537	0.0	-1.42842178516	0.0	0.0
unog19	0.0	0.0	0.0	0.0	-2.14883189162	0.0	0.0	0.0	0.0	0.0	0.0	0.0	0.0	-0.369240311953	0.0	0.0	0.0	0.0	0.0	0.0
unog20	0.0	0.581034423531	0.0	0.0	0.0	0.0	0.0	-1.11968101167	0.0	0.0	0.0	0.274738513832	-0.631267981821	0.0	0.0	0.0	0.0	0.0	0.0	0.0
unog21	0.0	0.0	0.0	0.0	1.02649219161	0.0	0.0	0.0	0.0	0.0	0.0	-0.0388428430996	0.0	0.0	0.0	0.0	0.0	0.0	-1.1636436265	0.0
unog22	0.523907964976	0.0	0.0	0.0	0.0	0.0	-1.07864145954	0.0	0.0	0.0	0.0	0.0	0.711646792246	0.0	0.0	0.0	0.0	0.0	0.0	0.0
unog23	0.0	0.742353206268	0.0	0.0	0.0	0.0	-0.561109718917	0.0	0.0	-0.26401681054	0.0	0.0	-1.85817158362	0.0	0.0	-0.695475716071	0.0	0.0	0.0	0.0
unog24	0.0	0.0	0.0	-0.320030275295	0.0	0.0	0.199740010229	0.0	0.0	0.0	-0.444003724175	0.0	0.0	0.0	0.0	0.0	0.0	0.0	-1.33193666802	0.0
unog25	0.77699281747	0.0	0.0	0.0	0.0	-0.769671673639	2.14519802114	0.0	0.0	0.0	-0.342052652376	0.0	0.0	0.0	0.0	0.0	0.0	-0.00976015208455	0.0	0.0
unog26	0.0	0.0	-1.33741651828	1.9184584022	0.0	-0.744753388608	0.0	0.0	1.0918476857	-0.0216392229853	0.0	0.0	-1.44987582812	1.27571016273	0.169351837443	0.0	0.0	0.0	0.0	0.0
unog27	0.0	0.0	-0.697116635235	1.79129679597	0.0	0.0	0.0	0.0	0.260905580309	0.0	0.0	0.0	0.0	0.0	0.0	0.0	0.0	0.0	0.0	0.0
unog28	-0.594002036416	0.0	0.0	0.0	0.0	0.0	0.0	0.0	0.0	0.0	0.0	0.0	0.479966070282	-0.404171050169	0.0	0.0	0.0	0.0	0.0	2.48748127713
unog29	0.0	0.0	-0.536966771107	0.0	0.0	-0.624297219417	0.0	0.0	0.0	0.0	0.0	0.0	0.0	0.0	0.0	0.0	0.0	0.0	0.504364283426	0.0
unog30	0.0	-0.681650189623	0.0	0.0	0.717599145012	1.36284471788	0.0	0.0	-0.305443691425	2.20707301324	0.0	-0.872254834983	0.0	1.4752657585	0.0	0.469148612647	0.0	0.0	-0.306651509034	0.0
unog31	0.0	0.0	1.74436870182	0.0	0.0	0.0	0.0	0.0	-2.89846411744	0.0	0.0	-0.371845076396	0.0	-2.0624954719	0.0	1.8007252962	0.0	0.0	0.0	0.0
unog32	0.974466319603	0.0	0.0	0.0	0.0	0.0	0.0	0.0	0.0	0.0	0.0	0.0	0.0	-0.337355595621	0.0	-0.0169138740268	0.0	-0.272600385728	-0.255613722761	0.0
unog33	1.21149929586	0.0	0.0	0.0	0.0	-1.12460742837	0.0	0.0	0.0	0.0	0.0	0.0	-1.59125134181	1.0560085828	0.0	0.0	0.0	-0.158799821662	-1.0939167498	0.0
unog34	0.772439336421	0.781435255452	0.0	0.0	0.0	0.0	0.0	0.0	0.0	0.0	-1.12322360229	2.08281222785	0.0	0.0	0.0	0.0	0.0	0.0	0.0	0.0
unog35	0.0	-0.650747391183	0.0	0.0	0.0	0.0	0.0	0.795886941579	0.0	0.0	0.0	-0.751264557892	0.0	0.0	0.0	0.0	0.0	0.0	0.0	-0.662784137972
unog36	0.654476817975	0.0	0.0	-1.58082389144	0.0	0.0	0.0	0.0	-0.986401295766	0.0	0.0	-0.00194744060319	1.5865999724	0.0	0.0	0.0892892133195	0.0	0.0	0.0	0.0
unog37	0.0	0.469340634271	0.0	-0.227145271234	0.0	0.0	0.0	0.0	0.0	-2.37526056916	0.0	0.0	0.0	-0.58996060993	0.0	0.0	0.0	0.0	0.0	-1.88257206906
unog38	0.0	0.0	0.0	0.0	0.0	2.10481112612	0.0	0.0	0.0	0.0	0.140671456946	0.0	0.0	0.0	0.0	0.0	0.648420221755	-1.86461531996	-0.321721349446	0.0
unog39	0.37608225543	0.0	0.0	0.0	0.0	0.0	0.0	0.0	0.0	0.0	0.0	0.161848316754	0.00696768889144	0.0	0.0	0.0	-1.0393123988	0.0	-1.99162363353	0.0
unog40	0.0	0.0	0.0	-1.48667071372	0.0	0.0	0.0	0.0	0.0	0.0	0.0	0.0	0.0	0.0	0.0	0.0	0.0	0.0	0.0	0.0
unog41	0.134378934991	0.0	0.0	1.79832792347	1.13066865741	0.0	0.0	0.0	0.79397406795	0.0	0.0	0.0	0.0	0.0	1.88395541099	0.0	0.0	0.0	0.0	0.0
unog42	-0.369716974291	0.0	0.0	0.0	-0.766139569728	0.0	1.0163749713	0.0	0.0	-0.14264238075	0.0	0.0	0.0	0.0	0.0	0.0	0.0	-0.0579185676185	0.0	0.0
unog43	-0.349766031454	0.993150889648	0.0	0.0	0.0	0.0	0.600359327506	0.0	0.0	0.0	0.0	0.0	0.0	0.0	0.0	0.694757748214	0.0	0.0	0.0	-0.492087787904
unog44	0.0	-3.44111794133	0.0	0.0	0.0	0.0	0.0	0.0	0.566234858347	0.0	0.0	0.0	0.0	0.0	0.0	0.0	-2.37766182868	0.0	0.149285097327	0.0
unog45	0.0	0.012710522049	0.0	0.0	0.0	0.0	0.0	0.0	0.0	0.0	0.0	0.0	0.0	0.0	0.0	-0.887615554679	-0.401282790168	0.0	0.0	0.0
unog46	0.0	0.0	0.0	0.0	0.0	-1.50880264485	0.0	0.0	0.0	0.0	0.0	0.0	0.0815573749793	0.0	0.0	0.0	0.0	0.0	0.0	0.0
unog47	0.595982439185	0.0	0.0	0.0	0.0	0.0	0.155156294357	0.0	0.631215563253	-0.495026875009	0.0	0.0	0.0	-1.58637383711	2.14201308359	0.0	0.0	1.49454679586	0.0	0.0
unog48	0.0	0.0	0.0	0.0	-0.72696805052	0.0	0.0	0.0	0.0	0.0	-2.25940018861	1.04898559656	0.0	0.0	0.0	0.079244651911	-0.895150180108	0.0	0.0	0.0
unog49	-0.721406759788	0.0	-0.759543811251	0.0	0.0	-0.238464654011	0.0	0.0	0.0	0.0	0.0	1.33447363443	-1.6453741729	0.0	0.0	0.0	1.27966319973	0.0	0.774429124193	-1.5440654831
unog50	0.0	0.0	0.0	0.0	0.34640467971	0.0	0.0	0.0	2.04882577067	0.0	0.0429202626745	1.18824483021	0.0	-1.4279157615	0.0	0.0	-0.591227268785	0.0	0.0	0.0
unog51	0.0	0.0	0.0	0.0	0.0	0.0	0.0	0.0	-0.143681784527	0.0	0.0	0.0	0.0	-0.402130678109	0.0	0.0	0.0	0.0	0.0	2.03867477584
unog52	0.0	0.0	0.359945389312	0.0652373436572	-0.309167144787	0.630550150066	0.257834243659	0.0	0.0	0.0	1.4589942727	0.0	0.251556071622	0.239213707424	0.0	-2.58361930129	0.0	0.0	1.17090173786	0.0
unog53	0.0	0.189312679739	0.0	0.0	0.0	0.0	-0.77393622428	0.0	0.0	0.0	0.0	1.02640101478	0.0	0.0	0.10740355443	0.115921502037	0.0	0.0	0.0	0.0
unog54	0.0	0.0	0.0	-0.138114603236	0.0	0.0	0.0	0.0	0.0	0.0	0.0	0.0	0.0	0.0	0.0	0.0	0.0	0.0	0.0	0.0
unog55	-1.56423828092	0.0	0.0	0.0	1.96936795713	0.0	0.0	0.0	0.0	0.0	0.0	-1.30379072322	-1.50389991864	0.0	0.0	-0.313486296451	0.0	0.0	0.0	0.0
unog56	0.0	0.0	0.0	1.51384418487	0.0	0.0	0.0	0.0	0.0	0.0	0.0	0.0	0.0	0.0	-0.946885086084	0.0	-0.0991152142782	0.0	-0.400005794659	0.0
unog57	0.0	0.205786137338	-0.382098950276	0.0	0.0	0.0	0.0	-1.03932563526	0.0	-1.41223372156	0.234553695839	0.0	0.0	0.0	0.0	0.0	0.0	0.0	0.0	1.91462265983
unog58	0.0	0.0	0.0	0.0	0.0	-0.750972462904	0.0	0.0	0.0	0.0	-0.46509752513	-0.319478637575	0.0	0.0	-1.00706407921	0.0	0.0	0.0	0.0	0.0
unog59	0.0	0.0	0.0	0.0	0.886907142996	0.0	0.0	0.0	0.0	0.0	0.0	0.0	0.0	0.0	0.0	0.0	0.0	-0.486447325605	0.0231402337593	0.0
unog60	0.0	-1.35380972589	1.71915769541	0.0	0.0	0.0	-1.74567098289	0.0	0.0	0.0	0.0	0.0	-0.966710167402	0.0	0.0	0.0	0.0	0.0	0.0	0.0
unog61	0.0	0.0	0.0	1.34882212817	0.208985482038	0.293735479961	0.0	0.0	0.0	0.0	0.222430715786	0.0	0.0	0.0	0.0	0.0	0.0	0.0	0.0	0.0
unog62	0.0	0.0	0.0	0.0	0.0	0.0	0.0	0.0	0.0	0.0	0.0	0.0	0.0	-1.81404210158	0.0	0.0	0.0	0.0	0.0	0.0
unog63	0.0	0.0	0.265750258984	0.0	-0.270710314996	0.0	0.0215212339487	0.0	0.0	0.0	0.787012373002	0.0	0.0	0.0	0.642825957229	-0.098149476466	0.0	0.0	0.0	0.0
unog64	0.0	0.0	0.0	0.0	0.0	0.0	0.0	-0.374071576278	0.0	0.0	-0.468194569123	0.0	0.0	1.0141470068	0.0	0.0	0.0	-1.25296240667	0.0	0.0
unog65	1.46097496382	0.744590293235	1.4793352546	0.0	-0.243934720892	0.553871989671	0.0	-0.641994966702	-0.027956054744	0.0	0.0	0.0	0.0	0.200907912049	0.0	0.0	0.0	0.0	0.0	0.0
unog66	0.0	0.0	2.91759416767	1.55782155836	-0.391428596651	0.0	0.0	0.0	0.478461938649	0.0	0.0	0.0	0.0	-2.08232614187	0.0	0.0	0.0	0.126163394957	-1.55414734441	0.0
unog67	0.0	0.790155296194	0.0	0.0	0.0	0.655188163585	-0.228713161362	0.0	0.0	0.0	-1.96734795529	0.0	0.0	0.800435645616	0.0	0.0	0.0	0.0	-0.568741253685	-0.554743636652
unog68	-0.173197395311	-0.335702240493	-0.98954065284	0.0	0.0	0.0	0.0	0.0	-1.05770771059	0.488680014461	0.0	0.0	0.651815694267	0.0	0.0	-1.02384520008	0.0	0.0	-0.53092502637	0.0931955062768
unog69	0.0	-0.759986416551	0.0	0.0	0.030829821035	0.0	0.0	-1.50296629985	0.0	0.0	0.0	0.0	0.0122836280317	0.0	0.0	0.0	0.0	-0.130851753841	0.0	0.0
unog70	-0.0137784197069	0.0	0.0	0.0	0.0	0.99155743977	0.0	0.0	0.625125223887	0.0	0.0	0.0	0.0	0.0	0.0	0.195395272369	-0.192879361841	0.0	0.0	0.242298522418
unog71	0.0	0.0	0.0	0.0	0.0	0.459047915963	0.0	0.0	0.0	0.0	0.0	0.0	0.0	-1.22892310445	-0.0401886977951	0.0	-0.590574059148	0.0	-2.09793873523	0.0
unog72	0.0	0.0	0.0	0.0	0.0	0.579101739567	0.0	0.0	-0.160609276387	-0.066393338731	0.0	0.0	0.0	0.0	0.0	-1.89761996762	0.976169708281	-0.574807612588	0.0	-0.836527356402
unog73	0.0	0.0	0.0	0.0	0.0	0.0	0.0	-0.280456973835	0.0	0.0	0.0	0.0	1.15001621361	0.0	0.0	0.0	0.0	0.0	0.0	0.0
unog74	0.680812305266	1.6668965344	0.0	0.0	-1.23547353616	0.0	2.19657227078	0.757135669729	0.0	0.0	0.0	0.0	0.344067603886	-0.60441044139	0.0	-1.10861284226	0.0	0.0	0.0	-2.35019829571
unog75	1.66700197999	0.0553502779457	0.0	0.0	0.0	0.0	0.0	0.0	0.0	0.54335742501	0.0	0.0	0.0	0.0	0.0	0.0	0.0	0.0	0.0	0.0
unog76	-0.289701420885	0.0	0.0	0.0	0.0	0.0	0.0	0.0	0.0	0.0	0.636873377691	-0.184885649686	0.0	0.0	0.0	0.0	0.0	-0.396065110631	0.0	0.0
unog77	0.0	0.0	0.0	0.0	0.0	0.0	0.162466003783	0.0	0.0	0.0	0.0	0.0	-1.51873446153	0.0	0.0	0.0	0.0	0.0	0.0	0.0
unog78	0.0	0.0	0.0	0.0	0.0	1.12482795259	0.0	0.0	0.0	0.0	0.0	0.391387912024	-0.0550792489374	0.0	-1.32672172927	-0.784083912298	0.0	0.0	-0.977721712228	0.0
unog79	0.0	0.0	0.0	1.2975598688	0.0	0.0	0.0	0.0	0.0	0.0	-1.86187648802	0.303946215518	0.401655321513	0.0	0.0	0.0	0.193393253996	0.0	0.0	0.0
unog80	0.0	0.0	-0.307232665742	0.0	0.0	0.0	0.0	0.0	0.0	0.0	0.0	0.704424182128	0.0	0.784061297245	2.01183130792	0.0	0.0	0.0	0.0	0.0
unog81	0.0	0.0	0.0	0.332377026089	0.0	0.0	0.0	0.0	1.50614297838	-1.48980664204	0.0	-0.462183654771	-1.02345475626	0.0	0.0	-1.25216581476	0.0	0.0	0.0	-1.25320019017
unog82	0.0	1.77555711044	0.0	0.0	0.0	0.0	0.0	0.0	0.0	0.0	0.0	0.0	0.0	0.0	0.0	0.0	0.223691987539	0.0	0.0	0.0
unog83	-0.53239518791	0.0	0.0	0.0	0.0	0.0	0.0	1.2620718285	-0.723334532772	0.984515569467	0.0	0.0	0.0	0.0	0.0	0.0	0.0	0.0	0.0	0.0
unog84	0.0	0.0	0.633991206983	0.0	-1.82873752776	0.0	0.0	0.0	0.0	0.0	0.0	0.0299165987347	0.0862437175755	0.0	0.0	0.0	0.0	0.0	0.0	-1.18106158712
unog85	0.0	0.0	0.0	-1.64963499777	0.0	0.0	0.0	0.840712972966	0.0	0.0	0.0	0.0	0.0	0.0	0.0	0.0	0.0	0.0	0.0	0.0
unog86	0.0	0.120193758668	0.0	0.0	0.0	0.0	0.0	0.0	0.0	0.0	0.0	0.0	0.0	0.0	0.0	-0.533921558233	0.0	0.0	0.0	2.46628039191
unog87	0.0	0.0	-1.0089617735	0.379287787557	0.0	1.16476970596	0.0	0.0	0.0	0.0	0.0	0.0	0.0	0.0	0.0	0.0	-0.773946202519	0.0	0.0	0.0
unog88	0.0	-0.562784204644	0.0	0.0	-0.899011341115	0.0	-0.950959296006	0.0	0.0	0.0	0.0	0.0	0.0	0.0	0.0	0.0	0.0	0.0	0.0	0.0
unog89	0.0264697709945	0.0	0.125772073313	0.0	0.0	0.0	0.0	0.0	0.0	0.0	0.0	-1.4188361356	0.0	0.0	-0.0811255004909	0.0	0.0	0.0	0.0	0.0
unog90	0.733633279219	0.0	0.881223518012	0.0	0.0	0.0	0.0	0.79575562749	0.0	0.0	0.0	-0.536101220557	0.0	0.0	0.0	0.0	0.0	0.0	0.0	0.0
unog91	0.0	0.0	0.0	1.23918832723	0.0	0.0	0.0	0.0	0.0	0.0	0.0	0.0	0.0	-1.64280240503	-0.776149921198	0.0	0.0	0.0	0.0	0.0
unog92	0.0	0.0	0.0	0.0	0.0	0.0	0.0	-1.76666447069	-0.376685255554	0.0	0.0	-0.307380054567	0.0	0.0	0.0	0.0	0.0	0.0	0.0	0.0
unog93	1.02428658337	0.0	1.05160052774	0.0	-0.997217869175	0.0	0.0	0.0	0.0	0.0	0.0	0.0	0.0	1.02876942156	-0.649458635839	0.0	0.0	0.0	0.0	-0.942515546722
unog94	0.0	0.0	0.0	0.0	0.0	0.272661069648	0.0	0.0	-0.451213581308	0.0	0.0	0.0	0.0	0.0	0.0	-0.0518602176506	0.0	0.0	0.0	0.0
unog95	-0.691112858099	0.616265376499	0.0	0.0	1.28963222646	0.0	0.0	0.0	0.806867422232	0.405421263063	0.0	0.38381542538	0.0	0.0	0.0	-0.532628058154	-0.959027467085	0.0	0.0	0.0
unog96	0.0	0.0	0.0	0.0	-0.0980599983928	-0.943456458634	0.0	0.0	0.0	0.0	0.0	0.0	0.0	-0.283807555473	0.0	0.937295808012	-1.14304609973	0.903647562661	-0.458793020147	0.0
unog97	0.0	0.0	0.0	0.0	0.0	1.12734337768	0.0	0.0	0.0	0.0	0.0	0.0	0.0	0.0	0.0	0.0	0.0	-0.408030471008	0.0	1.64151776328
unog98	0.0	0.0	0.0	0.0	0.0	0.0	0.0	0.0	0.0	0.878315841808	0.0	0.0	0.0	0.0	0.0	0.0	0.0	0.0	0.0	0.0
unog99	0.0	0.0	0.0	0.0	0.0	0.0	0.0	0.272127237429	-0.877294442735	0.0	0.0	0.0	0.0	0.162806228877	0.158217945321	0.0	0.0	1.73408434405	0.0	0.0165560533373
unog100	0.0	0.0	1.18899854582	0.0	0.0	0.0	0.0	0.0	0.0	0.0	0.0	0.0	0.549453214534	0.0	0.0	0.0	0.0	0.0	0.0	-0.560208373353
unog101	-0.619256329098	0.0	0.939201089181	0.0	0.0	0.0	0.0	0.418306574005	0.0	0.145643369179	0.0	0.0	0.0	0.0	0.187401893368	0.0	0.0	1.4400369665	0.0	-1.08288639314
unog102	0.0	0.0	0.64036058719	0.0	-0.514795011377	1.5381856669	0.523694684483	0.630416253704	-0.869845858243	0.0	0.0	0.655205211354	0.0	0.0	0.0	0.0	0.0	-1.52358271228	0.0	0.0
unog103	0.0	0.0	-1.98492972539	0.363209603077	0.0	0.0	0.0	0.0	0.0	0.0	0.0	0.0	0.0	-2.75713103831	0.0	-0.527487783453	0.0	0.0	0.0	0.0
unog104	-0.377723423805	-0.63477429219	0.0	0.0	0.0	0.0	0.0	0.0	0.0	0.0	-0.875373219465	0.0	0.0	0.0	1.40861942505	0.0	0.0	0.0	0.812321073589	0.0
unog105	0.0	0.434826264429	0.0	0.0	0.481089253546	0.0	0.0	-0.698543749429	0.0	0.0	0.0	-0.862274752544	0.0	0.0848102014954	0.0	0.0	0.0	-2.43937701444	0.0	0.0
unog106	0.919714955858	0.0	0.0	0.0	0.0	0.0	-1.36609794661	0.0	1.65343533172	0.0	0.0	0.0	0.0	0.0	0.0	0.0	-1.32561557639	0.0	0.0	0.522016719005
unog107	0.569248857593	0.0	1.99893721907	0.0	0.0	0.0	0.0	0.0	0.0	0.0	0.0	0.0	0.0	0.0	0.0	-1.02342302592	0.0	0.0	0.0	0.0
unog108	-0.583967142669	-0.853911528666	0.16715236408	0.0	0.0	0.0	0.0	-0.638975474609	-0.105552330168	0.0	0.88458692474	0.0	0.692491646875	0.0	-0.28560039099	0.0	0.0	0.0	0.0	0.0
unog109	1.80046700311	0.0	0.0	0.369222465266	0.0	0.0	0.0	-0.0524298838383	0.0	0.0	0.0	0.0	0.368802887877	0.0	0.0	-0.725465887761	-3.10412989482	1.31716449112	0.532867477466	0.0
unog110	-0.509587027847	0.0	0.0	-2.43882107723	0.0	0.0	-0.40188417247	0.0	0.0	0.0	0.0	0.0	-0.955499475227	0.0	0.0	0.0	0.0	0.0	0.0	0.0
unog111	1.12136066757	0.0	0.0	0.0	0.0	0.0	0.0	0.0	0.0	0.0	-2.30187144288	0.0	0.957107099765	0.0	0.23953773666	0.0	-0.389484895444	0.0	0.0	-0.116751012191
unog112	0.0	-0.685377315459	0.130006541469	0.0	0.0	0.0	0.523600056172	0.0	0.0	0.0	0.0	0.0	0.0	0.0	-2.06541300336	-0.778352104153	-1.61679640481	0.0	0.0	0.0
unog113	0.0	0.0	0.0	0.0	0.0	0.0	0.0	0.0	-1.19872956835	0.0	0.0	0.0	-0.548955692277	0.0	0.0	0.0	0.0	0.0	0.0	0.0
unog114	0.0	0.0	0.0	1.59173344288	0.0	0.0	0.0	0.0	0.43632723901	0.0	0.0	0.0	0.0	-0.0184384522801	0.0	0.0	0.0	0.0	0.0	0.0
unog115	0.0881521831605	0.0	0.0	0.747410993961	0.0	0.0	0.0	0.27459691908	0.0	0.0	-0.90624881268	0.0	0.0110319554071	0.0	0.0	0.0	0.0310990648626	0.0	0.271743151951	-1.16164625452
unog116	-0.383975072984	0.0	0.0	0.0	0.0	0.0	0.0	0.0	0.0	0.0	0.0	0.339246102719	0.0	0.0	0.349597114426	0.0	0.0	0.0	0.0	0.099238296682
unog117	0.0	0.0	0.0	0.0	-0.129599523262	0.612640333405	0.0	0.0	0.98050440149	0.0	0.0	0.0	0.0	0.0	0.95579209313	0.177420017956	0.0	0.0	0.0	0.0
unog118	0.0	0.0	0.0	0.0	0.0	0.0	0.0	0.0	0.0	0.0	0.0	0.0	0.0	-0.277735128635	0.0	0.0	-2.16413264664	0.0	0.0	0.0
unog119	0.0	0.0	0.0	1.83263080026	0.118140860522	0.0	-0.554927798674	1.77262832947	0.0177949610762	-1.45516100454	-1.1284304292	0.0	0.0	-1.87799938221	0.0	0.0	-0.00159503897207	0.0	0.0	0.0
unog120	0.0	0.0	0.0	0.0	-1.16012016742	0.0	-0.739569210019	0.0	0.0	0.0	0.0	0.0	0.0	0.0	0.0	0.0	0.0	0.0	0.0	0.0
unog121	0.0	0.0	0.0	0.0	0.0	0.0	0.687314269362	0.0	0.538536017859	1.7958095187	0.0	-0.580636803723	0.0	0.0	0.0	1.57261446108	0.0	0.0	0.0	0.0
unog122	0.0	0.0	0.0	-1.43157288628	0.0	0.0	0.0	0.0	0.0	0.522424751208	0.0	0.0	-1.26857122095	0.0	0.0	0.0	0.0	-0.0182897432819	0.0	0.727360614733
unog123	-0.555046295475	0.0	0.0	0.0	0.0	0.0	1.88695535214	0.848222328965	0.0	0.0	0.0	0.145023793875	0.0	0.0	0.0	0.0	-0.512824152449	0.0	0.0	0.0
unog124	0.0	-0.0708020459197	0.0	0.0	0.496250309699	0.0	0.0	0.0	0.0	0.0	0.0	0.0	0.0	0.0	0.0	0.0136593681863	0.0	0.0	0.0	0.0
unog125	0.0	-1.6238125666	-0.305359297426	0.0	-1.44715166059	0.0	0.0	0.0	0.0	0.0	0.0	0.0	0.308936939931	0.0	0.0	-1.0997651023	0.0	0.0	0.0	0.0
unog126	0.0	0.0	0.0	0.0	-1.27272402444	0.0	0.0	0.0	0.0	0.0	0.0	0.0	0.0	0.0	0.0	-0.451940551248	0.0	0.0	0.0	0.0
unog127	0.0	0.0	0.0	0.0	0.0	0.0	0.0	0.0	0.0	0.0	0.0	0.0	0.0	2.04180565556	0.0	0.0	0.0	-1.77723322499	0.0	0.0
unog128	0.0	0.0	0.448769020184	0.0	0.0	0.911414314038	0.90898170615	0.0	0.0	0.0147257932643	0.333074578776	0.0	0.0	0.0	0.0	0.0	0.0	0.0	0.0	0.0
unog129	0.0	0.0	0.0	0.0	0.0	0.0	0.0	0.0	0.0	0.0	0.0	0.0	-0.04346689671	1.24699764015	0.0	0.0	0.0	0.0	0.0	0.0
unog130	-0.511056864752	0.0	0.0	0.0	0.0	0.0	0.0	0.0	0.0	0.0	0.0	0.323862707734	0.0	0.0	0.0	0.0	0.0	0.0	0.0	-0.787161889324
unog131	0.0	0.0	0.0	0.0	-0.662538537733	0.0	-2.43071895931	0.0	0.0244825981225	0.0	0.0	0.0	0.0	1.93184424119	0.525475118418	0.0	0.0	0.0	0.0	0.0
unog132	0.0	0.0	0.0	0.0	0.0	0.0	-0.397317509516	0.442951110257	0.0	-0.172682661582	1.05150787742	-0.551562032361	0.0	0.0	0.0	0.0	-0.106491640156	0.0	0.0	0.0
unog133	0.0	0.0	0.0	0.0	0.0	-0.917960929335	-0.403516441783	-0.31676333969	0.0	0.0	0.0	0.0	0.0	0.0	0.0	-0.0708335957741	0.382705840877	0.0	0.0	0.0
unog134	0.0	0.0	0.0	0.0	0.0	0.0	0.0	0.0	0.0	0.0	0.0	-0.00410937464226	0.0	0.0	1.36290406294	0.0	0.0	0.0	0.0	-0.917886334089
unog135	-1.05783244673	0.0	-0.613555787629	0.0	-0.773623817737	0.0	0.0	0.0	0.0	0.0	-0.528770806705	0.0	0.0	-0.357422907605	0.0	0.0	0.0	0.0	0.0	0.924354404139
unog136	-0.899458862683	0.0	0.947372731068	0.0	1.27016876674	0.0	0.0	0.0	0.666398835012	0.0	0.0	0.0	0.0	0.0	-0.121371168249	0.0	0.0	-1.28761588052	0.059870181173	0.673526269437
unog137	0.518295260159	-1.21379879832	0.0	0.0	0.619125552621	0.0	0.846329719207	0.0	-0.247534725569	0.0	0.0	0.0	0.0	-0.410851850077	0.0	0.0	0.0	0.0	0.0	0.0
unog138	0.0	0.0	0.0	0.0	0.0	0.0	0.0	0.0	0.0	0.0	0.0	2.22990808656	0.0	0.0	0.0	0.0	0.0	0.0	0.0	0.0
unog139	-1.12040674164	0.0	0.0	0.0	0.0	2.30851235585	0.0	0.356935315924	0.0	0.0	-0.150366044627	0.0	0.0	0.0	0.0538363569138	1.12294170907	0.0	0.0	0.0	0.0
unog140	0.0	0.0	0.0	0.116790712912	-0.277629069071	0.0	0.0	0.0	0.0	-1.80189325723	0.207083421814	0.0	0.0	0.0	0.0	0.0	0.0	0.0	0.0	0.0
unog141	0.0	-0.420494555945	0.0	0.429075230627	0.0	0.0	0.0	0.0	0.0	0.0	0.0	0.0	0.0	0.0	0.0	-1.52510639325	0.0	0.0	0.0	0.0
unog142	0.0	0.0	0.0	0.0	0.0	0.577209101951	-0.623150019282	0.102679426126	0.276050738614	0.0	0.0	0.0	0.0	0.0	0.0	0.0	0.0	0.0	0.0	0.0
unog143	0.0	0.0	0.0	0.0	0.0	0.0	0.0	0.0	0.0	0.0	0.0	-1.49079353148	1.32384732111	0.0	0.0	-0.375639566589	0.0	0.0	0.0	-0.402179161224
unog144	-0.234618864735	0.0	0.0	0.0	-1.04894066847	-1.0154177456	0.0	0.413596925922	0.0	0.0	0.0	0.0	0.0	0.0	0.0	0.0	1.95419693876	0.0	0.0	-1.8679259863
unog145	0.0	0.93612368175	0.0	0.0	0.0	0.0	0.0	0.0	0.0	0.832060115639	0.674291809422	0.0	0.0	0.0	0.0	0.0	0.0	0.0	0.0850512551115	0.0
unog146	0.0	0.0	0.0	-0.176582685802	0.20837942492	0.0	0.0	2.10035432426	0.0	0.0	0.0	0.64653754954	0.0	0.0	-1.55223633289	0.0	0.0	0.0	0.0	0.0
unog147	0.0	0.0	0.0	0.0	2.15261807059	0.0	0.0	1.09003016048	0.382488358887	0.00851946595998	0.0589743394302	0.407569042309	0.0	0.0	0.0	0.0	-0.502620645422	0.0	-1.13186326852	0.0
unog148	-1.8839766411	0.0	0.0	0.0	0.0	0.0	0.704660472457	0.0	-2.03113169177	0.0	-0.453528283201	0.0	0.0	0.0	0.0	0.18195424429	0.0	-0.231086589654	1.22097448397	1.63745635865
unog149	-0.664248055792	0.134529962229	0.0	-0.219706941435	0.0	0.79074785331	0.0	0.0	0.0	0.0	0.0	0.0	0.0	0.0	0.896643372936	0.0	0.0	0.0	0.0	0.0
unog150	0.278388852736	0.0	0.0	0.0	-0.685380734244	0.0	0.0	0.0	-0.275371211167	0.0	0.0	-1.24728039202	0.0	0.0	0.0	0.0	0.0	0.0	0.0	0.0
unog151	0.0	0.0	0.0	0.177842911104	-1.10819704465	0.0	0.0	-2.01968102595	-0.370891403188	-1.38103065404	0.0	-1.2085990393	1.55215467655	0.0	1.48452468227	1.51225153002	0.0	0.0	1.15871533745	0.0
unog152	0.0	0.0	0.0	0.0	0.371411296504	0.0	0.0	0.0	0.0	0.0	-0.586650296076	-0.360760883976	0.0	0.0	0.0	0.0	0.0	0.0	0.0	0.0
unog153	0.0	0.0	0.0	0.0	0.0	0.0	0.0	0.0	0.0	0.0	0.0	0.0	0.0	0.0	0.0	0.0	-1.1371662728	0.114317327097	0.0	0.0
unog154	0.0	0.372880482168	0.0	0.0	0.0	0.0	0.0	0.604786488396	0.0	0.0	-0.725576467088	-0.866886270644	0.0	0.0	1.7779260659	0.0	0.0	0.0	0.0	0.0
unog155	0.260254340907	0.0	-0.590097831951	0.0	0.0	0.0	0.222277562877	0.0	0.0	-1.97037856627	0.0	0.0	0.0	0.0	0.0	0.0	0.0	0.0	0.0	0.0
unog156	0.0	0.0	2.66736561622	-2.323807514	0.0	0.0	0.0	0.0	0.0	0.0560637597504	0.0	0.0	0.0	-0.841141748295	0.0	0.0	0.0	0.0	0.0	-0.451477145053
unog157	-0.571159019345	0.0	-0.152813469615	0.0	0.178519024543	0.0	0.0	0.0	0.0	0.0	0.0	0.0	0.0	0.0	-0.147081074229	0.0	0.0	0.0	-0.187768254329	0.0
unog158	0.0	0.0	0.0	0.903042175824	0.0	0.0	-0.296506106301	0.0	0.0	0.0	0.0	0.6018124566	0.0	0.0	0.0	0.0	0.0	0.0	0.0	0.902363835421
unog159	0.0	0.0	0.0	0.0	0.0	-0.169728598277	0.0	0.0	0.0	-0.353225446487	-1.06734392999	0.0	0.0	1.06388225178	0.0	0.0	0.0	0.49173918163	0.0	0.0
unog160	0.0	0.0	0.0	0.0	0.0	0.0	0.0	0.989914570322	-0.0890149630296	0.0	0.0	-0.698528705351	0.135265242522	1.38403632613	0.0	0.0	0.379225051561	0.641274220184	0.0	0.0
unog161	0.0	0.0	0.0	0.0	0.0	0.0	0.757323661064	0.0	0.0	0.0	0.0	-1.21688749687	0.0	0.0	1.13220397889	0.0	0.0	-0.551259228908	0.0	0.0
unog162	0.0	0.274939747541	0.0	0.0	0.0	0.693115938811	0.0	-0.0640837638232	1.67806216664	-0.0886011425117	0.197890154671	-1.33580744799	0.0	-0.112606414138	0.0	0.0	0.0	0.0	0.0	0.0
unog163	0.0	0.0	0.0	0.0	0.0	0.0	0.0	0.0	0.533786349882	0.0	0.0	0.0	-1.15336122426	0.0	0.0	0.972023208373	0.0	0.388419139494	0.0	0.336187345038
unog164	0.0	0.0	0.0	0.0	0.0	0.0	0.0	0.0	0.0	0.0	0.0	0.0	0.0	0.0	-1.26554160686	-0.843049222805	0.0	0.0	0.0	0.0
unog165	0.0	0.0	0.0	0.0	0.0	1.8238169504	-2.14293652427	0.0	0.0	0.0	0.0	0.0	0.0	0.0	0.0	0.0	0.0	0.0	0.0250089458715	0.0
unog166	0.0	0.0	0.0	0.0	0.0	0.0	0.0	0.0	0.0	0.0	-0.107340442342	0.0	-0.550099720855	0.0	0.0	0.0	0.0	0.0	0.0	0.0
unog167	0.0	0.0	0.0	0.0	0.0	0.0	0.0	-0.364571310405	0.0	0.0	-0.661710734901	-2.22213136643	0.0	-0.251600008537	0.0	0.0	0.0	0.0	0.0	0.0
unog168	1.63082746762	0.0	0.0	0.0	0.0	0.144495422686	0.216773165929	0.0	0.0	0.0	0.0	0.0	0.0	0.0	0.0	-0.696772638089	0.0	0.0	-2.08198617711	0.0
unog169	0.0	0.0	0.0	0.0	1.13498263796	0.0	0.0	-0.0434112415441	0.574892338508	0.0	0.629029139576	0.0	0.0	0.0	0.0702101520761	-0.37666405031	0.0	0.0	0.0	-0.681614210694
unog170	0.0	0.0	0.0	1.78628599399	0.0	0.0	0.975464337074	2.18860217199	0.0	0.0	1.09033524614	0.0	0.0	1.19078675888	0.0	0.0	0.0	-0.0520593254908	0.740973960779	-0.624335285401
unog171	0.0	0.0	0.0	0.0	0.0	0.0	0.0	0.0	0.0	0.0	-0.79007953236	0.0	0.0	0.0	0.0	0.0	0.0	0.0	0.0847927524181	1.87440337586
unog172	0.0	0.0405591554472	0.0	0.0	0.357922806486	0.0	0.0	0.0	0.0	0.0	0.0	0.0	0.0	0.0403464163781	0.0	0.0131555117146	-0.0562694279556	0.0	0.0277769232706	0.0
unog173	0.0	0.0	0.791164892776	0.0	0.0	0.0	0.0	0.0	0.0211491643136	0.0	1.70122316846	0.0	0.0	0.0	-0.968127858649	0.0	-0.950770812789	0.0	0.270020435223	0.0159851951111
unog174	-0.640776806795	0.0	0.0	0.0	0.706827108395	0.0	0.0	0.0	0.0	0.886474724147	0.0	0.0	0.0	0.0	0.887931169101	-1.3587061363	1.1534702771	0.0	0.0	0.0
unog175	0.0	0.537516468202	0.0	0.0	1.10078515163	0.0	0.0	0.0	0.0	0.0	-0.154718407865	2.30354653795	0.0	0.0	0.0	0.0	0.0	0.0	0.0	0.0
unog176	0.0	0.0	0.0	0.0	0.0	0.0	0.0	-0.699823035981	0.0	1.20539051142	0.0	-0.328036482569	-0.0260737502311	-0.28594210406	-1.70680328321	-2.52735849136	0.0	0.0	0.0	0.0
unog177	0.0	0.0	0.0	-1.98565571149	0.0	0.0	0.446650903197	0.0	-1.64639892226	0.0	0.0	0.0	0.0	0.0	-0.465483050597	0.0	0.0	0.0	0.0	0.0
unog178	0.0	0.0	0.0	0.0	0.0	0.0	0.0	0.0	0.0	0.0	0.0	0.58081369643	-0.51503156125	0.0	-1.14554265814	0.0	0.0	0.0	0.0	0.0
unog179	1.17671486408	0.418733650487	0.0	0.0	0.0	-0.706543045653	0.0	0.0	-0.0843313246144	0.0	0.0	-1.01419604227	-0.758444847214	0.0	-0.843770535278	-0.637625007661	-0.763633979077	0.0	0.0	0.0
unog180	0.0	0.0	0.0	0.0	0.0862261882597	0.0	0.0	0.0	0.0	0.0	0.0	0.0	0.0	0.0	0.0	0.0	-1.03260028961	0.0	0.0	0.0
unog181	0.98260150688	0.0	0.0	0.0	0.0	0.0	0.0	-0.521608165342	0.0	0.0	-1.53103742674	-1.14137254113	0.0	0.0	0.885874123813	0.0	0.0	0.0	0.0	-0.417903390318
unog182	-0.826465782899	0.0	0.0	0.0	0.0	0.0420338003974	0.359461200534	0.0	0.0	0.0	0.0	0.0	-0.114924756578	0.0	0.0	0.0	0.0	0.0	0.0	0.0
unog183	-0.43021032684	0.0	0.0	0.0	0.760681377249	0.830257376324	0.0	-0.535049034417	-2.08551562628	0.0	0.0	0.0	0.0	0.0	0.0	0.0	0.0	0.0	0.0	0.0
unog184	0.0	0.0	0.0	-0.566406791546	0.0	0.0	-0.253231121651	0.0	0.0	-0.0581740925798	0.0	0.0	0.0	0.82183984986	0.0	0.0	0.0	0.0	0.0	0.0
unog185	0.0	0.0	0.0	0.0	0.0	-0.0906885673155	0.0	0.0	1.17438951845	0.0	0.0	1.29336707025	0.0	-0.49352195601	0.0	0.0	0.0	0.158756944959	0.0	0.0
unog186	0.0	0.454223473733	0.0	0.0	0.0	0.0	0.0	2.24986594108	0.0	0.677262872151	1.82702415125	-0.6920589487	0.0	0.0	0.0	0.0	0.631656463848	0.0	0.0	0.0
unog187	0.0	0.0	-2.43519937754	0.0	0.0	0.0	0.0	0.109513405195	2.49861712306	0.538451141848	0.681113716341	0.0	0.0	0.0	0.0	0.0	0.0	0.0	0.0	0.0
unog188	0.0	0.0	-0.595633903404	0.0	0.379945967397	0.0	0.0	0.206357614809	0.0	0.0	0.0	0.0	0.173708010882	0.0	0.0	0.0	0.0	0.0	-0.151830700282	0.0
unog189	0.0	0.0	0.515694307201	1.72332193557	-0.197923599356	0.0	0.0	0.0	0.0	0.0	0.0	-0.821546147586	0.0	0.0	0.0	0.0	0.0	0.0	0.0	0.0
unog190	0.0	0.0	0.0	0.0	0.0	0.0	0.0	-1.19397990025	-0.862919651115	0.0	0.0	0.0	0.0	0.0	0.0	0.0	0.0	0.0	0.0	1.03104970598
unog191	0.0	0.517722865515	0.0	0.0	0.0	0.0	0.0	-0.693554968374	0.0	0.0	0.0	-0.582885098863	0.0	0.0	-0.439024660966	0.0	0.0	0.0	0.0	0.0
unog192	0.0	0.0	0.0	0.0	1.06428274986	0.0	0.0	0.0	-0.0738522864602	1.46128689117	0.0	1.48406513542	-0.930353535617	0.893627033541	0.0	0.0	0.0	0.0	1.02410262951	0.0
unog193	0.0	0.0	0.847837260543	0.0	0.0	0.0	0.0	0.0	0.0	0.0	0.0	-0.349505626903	-1.27006579929	0.0	0.0	0.0	0.0	0.0	0.60042673742	0.0
unog194	0.0	0.0	-0.521707862832	-0.846199508687	0.0	0.0	0.0	0.0	0.0	0.0	0.0	2.10385604707	0.0	-0.333156833316	0.0	0.233379503019	0.0	0.0	0.0	1.68179515036
unog195	0.0	0.0	1.04171153164	0.0	0.0	0.0	0.0	0.0	-0.942606065987	0.719059815593	0.0	0.0	-0.991215594186	0.0	0.0	0.0	-0.0567103403526	0.0	0.0	0.0
unog196	0.0	0.0	0.0	0.0	0.0	0.0	0.0	0.0	-2.24238906163	0.0	0.269245343406	0.0	-0.0830283507438	0.0	0.0	0.0	0.0	0.0	0.0	0.0
unog197	0.0	0.328984815532	0.0	0.0	0.0	-0.0607777059217	0.376446168679	0.0	0.0	0.0	0.0	0.0	-1.20435308595	0.0	0.0	-0.146881258553	0.0	0.0	0.0	0.0
unog198	0.0	0.0109179927194	-1.00429717433	-1.79654456308	0.0	-1.66797175777	0.361122663396	0.0	-0.59143936944	-0.971016696897	-1.52594005389	0.0	0.0	-0.0226257551481	0.0	0.889152322428	0.0	-1.09249609592	0.0	0.165614079529
unog199	0.0	-0.363772814121	0.0	0.0	0.0	0.295927551982	0.0	0.0	0.0	0.282996633518	1.19320108133	0.0	0.0	0.0	0.0	-0.0588330855705	0.423836018029	0.0	0.496404557515	0.0