dost0	dost1	dost2	dost3	dost4	dost5	dost6	dost7	dost8	dost9	dost10	dost11	dost12	dost13	dost14	dost15	dost16	dost17	dost18	dost19
dost0	0.0	-0.871449537264	-0.356282851864	-0.569459846638	0.945738431906	0.0	-0.33550975948	0.0	0.0	0.0	0.0	-0.14066415245	0.0	0.45834337477	0.0	1.20049954233	0.0	0.0	0.0	1.05210575573
dost1	0.0	0.0	0.0	-0.161559145003	0.813536966251	0.0	0.0	0.0	0.0	0.0	0.0	0.0	0.0	0.0	0.0	0.426013481932	0.0	0.0	0.0	0.0
dost2	-0.0185812305046	0.0	0.0	0.0	0.0	0.0	0.0	0.0	0.0	0.0	0.0	0.0	-1.09909942359	0.0	0.0	0.0	-2.071273058	0.0	-1.68198188646	0.0
dost3	-1.02659751699	0.0	1.23012298895	0.232979707239	0.0	0.0	0.0	0.0	0.0	0.0	-0.000506315476817	0.0	0.0	1.24680973502	0.0	0.0	0.0	0.0	0.0	0.0
dost4	0.0	0.0	-0.515353710087	0.0	-0.311254535475	0.0	0.0	0.0	0.0	0.0	0.0	0.0	-1.25516058615	0.0	0.0	0.0	0.0	-0.468110502243	1.32831463216	0.0
dost5	0.0	-0.293063632829	0.0	0.0	0.732973767388	0.0	0.0	0.0	0.0	2.20773942726	0.0	0.0	-0.0530219712845	0.0	0.0	0.0	0.0	-1.99500151317	0.0	0.0
dost6	0.864494515894	0.0	-1.36854764848	0.0	0.0	0.0	0.0	0.0	0.0	0.0	0.0	-0.700424489398	0.0	0.0	0.0	0.122064552083	0.0	0.0	0.0	0.0
dost7	0.0	0.0	-0.0731426240671	0.0	0.0	0.0	0.0	0.618154492021	0.0	0.159491703807	0.0	0.910640549561	0.0	0.0	0.0	0.0	0.0	0.0	0.0	0.0
dost8	0.0	0.636685319199	0.832543051629	0.0	0.0	0.0	0.0	0.0	0.0	0.0	0.0	0.0	0.0	0.0	0.0	0.0	0.0	-0.969774642642	0.0	0.0
dost9	0.0	0.0	0.795870762759	0.0	0.0	0.0	-0.864240040977	0.0	0.0503384419953	0.0	-0.097979938983	-0.765758572456	0.0	0.0	0.0	0.0	0.0	0.0	0.0	0.0
dost10	0.0	0.0	0.0	-2.01898159451	0.0	0.0	0.0	0.0	0.0	0.0	0.0	-0.363399494976	0.0	-1.2961422194	0.0	0.0	-0.0708811249643	1.04731668108	0.326378372159	0.0
dost11	0.0	0.0	0.0	1.85975073819	0.0	0.0	0.0	0.0	0.0	0.0	0.0	0.0	0.0	-0.510951086955	0.0	0.0	0.0	1.01115999063	0.0	0.0
dost12	0.799003368728	0.0	0.0	0.0	0.0	0.0266978146184	0.933360638397	0.0	0.0	0.0	1.1045130469	0.0	0.0	0.0	0.0	0.0	0.0	0.0	0.965388952593	0.0
dost13	0.0	0.0	0.0	0.0	0.0	0.0	0.0	0.0	0.247877661136	0.0	0.0	0.0	-1.29915626224	0.0	0.0	0.0	0.0	0.0	0.0	0.0
dost14	-0.203903059177	0.0	0.0	0.0	-0.634539036439	-0.580904375213	0.0	0.0	0.0	1.28391423766	0.493131989756	0.0	0.0	-0.736480821666	0.0	0.0	0.0	0.0	-1.22123322972	0.0
dost15	0.0	0.0	0.0	0.0	-0.50982211765	0.0	-1.12033381255	0.0	-0.677203145815	0.737077024553	0.0	0.0	0.0	0.0	0.0	0.0	0.0	-1.01434603279	-1.3384257448	-0.993752609343
dost16	0.0	0.0	0.0	-0.734518759876	0.0	0.0	0.163742379467	0.849099714361	0.0	0.0	0.651269438831	0.0	0.0	1.22996749622	0.0	0.0	0.0	0.0	1.04669699084	0.0
dost17	0.0	0.0	-1.17037169564	0.0	0.0	0.0	0.0	0.0	0.0	0.0	0.0	0.0	0.0	-0.482485674663	0.0	-0.545495532946	0.0	0.0	-0.981474745254	0.0
dost18	0.0	0.175651754483	0.0	0.0	0.0	0.408612135262	0.0	0.0	1.78070693596	1.21955179287	0.0	0.0	0.0	1.4203376537	0.0	0.0	0.613910867184	-0.359799016949	0.0	0.0
dost19	-0.97065869895	0.299253637766	-1.0277050661	0.0	0.0	0.0	0.0	0.0	0.0	0.0	0.0	0.0	0.863106628471	0.0	0.0	0.0	0.0	0.0	0.0	0.0
dosg0	0.0	0.0	0.0	0.0	0.0	0.0	0.104330775372	0.919610727555	0.0	0.0	0.0	0.0	0.0	1.53288666301	0.0	0.0	0.0	0.0	0.492735312351	0.0
dosg1	0.0	-0.771802845581	-0.379133805026	1.57031824575	0.0	0.0	0.0	0.0	0.0	0.0269469675248	0.0	0.0	-0.757743047198	0.0	0.0	0.0	0.0	1.23804384282	0.0	0.0
dosg2	1.55183550469	1.39328303982	0.0	0.0	0.285823066752	0.0	0.0	0.0	-0.054069187303	0.0	0.0	0.0	0.930407147821	0.829049710073	0.0	0.0	0.0	1.4149345496	0.0	0.0
dosg3	0.0	0.0	0.0	0.0	0.0	0.0	0.0	-0.133344281229	0.0	0.0	0.0	0.0	0.0	0.0	0.0	-0.0119042623513	0.51496661863	1.3183386416	0.25458297388	1.06646577647
dosg4	0.0	0.0	0.0	-0.548997787894	-0.465434219324	0.0	0.0	0.0	0.0	0.0	0.0	-2.62780624587	0.0	0.0	0.0	0.0	-1.13871107971	0.0	0.0	0.0
dosg5	0.0	0.0	-1.21541767688	2.20253626642	0.0	1.20915493286	0.0	0.0	-1.4163485635	0.0	0.0	0.703684081923	-1.26719090286	0.0	0.0	0.0	0.0	0.0	0.0	0.0
dosg6	0.0	0.0	0.0	0.0	0.0	0.0	0.0	1.54358481397	0.0755925799842	0.0	0.0	0.0	0.0	0.0	0.0	0.0	-0.0625705736038	0.0	0.0	0.0
dosg7	0.0	0.0	0.439461680321	0.0	0.0	0.0	0.0	0.0	0.0	0.0	0.0	0.0	-1.01499667327	0.0	0.0	0.0	0.0	0.0	0.0	0.0
dosg8	0.0	0.0	-0.814683852358	0.0	0.0	0.0	0.0	0.0	0.0	0.0	0.0	0.0	-0.193672487911	-0.396328631828	0.0	1.734264528	0.438788373467	0.0	0.0	0.0
dosg9	0.12335196242	0.0	0.0	-0.0499651407829	0.0	0.29129768243	1.1815939498	0.0	0.0	0.0	0.0	0.0	0.509199783688	-0.315091023145	0.0	-0.424942834229	0.0	0.0	0.0	0.0
dosg10	0.0	0.0	0.0	0.0	0.0	1.31794769491	0.0	0.0	0.576490083061	0.0	0.654450459304	0.0	0.0	0.0	0.0	0.0	0.0	0.0	0.0	0.0
dosg11	0.733987446474	0.0	0.0	0.0	0.0	0.0	0.0	0.0	0.0	0.0	0.0	-1.31730614217	0.0	-0.682206719272	0.0	0.0	0.0	-0.747138836092	0.0	0.0
dosg12	0.938925537813	0.0	0.0	0.0	-0.636278983211	-1.23609126811	0.0	0.0	0.0	0.0	0.0	0.0	0.0	0.0	0.0	0.0	-0.142620340267	-0.587812246154	0.0	0.0
dosg13	0.0	0.0	0.0	-0.170461134057	0.0	2.02300184753	0.0	0.0	-0.519091234476	1.92552413104	0.0	0.0	0.200483611292	0.0	0.0	1.57917970739	1.07129554058	0.0	0.0	0.0
dosg14	0.0	0.0	0.0	0.0	0.0	0.0	0.0	0.0	0.0	0.0	0.0	0.0	0.0	0.0	0.0	-0.488257881951	0.0	0.0	0.0	0.0
dosg15	0.0	0.0	0.0	0.0	0.0	0.0	-0.00650795427979	0.0	0.0	0.0	0.579267298784	0.0	0.312935402337	0.0	0.0	1.78327182127	0.0	0.0	0.0	0.0
dosg16	0.0	0.0	0.0	-2.05813497071	0.0	0.0	-0.452299537026	0.0	0.0	0.0	0.0	0.0619619919799	0.0	0.0	-0.454024133482	0.0	0.0	0.0	0.0	0.0
dosg17	0.0	1.24016639907	0.0	0.0	0.0	0.0	0.0	0.0	0.0	0.0	0.0	0.0	0.0	0.0	-0.527754152431	0.0	0.0	0.211576820894	-2.30890420542	0.0
dosg18	0.0	0.0	0.0	-0.0587973736219	0.0	0.0	0.0	0.0	-1.51680054893	0.0	0.0	0.0	0.0	0.0	0.0	0.0	0.0	0.0	0.0	-0.684424545353
dosg19	0.0	0.0	0.0	0.0	-2.14883189162	0.0	0.0	0.0	0.0	-1.81476952963	0.0	0.0	0.0	0.0	0.384250887749	0.0	0.0	0.0	1.91553995039	0.0
dosg20	0.0	0.581034423531	0.0	0.0	0.0	0.0	0.0	-1.11968101167	0.0	0.0	0.0	0.0	0.0	0.0	0.0	0.0	0.0	-1.11498514193	0.0	0.891992268421
dosg21	0.0	0.0	0.0	0.0	1.02649219161	0.0	0.0	0.0	0.166312188633	0.0	0.0	0.0	0.0	0.0	0.0	0.0	-0.107524107986	0.0	0.0	0.0
dosg22	0.523907964976	0.0	0.0	0.0	0.0	0.0	-1.07864145954	0.0	0.0	0.0	0.0	0.0	0.0	0.0	0.0	0.0	-0.171287805353	0.0	0.0	-0.47237776643
dosg23	0.0	0.742353206268	0.0	0.0	0.0	0.0	-0.561109718917	0.0	0.268322997641	0.0	0.0736675999978	0.0	0.0	0.0	0.0	0.0	0.0	0.0	-1.24683620789	0.0
dosg24	0.0	0.0	0.0	-0.320030275295	0.0	0.0	0.199740010229	0.0	0.0	0.0	0.0	-1.8523288744	0.526419043471	1.48574225181	0.174296753282	0.0	0.0	-1.40630877077	0.0	0.0
dosg25	0.77699281747	0.0	0.0	0.0	0.0	-0.769671673639	2.14519802114	0.0	0.963315026928	-1.39749099782	0.0	0.0	0.0	0.0	1.18650013761	0.0198984353925	0.0	0.0	0.0	-0.517883557877
dosg26	0.0	0.0	-1.33741651828	1.9184584022	0.0	-0.744753388608	0.0	0.0	0.0	1.42332644104	-0.209700712025	-0.0628053360858	0.0	0.0	0.0	-0.529241722301	0.0	0.0	0.0	0.0
dosg27	0.0	0.0	-0.697116635235	1.79129679597	0.0	0.0	0.0	0.0	0.0	0.0	0.0	0.0	0.0	0.466408593541	-1.44733973571	0.0	0.0	0.0	0.124677179679	1.76639651214
dosg28	-0.594002036416	0.0	0.0	0.0	0.0	0.0	0.0	0.0	0.0	0.0	-0.779007190681	0.0	0.714402534795	0.0	0.0	0.0	0.0	0.0	0.179236355863	0.0
dosg29	0.0	0.0	-0.536966771107	0.0	0.0	-0.624297219417	0.0	0.0	0.149820794812	0.126029516414	0.0	0.0	0.0	0.0	0.0	0.0	0.0	1.54942938114	0.0	0.0
dosg30	0.0	-0.681650189623	0.0	0.0	0.717599145012	1.36284471788	0.0	0.0	0.0	0.689427533551	0.0	0.0	0.0	0.0	0.0	0.0	0.0	0.0	0.0	0.0
dosg31	0.0	0.0	1.74436870182	0.0	0.0	0.0	0.0	0.0	1.22457520548	0.0	0.734283716101	0.631503575741	0.298702835781	-0.101370594873	0.0	0.0	0.0	0.0	0.0	0.0
dosg32	0.974466319603	0.0	0.0	0.0	0.0	0.0	0.0	0.0	0.0	0.0	0.0	0.0	0.986710624908	0.0	0.0168260570388	0.0	0.0334882641549	0.494789061534	0.0	0.0
dosg33	1.21149929586	0.0	0.0	0.0	0.0	-1.12460742837	0.0	0.0	1.44020097504	0.0	0.570801525431	0.0	0.85776801418	0.0	0.0	0.0	0.0	0.0	0.0	0.0
dosg34	0.772439336421	0.781435255452	0.0	0.0	0.0	0.0	0.0	0.0	0.0	0.0	0.0	0.0	0.0	0.0	0.0	0.0	-0.450091593488	0.0	0.0	0.0
dosg35	0.0	-0.650747391183	0.0	0.0	0.0	0.0	0.0	0.795886941579	0.0	0.0	-0.189694521809	0.0	0.0	0.0	0.0	0.0	0.0	0.0	0.0	0.0
dosg36	0.654476817975	0.0	0.0	-1.58082389144	0.0	0.0	0.0	0.0	0.0	0.0	0.0	1.98585590831	0.501774423729	0.0	0.0	-2.17705858488	0.0	0.186810658589	0.0	0.0
dosg37	0.0	0.469340634271	0.0	-0.227145271234	0.0	0.0	0.0	0.0	1.75545093941	0.0	0.0	-0.500529958143	-0.637635667521	0.0	0.0	0.0	0.0	-1.78911056782	0.0	0.0
dosg38	0.0	0.0	0.0	0.0	0.0	2.10481112612	0.0	0.0	0.0	0.0	1.15872977358	0.0	-0.0305213549443	0.0	0.0	0.0	0.0	0.0	0.0	0.0
dosg39	0.37608225543	0.0	0.0	0.0	0.0	0.0	0.0	0.0	0.0	0.0	0.0	0.0	0.0	0.758541050099	0.0	0.0	0.0	-1.01757412711	0.0	0.988809543346
dosg40	0.0	0.0	0.0	-1.48667071372	0.0	0.0	0.0	0.0	0.0	0.0	-0.249283650703	0.0	0.0	0.0	-0.509676845432	0.0	0.0	0.0	1.13059063204	0.0
dosg41	0.134378934991	0.0	0.0	1.79832792347	1.13066865741	0.0	0.0	0.0	0.0	0.0	0.0	0.0	0.0	-0.167705944777	0.0	0.0	0.215776342616	0.0	0.0	-1.10968586285
dosg42	-0.369716974291	0.0	0.0	0.0	-0.766139569728	0.0	1.0163749713	0.0	0.0	0.0	0.0975420047702	-0.371407593318	-0.161050974216	0.0	0.0	0.0	0.0	-1.43014222499	0.0	0.0
dosg43	-0.349766031454	0.993150889648	0.0	0.0	0.0	0.0	0.600359327506	0.0	0.0	0.0	0.0	1.128423662	0.0	0.0	1.68809793142	0.0	0.0	0.0	0.0	-0.177189208782
dosg44	0.0	-3.44111794133	0.0	0.0	0.0	0.0	0.0	0.0	2.72183728873	0.0	0.0	0.987581196207	0.0	0.0	1.15995814847	0.0	0.0	0.0	-1.86087966206	0.0
dosg45	0.0	0.012710522049	0.0	0.0	0.0	0.0	0.0	0.0	0.807302214023	0.0	0.0	0.0	0.0	0.0	0.0	0.309695052884	0.0	0.0	0.0	0.0
dosg46	0.0	0.0	0.0	0.0	0.0	-1.50880264485	0.0	0.0	0.0	0.0	0.0	-0.162677582256	0.0	0.57215261452	-0.0477377254607	0.0	0.0	0.0	0.0	-0.685246274406
dosg47	0.595982439185	0.0	0.0	0.0	0.0	0.0	0.155156294357	0.0	0.0	0.0	0.0	0.735608667522	0.585048426326	0.0	0.0	0.0	0.0	-0.286939677255	-0.644995902569	0.0
dosg48	0.0	0.0	0.0	0.0	-0.72696805052	0.0	0.0	0.0	0.0	0.0	0.0	0.0	0.0	0.0	0.0	0.0	0.0	0.0	0.0	0.625560211186
dosg49	-0.721406759788	0.0	-0.759543811251	0.0	0.0	-0.238464654011	0.0	0.0	0.0	0.0	0.0	-0.484181178412	0.268826514346	1.49511868357	0.0	0.554433845738	0.0	0.0	1.2102918488	0.0
dosg50	0.0	0.0	0.0	0.0	0.34640467971	0.0	0.0	0.0	0.0	-1.81293875905	0.0	0.0	0.0	0.0	0.0	0.0	-0.448880330856	1.14760155929	1.08881159277	-0.552097030131
dosg51	0.0	0.0	0.0	0.0	0.0	0.0	0.0	0.0	-0.611626821198	0.0	0.0	0.0	0.0	0.0	0.0	-1.91909856232	0.0	0.0	0.0	0.0
dosg52	0.0	0.0	0.359945389312	0.0652373436572	-0.309167144787	0.630550150066	0.257834243659	0.0	0.147472389783	0.0	0.0	0.0	0.0	0.0	0.0	0.0	-0.015470468607	-1.32427705048	0.0	0.0
dosg53	0.0	0.189312679739	0.0	0.0	0.0	0.0	-0.77393622428	0.0	-0.504415468557	0.0	0.0	0.0	0.0	0.0	0.0	-1.14280892635	0.0	0.0	0.0	0.0
dosg54	0.0	0.0	0.0	-0.138114603236	0.0	0.0	0.0	0.0	0.0	0.0	-0.0438747301657	0.0	1.14793433312	0.0	0.0	0.0	0.545978693727	0.0	0.581175054725	1.21677758715
dosg55	-1.56423828092	0.0	0.0	0.0	1.96936795713	0.0	0.0	0.0	0.0	0.0	-1.19564257135	-0.457266952273	0.0	0.0	0.0	-0.503338049741	0.0	0.0	0.756355837938	0.0
dosg56	0.0	0.0	0.0	1.51384418487	0.0	0.0	0.0	0.0	0.0	0.0	0.0	0.0	0.0	0.625563516254	0.0	0.0	0.0	0.996332310861	0.0	0.0198439074623
dosg57	0.0	0.205786137338	-0.382098950276	0.0	0.0	0.0	0.0	-1.03932563526	0.0	0.0	0.0	0.0	0.0	0.0	0.0	0.0	-1.55932582219	0.0	0.509537630239	2.72997332849
dosg58	0.0	0.0	0.0	0.0	0.0	-0.750972462904	0.0	0.0	-0.575070904961	-1.50495365527	0.0	0.0	0.0	0.0	0.0	0.159744372414	0.0	-1.46422957591	0.0	0.0
dosg59	0.0	0.0	0.0	0.0	0.886907142996	0.0	0.0	0.0	0.0	0.0	-1.40782384819	0.0	-0.037007866605	0.0	0.0	0.0	0.0	0.0	0.0	0.0
dosg60	0.0	-1.35380972589	1.71915769541	0.0	0.0	0.0	-1.74567098289	0.0	-1.05162079101	0.0	0.0	0.0	0.0	0.0	0.0	0.0	-0.173790775316	0.0	0.0	0.0
dosg61	0.0	0.0	0.0	1.34882212817	0.208985482038	0.293735479961	0.0	0.0	0.0	0.0	-0.0137257970559	0.0	0.0	0.0	0.0	0.0	0.0	0.0	0.0	0.0
dosg62	0.0	0.0	0.0	0.0	0.0	0.0	0.0	0.0	-0.336123071784	-1.57659546905	-0.33741488985	0.0	0.0	-0.997748896424	-0.152180361984	0.0	0.0	0.0	0.0	0.0
dosg63	0.0	0.0	0.265750258984	0.0	-0.270710314996	0.0	0.0215212339487	0.0	0.0	-0.908629381717	0.0	0.0	-0.427447036782	0.0	0.0	0.0	-0.0526230910678	0.0	-0.932519267393	0.0
dosg64	0.0	0.0	0.0	0.0	0.0	0.0	0.0	-0.374071576278	0.0	0.0	0.0	0.0	0.0	0.0	0.577210410163	0.0	1.29729012721	0.0	0.691749880686	0.0
dosg65	1.46097496382	0.744590293235	1.4793352546	0.0	-0.243934720892	0.553871989671	0.0	-0.641994966702	0.0	0.0	0.0	0.276057488105	0.0	0.0	0.126559725451	0.0	0.0	1.14241695952	-0.727206774706	0.0
dosg66	0.0	0.0	2.91759416767	1.55782155836	-0.391428596651	0.0	0.0	0.0	0.0	0.0	0.0	0.0	0.0	0.0	0.0	0.0	0.0	0.0	0.0	0.0
dosg67	0.0	0.790155296194	0.0	0.0	0.0	0.655188163585	-0.228713161362	0.0	0.0	0.0	0.0	0.0	0.238064461202	0.0	0.0	0.0	0.0	0.0	0.0	0.0
dosg68	-0.173197395311	-0.335702240493	-0.98954065284	0.0	0.0	0.0	0.0	0.0	0.0	0.0	0.0	0.0	-1.53413601243	-0.321560155773	0.0	0.0	0.0	0.0	0.0	0.0
dosg69	0.0	-0.759986416551	0.0	0.0	0.030829821035	0.0	0.0	-1.50296629985	0.0	0.113194574377	0.0	0.0	0.0	2.59782569772	0.0	0.0	0.0	0.0	0.0	0.0
dosg70	-0.0137784197069	0.0	0.0	0.0	0.0	0.99155743977	0.0	0.0	0.0	0.539373088953	0.0	0.0	0.0	0.0	0.0	0.0	-1.2649987854	-0.990094375215	0.0	-0.484312072894
dosg71	0.0	0.0	0.0	0.0	0.0	0.459047915963	0.0	0.0	0.0	0.0	0.0	0.0	-1.05374335299	0.0	-1.18924928507	0.0	0.0	0.0	0.0	0.0
dosg72	0.0	0.0	0.0	0.0	0.0	0.579101739567	0.0	0.0	0.0	2.60984282112	0.0	0.0	0.0	0.0	0.0	-0.853558035088	0.0	0.0	0.0	0.0
dosg73	0.0	0.0	0.0	0.0	0.0	0.0	0.0	-0.280456973835	0.0	0.0	0.0	0.0	0.0	0.0	0.0	0.0	0.0	0.0	0.0	0.769661647229
dosg74	0.680812305266	1.6668965344	0.0	0.0	-1.23547353616	0.0	2.19657227078	0.757135669729	0.0	0.0	-0.263047606984	0.0	0.0	0.0	0.0	0.0	-1.82161436827	0.0	0.0	0.0
dosg75	1.66700197999	0.0553502779457	0.0	0.0	0.0	0.0	0.0	0.0	0.0	0.0	-0.354076962672	0.0	0.0	-0.11056943078	0.0	0.0	0.0	-0.104499086759	-0.628580906792	0.0
dosg76	0.0166214303828	0.0	-0.801026293595	0.763235222645	0.551017139817	0.0	0.0	-1.51384313319	0.0	-0.96629940054	0.0	0.0	0.0	0.0	0.0	-0.139659529291	0.0	0.0	0.265027377905	-0.82319452423
dosg77	-0.179518019265	1.51655993014	0.259345069728	0.0	0.0	0.0	0.0	-0.667047174386	0.0	0.0	-0.166636383717	0.0	-0.254155969856	1.33486111013	0.0	0.0	0.0	0.0	0.0	0.0
dosg78	0.0	0.0	0.117472650122	0.0	0.436797294734	0.0	0.0	0.0191929852394	0.219195441768	0.0	0.0	0.0	0.0	1.76972129025	0.0	0.0	0.0	0.0	0.0	-2.67230657052
dosg79	0.0	0.0	0.620449728194	0.0	0.0	0.0	0.0	0.0	1.51370296815	0.0	0.0	0.357976495738	-0.0989157056264	0.0	0.0	0.0	0.0	0.0	-1.18963953994	0.0
dosg80	0.0	0.0	-0.309834646038	0.0	0.0	0.0	0.0	0.0	0.0	0.0	0.0	0.0	-1.33494660662	0.0	0.0	0.0	0.0	0.0	0.0	0.0
dosg81	0.0	0.0	0.0	0.0	2.20314487868	0.0	0.0	0.0	-0.143734768663	0.0	0.0	0.0	0.0	0.0	0.0	0.0	0.0	0.0	0.0	0.0
dosg82	0.0	0.0	0.0	-1.21806339781	0.0	0.0	0.0	0.0	0.0	0.0	-0.085308466792	0.0	0.354094492709	0.0	0.0	0.0	0.0	0.0	0.274009116799	0.0
dosg83	0.0	0.0	0.0	0.0	1.34698702172	0.0	0.0	0.0	0.0	0.0	0.0	0.0	0.0	0.642416095389	-1.09137209101	-0.697367081165	0.0	0.0	0.0	0.0
dosg84	0.0	0.0	0.0	0.0	0.0	0.0	0.0	-1.16457013882	0.0	0.0	-1.08956797049	0.0	0.0	0.0	0.0	0.0	0.0	0.0	0.0	-0.324537272407
dosg85	0.0	-2.39921346079	-0.304482654659	-1.68727427003	0.0	2.00314052163	0.0	0.0	0.0	0.0	0.899123786202	0.0	0.0	0.0	-1.36764828736	0.0	0.441845942129	0.0	0.0	0.0696314028648
dosg86	0.0	0.0	0.0	0.0	0.0	0.0	0.0	0.0	0.0	0.0	0.0	0.0	0.0	0.0	0.0	0.0	-2.03809307813	0.0	0.395290889681	0.0
dosg87	1.41891978563	0.0	0.0	0.0	0.195877478932	0.0	0.0	0.0	0.0	0.0	0.0	0.0	0.0	0.0	0.0	0.0	0.0	1.15640390571	0.0	0.0
dosg88	0.0	0.0	0.0	0.0	0.0	0.186873525272	0.0	0.0	-0.866019552487	0.0	0.0	0.0	0.0	0.0464374775536	0.391551955051	0.0	0.0	-1.24611136608	0.864840552097	0.45240386643
dosg89	0.0	0.0	0.0	-0.73951555342	0.0	0.0	0.0	0.0	0.0	1.90325214496	-0.181343423224	-0.946019791185	0.316184224008	0.295876642113	1.30719259363	1.44919314004	0.965116948912	0.0	-0.832682402937	0.117273216854
dosg90	0.0	0.0	0.0	1.60170965403	0.0	-2.22262293158	0.0	0.0	-0.254390022599	0.0	-1.19602523765	-1.67996399206	0.0	-1.69082915756	-0.629940884354	0.0	0.0	0.0	0.0	0.127458299066
dosg91	0.0	0.0	0.0	0.0	0.0	0.0	0.0	-1.20225317238	0.0	-0.107123918864	2.25898415314	0.96909366454	0.0	-0.992652154877	0.0	0.0	0.0	-0.669209406437	-0.131477750013	0.0
dosg92	-1.15939950121	0.0	0.0	0.0	-0.536966044277	0.0	0.0	0.0	0.0	0.0	0.0	0.0	0.0	0.0	-0.799239606295	0.0	0.0	0.289841152642	0.0	0.207532014651
dosg93	0.0	0.0	0.0	0.0	-0.670731081083	0.0	-1.03399090291	0.0	0.0	0.0	0.0	0.0	0.0	0.0	0.0	0.0	0.0	0.521744859482	0.0	0.0
dosg94	0.0	-0.243883977728	0.0	0.0	0.0	-1.11925690657	0.0	0.0	0.0	0.0	0.0	0.0	0.0	0.0	0.733813781634	0.0	-0.664942935547	-0.0409978692053	-0.0819837388517	0.0
dosg95	0.0	0.0	0.0	-0.0804008400105	0.0	0.0	0.0	0.0	0.0	0.0	0.0	0.0	0.289411272233	0.0	0.0	0.0	0.0	0.0	0.0	-1.12388905464
dosg96	0.0	0.0	0.0	-0.912507525222	-1.68751353729	0.0	0.0	1.88915990193	0.0	0.0	0.354386838906	0.0	0.0	0.0	0.0	0.0	0.0	0.0	0.0	0.0
dosg97	0.0	0.0973461462733	0.0	0.29729156975	0.0	0.544899427468	0.0	0.000555953905873	0.296967953498	-1.36707280926	0.0	0.0	-1.49346649725	0.0	-0.91520015954	0.0	0.0	0.0	0.0	0.0
dosg98	0.0	0.0	0.0	0.0	0.408830847797	0.0	0.0	0.0	0.0	0.0	0.0	1.25975410115	0.0	0.0	0.0	0.0	0.0	-1.07835765749	0.0	0.0
dosg99	0.0	0.0	1.45445318537	0.0	0.0	0.702093953119	0.080417521988	0.443892955752	0.0	0.0	-0.262325314337	1.42095872547	0.0	-0.716537885751	-0.502428404212	0.541532910157	1.09883685255	0.0	0.0	0.0
dosg100	0.0	-0.430899861274	0.0	0.0	0.0	-0.405098685359	1.94042244588	0.0	0.0	0.0	0.0	0.0	0.0	0.0	0.0	0.0	0.0	-0.351979262591	0.280792468139	-0.608458695801
dosg101	0.0	0.0	0.0	-0.340331212125	0.0	0.0	0.0	0.0	0.0	-0.179729987896	0.0	0.0	0.0	-0.860607029639	0.0	0.0	0.0	0.0	-0.699561247627	0.0195493523509
dosg102	0.0	0.0	0.0	0.0	0.0	0.0	-1.11620485924	0.0	0.0	0.0	-0.222186160549	0.0	0.0	0.0	0.0	0.0	0.304656301298	-0.121205964287	0.0	0.0
dosg103	0.0222584080214	0.312258362367	-0.0499201823891	1.1230343541	0.0	0.0	0.0	0.0	0.0	-0.828606444086	0.871449490129	0.0	0.0	0.0	0.0	0.0	0.0	0.247015754745	0.0	0.0
dosg104	1.07604233578	1.3307902633	0.0	0.0	-0.884677528093	0.0	-0.753711595256	0.0	0.0	0.0	0.0	0.0	0.0	0.0	0.0	-0.994912689925	-0.602622119583	0.0	0.328053246911	0.0
dosg105	0.0	-1.22956051372	0.21796524259	0.0	0.0	0.0	0.0	0.0	0.999776931782	0.0	0.0	0.0	0.0	0.0	0.0	0.0	0.0	1.28367712832	-1.06712505965	-0.0854009717909
dosg106	-2.02552374196	0.0	0.0	0.0	0.0	0.0	0.0	0.60754717439	0.0	0.0	0.0	0.0	0.0	0.0	0.0	0.0	0.413508159311	-0.704375179989	0.0	0.0
dosg107	-0.189203449538	-0.722852841846	-1.83444160912	0.00166024624074	0.0	0.0	0.0995095746171	0.0	-0.365369122119	0.0	0.0	-0.283200973703	0.0	1.91457264474	0.0	-0.326610860819	-0.659567714145	0.0	0.0	0.0
dosg108	0.0	-0.25397531663	0.0	0.0	0.0	0.0	-0.225520442003	0.0	0.0	0.0	0.0	0.0	0.0	0.0	0.0	0.0	-1.08670759478	0.0	0.0	0.0
dosg109	0.0	0.0	0.0	0.284769217304	0.0	0.0	0.0	0.0	2.68083133036	0.0	0.0	0.0	0.0	0.0	0.0	0.0	0.0	0.0	-0.585453862112	0.0
dosg110	0.0	0.0	0.0	0.0	0.0	0.0	0.0	0.0	0.0	0.0	0.0	1.21852556732	0.0	0.0	-0.336517063016	0.0	0.0	-0.622100764566	0.0	0.0
dosg111	1.87353717982	0.41247519575	-0.35765342005	0.0	-0.877347261377	0.368784811888	0.0	0.0	0.685283246115	-1.00909225445	-0.388808788739	0.0	0.0	0.0	0.435847893982	0.0878635055785	0.0	0.0	0.0	-0.713839687725
dosg112	0.0	0.0	0.0	0.0	0.0	0.0	0.0	0.0	0.0	0.0	0.0	0.554287357272	1.12049612312	1.13744386345	0.0	0.0	0.0	0.0	0.0	0.0
dosg113	0.0	-1.18413967221	-0.571057092241	0.0	0.0	0.0	0.0	0.0	0.0	-2.9498553807	0.0	0.0	0.0	2.52886861239	0.0	0.0	-0.119360429817	0.0	1.22291207144	0.0
dosg114	0.0	0.0	0.0	0.0	0.0	0.0	0.0	0.0	0.0	-1.01682812017	0.0	-1.51690134372	0.0	0.0	0.0	0.0	0.0	0.950611304585	0.0	-0.274179698904
dosg115	-0.447346784627	-0.0192053796157	0.0	-1.1559562402	0.0	0.0	0.0	0.12793885287	0.0	0.0	0.0	0.0	0.0	0.615155513998	0.0	-0.416668494686	0.0	0.0	0.0	0.0
dosg116	0.0	0.0	0.0	0.0	-0.210159530947	0.0	0.0	0.0	0.0	0.0	0.0	-1.53949507934	0.464511727352	0.0	0.0	-0.467154551569	0.0	0.598911054553	0.0	0.0
dosg117	0.0	0.0	0.0	0.0	0.0	0.0	0.123975023561	0.0	0.243274308441	0.0	0.0	-0.641210960115	0.0	0.0	0.0	-1.27678991004	-0.0271344621816	0.0	1.14753669791	0.0
dosg118	0.901444798122	0.0	0.0	0.0	-0.764346683258	0.0	-1.41541056732	-0.128218582184	0.0	0.0	0.0	0.0	0.0	0.0	0.0	0.0	0.0	0.0	0.0	0.0
dosg119	0.0	0.0	0.0	0.0	1.04380201206	0.0	0.0	0.0	1.11603253331	-0.0205555393533	-0.619175565536	-0.468221510481	-1.99685966475	0.0	0.0	-0.379286706218	0.0	0.0	0.0	0.0
dosg120	0.0	0.0	-0.0332722347625	0.0	0.0	0.0	1.48646769933	0.0	0.0	0.0	0.0	0.0	0.0	0.0	0.0	0.0	0.0	0.0	0.0	0.0
dosg121	0.0	0.0	0.0	0.0	0.0	0.0	0.0	0.0	0.0	0.0	0.0	0.0	0.0	0.461907348609	0.0	0.0	0.0	0.0	0.0	0.0
dosg122	0.0	-0.134693930155	-1.0507118053	0.173942679145	0.606322184621	0.0	0.0	0.0	-0.794121309693	-0.780530738368	0.0	0.0	0.0	0.0	0.0	0.0	0.0	0.0	0.0	0.0
dosg123	0.0	0.0	0.0	0.0	0.0	0.17348810224	0.0	0.0	0.0	-0.628325509373	0.0	0.0	0.0	0.0	1.36634149153	0.857025557618	0.0	0.0	-2.44456402908	0.0
dosg124	0.0	0.0	2.63037312197	0.0	0.0	0.0	0.0	0.0	0.0	0.0	0.0	-1.66680777604	0.0	0.0	0.0	0.0	-1.18161341394	0.528632677988	0.0	0.0
dosg125	0.0	0.0	0.0	0.0	0.0	0.0	0.564056241261	0.0	0.0	0.177058026259	0.0	0.0	-0.404271646847	0.0	0.0	0.0	0.0	-1.0565657471	0.0	0.0
dosg126	-1.40058002634	0.0	0.0	0.0	0.0	-0.46742192676	-0.982111766289	1.54511725848	0.0	0.0	0.0	0.0	0.0	-0.617448000626	0.0	0.0	1.50748753926	0.0	1.19266437784	0.0
dosg127	0.0	0.0	0.0	0.0	-2.91651109826	0.0	0.0	0.0	-0.195402253438	0.0	0.655514941463	0.0	0.0	0.655073776223	-1.09394380407	0.0	0.0	0.0	0.0	0.0
dosg128	0.0	0.0	0.0	0.0	0.0	-0.384629941451	0.0	0.0	0.0	0.0	0.0	0.0	0.0	0.0	-0.680489498853	-0.286380199295	0.0	0.0	-0.10552053737	0.0
dosg129	-0.538428636211	0.0	-0.358853306868	0.0	0.0	0.0	0.0	0.0	0.0	0.0	0.0	0.0	0.0	0.0	1.1630900699	0.0	0.0	0.0	0.0	2.25978693881
dosg130	0.0	-0.936172725228	0.0	1.78451075092	0.0	0.0	0.0	0.0	0.0	0.0	0.628076140237	0.0	0.0	0.0	-1.0636099266	0.0	0.0	0.0	0.0	0.0
dosg131	0.0	0.0	0.0	0.0	0.0	0.0	0.0	1.09734725475	0.0	0.0	2.34988535817	0.0	0.0	0.0	-0.302754841458	0.0	0.0	-1.2764909611	0.0	0.0
dosg132	0.0	0.0	0.0	0.0	0.0	0.0	0.0	0.535672969989	0.9499460851	0.0	0.0	0.126338050138	0.0	0.0	0.0	0.0	-1.11141370399	0.0	0.0	-1.68922598185
dosg133	0.0	0.776026207363	0.0	0.0	0.0	0.0	0.0	0.0	0.29701191776	0.0	0.0	0.0	0.0	0.0	0.0	0.790459754293	0.0	0.0	-1.78155816994	0.0
dosg134	0.435610524134	0.0	0.0	0.427000859099	0.0	0.186477792446	-0.538525087867	0.0	0.0	0.0	-0.857123052	0.0	0.0	0.0	0.392003243877	0.0	0.0	0.0	0.0	0.0
dosg135	0.0	-1.00252920104	2.18318410566	0.0	0.0	0.0	0.0	-0.133356977086	0.0	0.306397927224	-0.166100878529	0.0	0.0	0.0	0.422753716242	0.0	0.0	0.0	0.0	0.0
dosg136	0.0	0.0	-1.1234319238	0.0	0.0	0.0	-0.106269721366	0.0	0.0	0.0	0.0	0.0	-0.17218101607	0.200118166739	0.0	0.0	-0.0235465890611	0.0	0.0	0.0
dosg137	-1.24517334236	0.0	0.0	0.0	0.0335676788288	-0.84012435429	0.0	0.0	-2.00894806574	-1.38984078306	0.0	0.0	0.0766634644895	0.0	0.0	0.0	0.0	0.0	0.0	0.0
dosg138	0.0	0.0	0.0	0.0	0.0	0.0	0.0	0.0	0.0	0.0	0.0	0.0	0.0	0.0	0.0	0.0	0.0	0.0	0.0	0.0
dosg139	0.0	0.0	-2.00606229093	0.0	0.0	0.0	0.0	0.0	-0.785937539428	0.0	0.0135549097133	0.0	0.0	0.0	0.0	0.0	0.0	0.0	0.0	0.0
dosg140	0.0	0.0	-1.24939858364	0.0	0.0	0.0	0.0	0.0	0.0	0.0	0.0	0.0	0.0	0.0	1.3318715001	0.0	0.0	0.0	0.0	0.0
dosg141	0.0	0.0	0.0	0.0	-0.78302771914	0.0	0.0	0.0510426940656	0.0	-1.0458665889	0.180084858957	0.0	0.0	0.0	2.18656103921	0.0	0.511547565361	0.0	-0.490812013631	0.0
dosg142	0.0	0.0	-0.874262356832	0.0	0.0	0.0	0.0	0.0	0.0	-0.0513389824364	-0.447266944164	0.0	0.0	0.0	0.0	0.0	0.0	0.0	0.982401182789	0.0
dosg143	0.0	-0.21110776623	0.332080688739	0.0	-1.06881350147	0.0	0.0	0.0	0.0	0.0	0.634453513892	0.0	-1.63822874668	0.0	0.0	0.0	0.640885162321	0.0	0.0	0.0
dosg144	0.0	0.0	0.945401987192	-1.7452399097	0.886023689306	0.0	0.0	0.0	0.251121401578	-0.771112113975	0.0	0.0	0.654279648252	0.0	0.0	0.0	0.0	0.0	0.0	0.0
dosg145	0.48713556771	0.0	-2.16268048404	0.0	0.0	0.0	0.0	0.0	0.0	0.0	0.0	0.0	0.0	0.0	0.0	0.0	0.0	0.0	0.0	0.0
dosg146	0.0	1.1154104277	0.0	0.0	-0.0333420440567	0.783043141741	0.0	-0.330876133943	0.0	0.0	0.0	0.0	0.0	-1.64237207469	0.0	0.0	0.0	0.0	0.0	0.0
dosg147	0.0	0.0	0.0	1.17626608779	0.0	-1.13012569956	0.0	1.48963706053	0.0	1.67600798547	0.0	0.0	1.22408239065	0.0	-0.593599602161	0.0	0.0	0.0	0.0	0.0
dosg148	0.0	0.0	-0.227673314854	0.0	0.0	0.0	0.0	0.0	0.0	0.0	-1.31850092454	0.0	-0.290682589825	0.0	0.0	0.0	0.0	0.0	0.0	1.76463755829
dosg149	-0.251050677063	0.0	0.0	0.0	0.679097392895	0.0	2.5241946672	0.0	0.0	0.0	0.0	0.0	0.0	0.0	0.0	0.0	0.0	0.0	0.0	0.0
dosg150	0.0	0.0	0.0	0.0	0.0	0.0	0.0905807906703	0.0	0.0	0.0	-2.7631604076	0.0	0.0	0.0	0.0	0.0	0.0	-1.6010476686	0.0	-0.488002381644
dosg151	0.0	0.0	0.0	0.0	0.0	0.0	0.0	-0.153467701542	0.0	0.0	0.0	0.0	1.45434533818	0.0	0.0	0.0	0.487230991217	0.283877793266	0.0	0.0
dosg152	0.934181774345	0.67260237683	0.0	-0.00423471885902	0.0	0.0	0.0	0.0	0.716964670669	0.0	0.850654806152	0.9038290776	0.0	0.0	0.0	1.06477419168	0.0	0.0	0.0	0.0
dosg153	0.0	1.29342191468	0.0	2.29203694516	0.0	0.0	0.0	0.0	-1.50855027867	0.0	2.04271947364	0.0	1.13052626389	0.0	1.7734607016	0.266099199174	0.0	0.0	0.0	-0.0303904871466
dosg154	0.0	0.0	0.0	-0.376192526086	0.0	0.0	0.0	0.129892525484	0.0	0.0	0.0	0.0	-0.130543802084	-0.31806721202	0.0	0.0	-0.606676680348	1.30969641796	0.0	0.0
dosg155	-0.459207799736	0.857942450205	-0.845889129699	-0.538225125492	0.0	0.0	0.525443256175	0.0	0.0	0.0	0.0	0.532504396074	0.0	0.806728464415	0.0	0.0	0.0	0.0	0.0	0.0
dosg156	0.0	0.256115958518	0.466442369789	0.0	0.0	0.0	0.0	1.03816882615	0.0	0.0	-1.07919887176	0.0	0.0	0.0	0.0	0.0	0.0	0.0	0.0	0.0
dosg157	0.0	-1.99052374712	-0.197123145907	0.0	0.0	2.35728241634	0.0	0.0	0.289207411402	0.0	0.0	0.0	0.750060479317	0.151858923959	0.0	0.0	0.0	0.0	-0.579520030355	0.0
dosg158	0.0	0.0	0.813898138885	-1.21775668881	0.0	0.0	-0.0462371907074	1.62848062552	0.0	0.0	-0.352517229713	0.0	-0.273687762142	0.0	0.0	0.0	0.0	0.0	0.0	0.0
dosg159	0.0	0.0	0.186232614547	0.0	0.0	0.0	0.0	1.80042863636	0.367577842315	1.21256551518	-0.22202748847	0.0	0.0	0.0	-0.457880996571	-0.058443276494	0.0	0.0	0.0	0.0
dosg160	0.0	-1.95073894784	0.908513944086	0.0	0.0	0.0	0.0	0.0	0.0	0.0	0.0	0.0	0.0	-1.21914451827	0.0	0.0334992463088	0.0	0.0	0.0	0.0
dosg161	0.0	0.0	0.0	0.0	0.0	0.0	0.0	0.488976473087	0.0	0.0	0.0	0.310558133124	0.0	0.0	0.0	0.0	0.0	0.0	1.43232111559	0.0
dosg162	-0.8357537455	0.0	0.0	0.0	0.0	0.0883007261275	0.0	0.47959647053	0.0	0.0	0.255854720853	0.0	0.0	0.0	0.0	0.0	0.0	0.0	0.0	0.0
dosg163	-0.517127792415	0.0	0.159471141309	0.0	0.0	0.0	0.0	0.166773500383	0.0	0.0	0.0	0.0	-2.06848874553	0.0	0.0	-0.362510553523	0.793334805206	0.0	0.0	0.0
dosg164	0.0	0.0	-0.677256401528	0.0	0.0	-1.06517021098	0.0	0.0	0.0	0.0	0.0	0.0	-0.470819145538	0.0	0.0	0.0	0.0	0.0	0.0	0.0
dosg165	-0.693574722001	0.0	0.0	-0.725211710584	0.0	0.0	0.0	0.0	0.0	0.0	0.0	0.0	0.0	0.0	0.0	0.0	0.0	0.0	0.0	0.0
dosg166	0.0	0.0	0.615173591548	0.0	0.0	1.46990425421	0.0	-0.056856980561	0.15967493349	0.0	0.0	0.0	0.0	0.0	0.0	0.0	0.0	0.0	0.0	-0.504264254473
dosg167	0.0	0.712154732806	0.0	1.09809429735	0.0	0.0	-0.0668132453972	0.0	0.368901482229	0.0	0.0	0.0	0.0	0.0	0.0	-0.229280090183	0.504679674481	0.0	-0.181855104294	0.0
dosg168	0.0	0.0	0.0	0.0	0.0	0.0	0.0	0.0	0.0	0.0	0.0	0.0	-0.154026037869	0.0	0.0	0.154133658699	-0.702273078478	0.0	-0.619545636369	-0.737516384182
dosg169	0.0	0.0	0.0	0.0	0.0	0.0	0.0	-0.450691330552	0.0	0.0	0.0	-0.0726242119264	0.0	0.0	0.0	0.0	0.0	-0.00596206181593	0.0	0.0
dosg170	0.0	0.331610905066	0.0	0.0	0.0	0.841011410214	0.409363839765	0.0	0.0	0.0	0.0	1.22514895975	0.0	0.0	-1.2536594962	0.0	0.0	0.0	0.0	0.0
dosg171	0.0	0.0	0.0	0.0	0.0	0.0	0.0	0.0	-0.144010693634	-0.944362626119	0.0	0.0	0.0	0.0	0.0	0.0	0.751566503292	0.0	0.0	0.0
dosg172	0.0	0.0	0.0	0.0	0.0	0.523919561955	0.0	0.0	0.0	0.0	0.0	0.0	0.742940093967	0.0	0.0	0.0	0.0	-0.609348926123	0.0	0.0
dosg173	0.0	-0.620691656811	0.0	0.0	0.0	0.0	0.0	0.841448272007	0.0	0.0	0.0	0.0	0.0	0.0	1.33214041966	0.0	0.0	0.0	0.0	0.0
dosg174	-1.25683098512	-1.5143773416	-0.571565470343	2.34106629558	0.0	-0.295202068153	0.0	0.458296767584	0.0	0.0	0.451918510652	1.59109812796	0.0	0.0	0.0	-0.37714754805	-0.875208698413	0.57065406689	0.0	0.0
dosg175	0.0	0.0	0.0	0.0	0.0	-2.02456118805	-0.852380668059	0.215912925783	0.0	0.0	1.25251269104	0.0	0.0	0.0	0.0	-0.0246753919783	0.0	0.0	0.147709255674	0.0
dosg176	0.0	-1.28930563544	0.0	0.0	0.0	0.0	0.0	0.0	-0.782590191294	0.0	0.0	0.0	0.0	0.0	1.09692472578	0.0	1.50456477708	1.17445886601	0.0	0.0
dosg177	0.0	-1.70983441693	-0.00519259156136	0.0	0.0	0.0	-0.655379926968	-0.753728177076	0.0	0.0	0.0	0.0	0.0	0.0	0.0	1.69027491566	0.0	0.0	0.288855976141	0.0
dosg178	2.06256199207	0.0	0.0	-0.10292222218	0.0	0.0	0.0	0.345337667027	0.0	0.0	0.0	0.0	1.30352557164	2.06376346952	0.0	0.0	0.0	0.0	0.0	0.0
dosg179	0.0	0.0	0.0	-0.121747004609	0.0	0.0	0.0	0.0	0.0	-0.934367963667	0.0	0.0	0.0	0.0	0.0	0.0	0.0	0.0	0.0	-1.11809070535
dosg180	0.0	0.0	0.0	0.0	0.0	0.0	0.0	0.0	0.356255122474	0.874665051999	0.0	0.0	0.302153926804	0.0	0.0	0.625844820887	0.0	0.0	0.0	0.0
dosg181	0.0	0.0	-0.0825696988557	0.0	0.0	0.0	0.0	0.0	0.0	0.0	0.0	0.563129503548	0.0	0.0	0.0	0.0	0.0	0.0	0.0	-0.732066705242
dosg182	0.0	0.0	0.0	0.0	-0.683026974746	0.0	0.0	0.0	0.0	0.0	0.0	0.0	0.0	-0.50083390597	0.0	0.0	0.0	0.0	0.0	-2.67205466772
dosg183	-0.463562815092	0.0	0.0	0.0	1.01124325617	0.0	0.0	0.0	0.0	0.0	0.0	0.0	0.0	0.0	0.0	0.0	1.80178976842	0.0	0.0	0.0
dosg184	0.0	0.0	0.0	0.0	0.0	0.0	0.0	0.0	0.0	-0.682548747896	0.0	0.0	0.0	0.0	1.45229650721	0.708377767971	0.0	0.0	0.0	-0.92554473341
dosg185	0.0	-1.7285735244	0.0	0.0	0.0	0.0	-1.75721272208	0.0	0.0	0.0	0.0	0.0	0.0	0.0	0.0	0.0	0.0	0.735823012253	0.0	0.0
dosg186	0.0	0.0	-1.26145905865	0.00782319547744	0.0	0.0	0.0	0.596187735489	0.0	0.0	0.0	0.73294590146	0.0	0.44769176695	0.0	0.0	0.0	0.0	0.0	0.0
dosg187	0.0	0.0	-1.28525546246	0.294301941721	0.158045415852	0.0	0.0	0.0	0.32474221102	0.313300143512	1.41597691278	0.0	0.0	0.0	0.0	-0.832857282398	1.8219150689	0.0	-0.808875925487	-0.791606888979
dosg188	0.0	0.0	0.0	-0.145076966275	0.0	0.132759718384	0.0	0.0	0.0	0.0	0.0	0.0	0.0	0.0	0.0230700061111	0.274189205138	-1.71508539489	0.0	0.0	0.0
dosg189	0.0	0.0	-0.669212494887	0.0	0.0	0.0	-0.135332660263	0.160559198644	0.0	1.18378526358	-0.779099526321	0.0	0.0	0.0	0.0	0.0	0.0	0.0	0.0	-0.0393717590369
dosg190	2.04380741604	0.0	0.0	-1.02967729908	0.0	0.0	0.0	-1.34256331964	0.600372725676	0.0	0.0	0.0	0.12068963309	0.0	-0.669586366083	0.0	0.0	0.0	0.0	0.0
dosg191	0.0	0.393482056664	0.0	0.0	-1.63664878909	0.0	0.0	0.0	0.0	0.0	0.0	0.0	0.0	0.0	0.0	0.0	0.0	0.0	0.0	0.0
dosg192	0.0	0.219527497978	0.0	0.0	0.0	0.0	0.0	0.0	0.0	-0.608674569424	-0.919928692944	0.0	0.0	-1.05854892723	0.979903608078	0.0	0.0	0.0	0.0	0.0
dosg193	-0.923087214911	0.0	0.0	0.0	0.0	0.0	0.0	0.0	0.0	0.0	0.0	0.0	0.201377510516	0.0	0.0	0.0	0.0	0.0	0.0	0.0
dosg194	0.0	0.0	0.0	0.0	0.0	0.0	0.0	0.0	0.0	0.0	0.187137102677	0.0	0.0	0.0	0.0	0.0	-0.107450551716	-1.09624588375	0.0	0.0
dosg195	-0.268726247345	0.0	0.0	0.11858685889	0.0	0.0	0.0	0.0	0.0	0.0	0.0	-0.173430275504	2.37366436022	0.0	0.0	0.0	0.0	0.0	-0.12649150018	0.0
dosg196	0.750592711773	0.0	0.0	0.0	0.0	2.2988503041	-1.10189333705	0.0	0.0	0.0	-0.726759045424	0.0	0.0	0.0	-0.0325695823473	0.0	0.0	0.0	-0.839274682819	0.503037254285
dosg197	0.0	0.0	0.0	0.0	-0.443848494645	0.0	0.0	0.311359286875	-1.03701628396	0.376228801148	0.439166394003	0.845634552307	0.0	0.0	0.0	0.0	0.0	0.0	0.214086063936	-1.24744974069
dosg198	0.0	0.0	0.0	-0.817912869813	0.0188077120348	0.189834502896	0.0	0.0	0.0	0.0	0.0	-1.83857587887	1.58406668378	0.0	0.0	1.49601527438	-0.282810855561	0.0	0.0	0.0
dosg199	0.0	0.0	0.0	0.0	0.0871977470405	-1.30930191461	0.0	0.0	0.0	2.73321074025	0.0	1.00834442444	0.0	0.0	0.0	0.0	0.0	0.0	0.0	0.536038330114