unot0	unot1	unot2	unot3	unot4	unot5	unot6	unot7	unot8	unot9	unot10	unot11	unot12	unot13	unot14	unot15	unot16	unot17	unot18	unot19
unot0	0.0	0.0	-0.899462993796	0.0	0.0	-0.380895130973	0.0	0.0	-1.87653305056	0.0	0.0	0.0	0.0	1.61926240365	0.0	0.0	0.0	0.0	0.0	0.0
unot1	0.0	0.0	0.0	0.286733966022	-0.994527689416	0.0	0.0	0.0	0.0	0.0	0.0	0.0	0.0	0.0	0.0	0.0	0.0	0.0	0.0	0.0
unot2	0.0	0.0	0.0	0.209036925174	0.0	0.0	0.0	0.0	0.0	-1.25818281065	0.0	0.0	0.0	0.0	0.0	0.0	-0.627821238152	0.0	0.0	0.0
unot3	0.0	0.0	0.0	-0.474766206033	0.938900101993	0.0	0.0	0.0	0.48178149142	-0.68628869599	-0.430826140687	0.0	-0.18542357352	0.0	-1.29902737218	0.0	0.0	1.21439615739	0.0	0.440892172121
unot4	0.0	0.0	0.130852679262	0.0	0.0990525548207	0.0	0.0	0.0	0.515902941994	0.0	0.0	0.0	0.0	0.0	0.295506544857	1.14408964316	0.0	0.0	0.0	0.0
unot5	0.0	0.0	0.0	-0.221600565603	0.665475447861	0.0	0.0	1.14056660232	0.0	0.0	0.0	0.753454866398	-0.14608131142	0.0	0.0	0.0	0.0	0.0	0.0	1.89144796321
unot6	0.0	0.0	0.161060007545	-0.309158957504	0.0	0.0	0.0	0.255845178823	0.0	0.0	-0.525648686396	0.384725110976	0.0	0.0	-0.59810649712	0.0	0.0	0.0	0.0	-1.91477115565
unot7	0.0	0.0	0.0	-0.864449904099	0.0	0.0	0.0	0.0	0.0	-0.595225743548	0.268265327239	-0.644308425259	0.0	0.0	1.22921061407	0.0	0.0	0.473027403783	0.0	0.0
unot8	0.0	0.0	0.0	0.0	0.0	0.0	-0.184866106225	0.0	0.64269208352	0.0	0.0	0.0	0.0	0.0	0.0	0.0	1.0671958616	0.650106257457	0.0	0.0
unot9	0.0	0.0	0.0	0.0	0.0	0.0	0.0	0.0	-0.0550024230354	0.0	0.0	0.0	0.0	1.32688308418	0.0	0.0	0.877547680373	0.0	0.0	0.0
unot10	0.0	0.0	0.0	0.0	0.0	0.0	0.164830859577	0.0	0.0	0.0	1.28441168463	0.0	0.0	0.0	0.0	0.350678888482	0.0	0.0	1.19624098013	-2.80068274422
unot11	0.0	-0.288683955611	0.0	0.0	0.0	0.0	0.0	-1.17088689223	0.0	0.0	0.0	0.0	0.0	0.0	0.0	0.0	0.0	0.0	0.0	0.0
unot12	0.0	0.0	0.0	0.0	0.0	0.0	0.0	0.0	0.25635985444	0.0	0.0	0.0	0.0	0.0	-0.352382868528	0.0	0.0	-1.1613744476	0.0	0.0
unot13	2.91398068109	0.0	-0.0242823548417	0.0	0.0	-0.670331452398	0.0	0.0	0.0	-0.948243257044	0.0	0.795555092912	0.0	-1.41287468063	-0.245353246887	1.44955338372	0.274943141304	0.0	0.0	-0.11189623836
unot14	0.587437588587	0.0	0.0	-0.535574158208	0.0	0.0	0.0	-0.12233977263	0.0	0.0	0.0	0.0	0.0	0.0299535675243	0.0	-0.765172767345	0.0	-0.389502396095	0.0	0.0
unot15	0.205666613277	2.21604181451	0.0	0.0	0.0	0.0	0.0	0.0	0.0	-0.630383974555	0.0	0.0	-0.127671929507	0.0	0.0	0.0	0.0	0.0	0.0	0.0
unot16	0.0	0.0	0.0	0.0	0.0	0.280655789097	-1.45785354323	0.0	0.0	0.0587381936731	0.0	0.343253585039	0.0	0.0	-0.948782924212	-0.769806329552	1.08949781945	0.0	-0.0256421162361	-0.00821159524794
unot17	0.497295687903	0.0	0.0	-0.108637013835	0.0	0.0	3.03345392701	0.0	0.0	-1.62192762908	0.0	-0.634351241956	0.0	0.0	0.0	0.0	0.0	0.0	0.0	0.0
unot18	0.672914093131	0.0	0.0	0.598128464366	0.0	0.0	-2.2633883061	0.0	0.0	-1.77230046993	0.0	0.0	0.0	0.0	-1.77100171642	0.0	0.0	0.0	0.0	0.0
unot19	0.0	1.59288391972	0.0	-0.698280239379	0.0	0.0	0.0	0.0	0.0	0.0	0.0	0.0	0.0	0.0	0.0	0.0	0.0	-1.92317013782	0.0	0.0
unog0	-1.52535602858	0.0	-0.0179458007233	0.0	0.0	0.0	0.0	0.0	0.0	0.0	-0.398740924424	0.0	0.0	0.0	0.0	0.0	0.0	0.0	1.41898938683	0.0
unog1	-0.410943464122	0.0	0.450482904194	0.0	0.0	0.0	0.0	0.0	0.0	0.710442752648	0.0	1.32547560397	0.0	0.0	0.0	0.0	0.0	-0.809325914395	0.0	0.0
unog2	0.0	0.683556904185	0.0	0.0	0.0	2.06604603305	0.0	0.0	0.0	-0.630878812377	-0.541934706816	-0.684621536375	-0.253054137982	0.0	0.0	0.0	0.0	0.0	0.440470532877	-0.939825389204
unog3	0.0	0.0	0.0	-0.604373620492	0.0	0.0	0.0	0.0	0.0	0.0	0.0	0.0	0.0	0.0	-0.805928654699	0.0	0.0	0.590261601828	0.0	-0.202991704817
unog4	0.0	-0.362790801356	0.0	0.0	0.0	-1.51728404094	0.0	0.38702324734	0.0	0.0	0.0	0.0	0.0	0.0	0.0	0.0	0.0	0.0	0.0	0.0
unog5	-1.96427249468	0.0	0.615823573284	0.0	0.0	0.0	0.0	2.17283535256	0.0	0.0	0.0	0.0	0.634088270869	0.0	-0.820514942052	0.0	0.0	0.0	0.0232507953134	0.0
unog6	0.0	0.0	0.0	0.0	0.0	-0.00158040090259	-1.05822967489	-0.956851993267	0.0	0.0	0.0	0.0	0.0	0.0	0.649898370746	0.0	-2.20190835146	0.0	0.0	0.0
unog7	0.0	0.0	0.0	0.0	0.0	0.0	0.0	0.0	-1.50774358179	0.0	0.0	-1.10816777621	0.0	-3.18121694205	0.0	-1.05448282341	0.0	0.0	0.0	0.0
unog8	0.0	0.0	0.0	0.0	0.407060929922	0.0	0.0	-0.740280516322	0.0	1.31692603249	0.0	0.0	-0.862548879616	0.0	0.0	0.0	-0.227985878275	0.0	0.0	0.26355902107
unog9	0.0	-0.613187399701	0.0	-1.55484836241	0.0	0.0	0.0	0.0	0.0	0.401114058996	0.0	1.16717439842	0.0	0.0	-0.847966914936	0.0	0.0	0.0	0.0	0.24867270357
unog10	0.0	0.0	0.0	0.0	-0.97331282019	-0.536355752578	0.0	0.0	0.0	0.0	0.0	0.0	0.0	0.0	0.0	0.0	0.0	-2.40574391719	0.0	0.0
unog11	0.0	0.0	0.0	0.0	0.0	0.0	0.0	0.0	0.531751306633	0.0	0.0	0.0	0.0	0.658575978023	0.0	0.0	0.0	0.0	0.0	0.0
unog12	0.0	0.0	0.0	-1.30375957928	0.0	-0.10895281261	0.0	0.0	0.60189778128	0.0	0.0	0.0	0.0	0.0	0.0	0.673845056092	0.615864274132	0.0	0.0	0.0
unog13	0.0	0.0	0.0	0.0	0.0	0.0	0.0	0.0	0.0	0.0	0.0	-0.530602520501	-0.577889630881	0.0	-0.234700291648	0.0	1.50029433864	0.0	0.0	0.0
unog14	0.0	-1.58763689846	0.790502202884	0.0	0.0	0.0218104686195	0.0	0.0	1.42331192244	0.0	0.0344388391857	0.0	0.0	-1.36759064276	0.0	0.0	0.651195307245	0.0	0.0	0.0
unog15	0.0	0.0	0.0	0.0	0.0	-0.280180685328	0.0	-0.0937975200148	0.0	-0.901879995399	1.66728099509	0.0	0.0	3.26503811028	0.0	0.27863832338	0.0	0.0	0.0	0.0
unog16	0.0	0.0	0.0	0.0	0.0	0.0	0.0	0.512276997885	0.0	0.0	0.0	-0.265500610396	0.0	0.0	0.0	-0.784052648765	0.0	0.0	0.0	0.0
unog17	0.0	-0.353021762573	0.478062334316	0.0	0.0	0.0	0.0	0.0	0.0	0.0	0.0	1.37052513352	0.0	0.0	0.0	0.0	0.0	0.0	1.97096617622	0.0
unog18	0.0	0.0	-1.09965335503	0.0	0.0	0.0	0.0	0.0	0.0	0.6560903079	0.0	1.24695200737	0.0	0.0	0.0	0.0	0.0	0.0	0.302433610454	0.0
unog19	0.0	-1.1545740528	0.0	1.47256693542	0.0	0.43587954672	0.0	0.0	0.461694483525	0.0	-0.375039280429	0.0	0.0	0.0	-0.539513389893	0.0	0.0	0.0	0.0	0.0
unog20	0.0	0.0	0.0	0.0	0.108433150109	0.0	0.0	0.0	-0.652081903031	-1.45670948406	0.0	0.321832367515	0.0	0.0	0.0	0.0	0.0	0.0	0.0	0.0
unog21	0.0	0.0516605194241	-1.07371805357	0.0	1.50485891657	1.11725678659	0.0	0.0	0.844544772545	0.0	0.0	0.0	0.0	0.0	0.0	0.0	0.0	0.59284359204	0.0	0.0
unog22	0.0	0.0	0.0	0.0	0.0	-0.0853285980413	0.0	1.20646219461	0.47871078815	0.0	0.0	0.447390165095	0.0	0.0	0.0	0.0	0.217318500128	0.0	0.0	0.617355976099
unog23	0.0	0.0	0.0	0.795148396515	-0.32292424526	0.513012208102	1.56887132242	0.0	-0.354217882226	0.0	0.0	2.61364779195	0.0	0.0	-2.03707483431	0.0	0.0	0.0	0.423157906231	0.0
unog24	0.0	0.0	0.235685643172	0.0	0.0	0.187002602943	0.0	0.0	0.0	0.0	0.0	0.0	0.0	0.0	0.0	0.0	0.0	0.0	1.60041258127	-0.133955430185
unog25	1.77352148118	0.0	0.0	0.0	0.0	0.0	0.0	-0.366836015398	0.0	0.0	0.0	0.0	0.646676039193	0.0	0.0	3.50585464019	0.0	0.0	0.0	0.0
unog26	0.0	0.0	0.0	0.0	1.15397931459	0.0	0.0	-1.12620516816	0.0	0.627302059048	0.0	0.0	0.0	0.0	0.0	0.0	0.0	0.0	0.0	0.0
unog27	0.0	0.235158690215	0.0	1.04818617645	0.0	0.0	0.0266589662663	-0.554068013055	0.0	0.0	0.0	0.0	0.0	0.0	0.509195289151	0.484763348862	0.0	0.0	0.0	0.0
unog28	0.0	0.0	0.0	0.0	0.0	0.0	0.0	0.0	0.0	0.0	0.0	-1.17921284298	0.0	1.25171769338	0.0	0.0	0.0	0.0	0.000478667340344	0.0
unog29	0.0	0.0	0.0	0.0	0.0	0.0	0.0	0.981300012803	0.0	0.0	0.0	0.0	0.0	0.0	0.0	0.486240595905	0.0	0.0	0.0	0.0
unog30	-0.960845218464	0.0	-0.193141552032	0.0	0.0	0.0	-0.1925723823	-1.66566919936	0.55380545156	0.453272023614	0.0	0.0	0.0	0.0	0.0	0.0	0.0	1.32848831982	0.0	0.0
unog31	0.0	0.0	-0.348630134971	-0.445171445808	0.0	0.0	0.0	0.0	0.0	-1.50307664167	0.0	0.0	-0.965099198767	0.0	0.0	0.0	0.0	0.0	-1.23404872478	0.0
unog32	0.0	0.0	0.0	0.0	0.0	0.0	0.0	-0.223540416875	0.0	0.0	0.0	0.0	-0.661955161143	0.0	-2.54412877954	0.0	0.827513037693	-0.293618635329	0.0	0.0
unog33	0.0	0.0	0.0	0.0	0.0	0.0	-1.17942317342	-2.61419851949	1.77293763911	0.0	-1.067857236	-1.46645321422	-0.696166551227	0.0	0.0	-0.930478295803	0.0	0.212182928246	0.532033085114	0.0
unog34	0.0	-0.619279044117	-0.506495023308	0.0	0.0	0.0	0.0	0.0	0.0	0.0	0.0	0.0	0.0	0.0	0.0	0.0	0.0	0.0	0.0	2.41616535444
unog35	0.0	-1.12820786875	0.0	0.0	0.0	0.0	0.0	0.0	0.0	0.0	0.0	0.0	0.0	0.0	0.0	0.0	0.0	0.0	0.0	0.0
unog36	0.0	0.0	0.0	0.0	-0.729982908979	0.0	0.0	0.0	0.0	0.0	-0.689109307729	0.0	0.0203621550867	-0.393699267358	0.0	0.0	-1.77612371712	-0.796619813163	0.0	0.0
unog37	0.0	0.0	0.0	0.0682310465553	0.0	0.0961877590076	0.230270666329	0.0	0.0	0.0	0.0	0.0	0.0	0.0	0.0	0.0	0.0	0.0	-0.291796494793	0.0
unog38	0.0	0.0	-0.345480404506	0.0	0.0	0.0	0.00440980709568	0.0	0.0	0.0	0.0	0.0	0.0	0.0	0.0	0.0	0.0	0.0	-0.0663578242906	0.0
unog39	0.0	0.0	0.0	0.0	0.60222220525	0.0	0.0	0.951843954451	0.0	1.79009416589	0.0	0.0	0.0	0.371958988718	0.0	0.0	-1.3684044183	0.0	0.0	0.0
unog40	-0.365166545645	0.0	0.0	0.0	0.0	0.0	0.0	-0.188734876656	-0.684223576223	0.611155640873	-0.681804134112	-1.74309099904	0.0	0.0	-0.413654935574	0.0	-0.273308820079	0.0	0.0	0.0
unog41	0.0	0.0	-1.59579547732	0.0	0.0	-0.65600524764	0.0	0.0	0.0	-0.0200817923242	0.0	0.0	0.0	0.0	0.0	-1.68272390094	1.03602542997	0.412011037114	0.0	0.0
unog42	0.0	1.30987052257	0.618725053129	0.0	0.0	0.0	0.0	0.0	0.0	0.0	0.0	0.0	0.0	0.0	0.0	0.0	-0.00130008304526	0.0	0.0	0.0
unog43	0.0	0.0	0.01629460716	0.0	0.0	0.0	0.0	0.0	-0.633851876452	0.0	0.0	0.0	0.0	0.0	0.0	-0.419575393604	0.0	0.0	0.0	0.0
unog44	0.0	-0.451828818934	0.298835606645	0.0	0.0	0.0	0.0	0.0	-1.07254905629	0.0	0.0	0.0	0.0	0.0	1.38367150001	0.0	2.03868505789	0.0	0.0	0.0
unog45	0.0	0.0	0.0	-0.541452285929	0.0	0.0	-1.73939588664	0.0	-1.27949266861	2.07385809093	0.0	0.0	0.0	0.0	0.0	0.0	0.0	-0.156497924185	0.0	0.0
unog46	0.0426936554371	-2.62903360938	0.0	2.05708969345	0.0	0.0	0.0	-1.73175359885	1.67750030554	0.0	0.0	-0.181994199921	0.0	0.0	0.0	0.0	0.0	0.0	0.0	0.54817421665
unog47	0.0	0.670057647472	-1.19813782702	0.0	-1.95944469437	0.0	-1.34415807356	0.0	0.0	0.0	1.907891891	0.0	0.0	0.0339298175474	0.0	1.05433684732	0.0	0.0	0.0	0.0
unog48	0.867536789435	0.0	0.0	0.586324021198	0.561247069823	0.0	0.0	-0.283104967395	0.0	0.0	1.27686452513	0.0	0.0	0.0	1.20479809121	-1.13297689726	0.129609022164	0.9467787908	0.0	0.0
unog49	0.0	-0.209233173116	0.0	0.0	0.525580531923	0.0	0.0	-1.20736966769	0.0	0.0	1.18742841117	0.0	-0.673568417132	0.0	0.0	0.0	0.0	0.0	0.0	0.0
unog50	-0.0519867582372	0.0	0.0	1.61604499532	-0.0853843904466	0.0	0.0	0.0	0.0	0.0	0.0	0.0	0.0	0.0	0.0	0.0	0.848601140581	0.0	0.0	0.0
unog51	0.0	0.0	-0.301284475022	0.0	0.0	0.0	0.0	0.0	0.0	0.0	0.0	-0.694089492275	0.0	0.0	0.604761701533	0.0	0.0	0.0	0.0	-0.99728096157
unog52	0.0	0.0	0.0	0.0	-1.18717558915	-1.44477351667	1.06621995569	-0.0960001421889	0.0	0.254796035811	-0.839701885666	0.0	0.0	0.0	0.65269322558	0.0	0.510419726207	0.0	0.0	0.0
unog53	0.0	0.0	0.925371998586	0.0	0.0	-0.628257074618	-0.837285604197	-0.598747337362	0.0	0.00504768034955	0.0	-0.500378939808	0.0	0.0	0.0	0.0	1.37655855658	0.651153183518	0.0	0.0
unog54	0.61737014418	0.0	0.0	0.0	0.0	0.0	-0.789769914059	0.0	0.452458479044	0.0	0.0	-1.6823318862	0.0	0.0	0.0	0.0	0.0	0.0	-1.2696474154	0.0
unog55	0.0	0.0	0.140312319852	0.0	-0.265385276587	0.0	0.0	0.0	0.0	0.233511850892	0.44632606128	0.0	0.338944226005	0.550543019085	0.0	0.0	0.0	-0.81641483719	0.851283779319	0.0
unog56	0.0	0.0	0.0	0.0	0.0	0.0	0.0	0.409355369114	0.0	0.0	0.0	0.0	0.0	0.0	0.0	0.0	0.0	0.0	0.0	0.0
unog57	0.0	-0.828583369534	-0.325816715706	-0.403209646416	0.0	0.0	0.0	0.0	0.0	0.0	0.0	0.0	-0.112117378439	0.0	0.0	0.0	0.0	0.0	0.0	-1.4395238912
unog58	0.0	0.0	0.0	0.0	0.0	-1.71232507353	-0.813598695236	-1.588142161	0.0	0.0	0.0	0.0	0.0	0.0	0.0	0.86400357011	0.0	0.0	0.0	0.0
unog59	0.0	0.0	0.337581760252	0.0	-0.481164038916	0.0	0.0	1.00577980266	0.0	-0.358135718064	0.0	0.0	0.0	0.0	2.68341387252	0.0	0.0	0.0	0.0	0.0
unog60	0.0	0.0	0.0	0.0	0.0	0.0	-0.873741091496	0.0	0.0	0.0	0.0653192195875	0.0	0.0	0.0	0.0	0.0	0.566297528309	0.0	0.0	-0.586337895407
unog61	0.0	0.0	0.0	0.0	0.0	0.0	0.0	0.758777280611	0.727907494674	0.0	0.056630282424	0.0	0.0	0.0	0.0	0.0	0.0	0.0	0.0	0.0
unog62	0.0	0.0	0.0	0.354637427569	0.0	0.0	0.0	0.0	0.0	0.0	0.0	0.726324958895	0.0	0.0	0.0	0.0	0.0	0.0	0.170274309836	2.47112325569
unog63	0.846580564908	0.0	0.0	-0.585699533572	0.0	0.208498118005	0.0	-1.15889030807	0.0	-0.931324672761	0.0	0.0	0.0	0.0	0.0	0.0	0.0	0.0	0.0	0.0
unog64	0.0	0.0	0.0	0.0	2.5335459033	0.0	0.0	0.0	0.0	-1.51487030067	2.06046117229	0.0	0.0	0.0	0.0	0.0	0.0	0.0	0.0	0.0
unog65	0.0	0.0	0.0	0.0	0.202727265252	0.0	0.0	0.0	0.0	0.0	0.0	0.0	0.0	0.0	0.0	1.02413401403	-0.0558116330021	0.0	0.0	2.69707472699
unog66	0.0	0.0	0.0	0.0	0.563568179925	0.0	0.0	0.0	0.0	0.0	0.0	0.0	0.665333534148	0.0	0.0	0.0	0.0	0.0	-0.804077951383	0.0
unog67	0.0	0.0	0.0	0.238466081398	0.0	0.0	0.0	0.0	0.0	0.923460858389	0.0	0.0	0.0	0.0	0.0	1.6879942505	0.0	0.0	0.0	0.0
unog68	0.0	0.0	0.0	0.0	0.0	0.0	0.0	0.0	0.0	0.0	0.0	0.0	0.0	0.0	0.0	0.0	0.0	0.00854115271829	0.0	0.0
unog69	0.0	0.0	-0.85615453113	0.0	0.0	0.0	0.565669928375	0.0	0.0	0.0	0.0	0.0	0.0	-0.522972309841	0.0	0.0	1.05999214364	0.0	0.0	-3.56430824406
unog70	-0.807325680675	2.36082484031	1.15016638788	0.0	0.0	0.0	0.0	0.704112057553	0.0	0.0	0.0	0.0	0.0	0.0	0.0	-1.04481759212	-2.02856487063	0.0	0.0	0.0
unog71	0.0	0.0	0.716248025128	0.0	0.0	0.0	-0.436349910196	0.0	-0.557654500475	2.23004138369	0.0	0.0	0.0	0.0	0.0	0.0	0.787841461295	0.0	0.24951106427	0.0
unog72	-0.185663261905	0.0	-1.48884584299	0.0	0.0	0.0	0.519476738054	0.0	0.0	-0.586890388819	0.0	0.0	0.0	0.0	0.0	0.0	0.0	0.0	-0.00955501042035	0.380396310567
unog73	0.0	0.0	-0.0196293131606	0.0	0.0	0.750164064588	0.0	-0.818865908892	-0.182168630007	0.0	0.0	0.0	0.2243470062	-1.84736076548	-1.01309429025	0.0	0.0	0.0	0.0	0.0
unog74	0.0	0.0	0.0	0.0	0.0	0.0	0.0	0.0	0.0	0.0	1.27215975946	0.244964989833	0.0	0.0	0.0	0.0	0.0	0.0	0.0	0.0
unog75	0.0	0.0	0.0	1.20599872966	0.0	-0.468921939432	0.0	0.0	-0.0355516467257	0.167613071828	0.0	-0.0646934921485	0.0	0.819024189311	0.0	-1.06899441246	0.660689454923	0.0	1.5579215391	1.26823128425
unog76	0.0	0.0	0.0	0.0	0.0	0.0	0.0	0.0	0.0	0.0	0.0	-0.278947149777	0.0	1.13499934049	0.0	-1.68126988451	0.0	0.0	0.0	0.0
unog77	0.860392808151	0.550167747906	0.345638776942	0.0	0.0	0.0	0.0	0.0	0.0	0.0	-0.702399346681	0.0	0.0	0.0	0.0	-0.54982546801	0.352815124685	0.0	0.0	0.0
unog78	0.0	1.58409797225	0.0	0.0	0.0	0.0	0.0	-0.720081962564	0.0	0.0	0.0	0.0	0.0	0.0	0.0	0.0	0.569865038199	0.0	0.0	0.0
unog79	-0.654799999475	0.0	0.0	0.0	-0.855002516739	0.0	-0.084184827951	1.22798417958	0.0	0.0526335379045	0.0	0.0	0.0	0.0	0.0	0.0	0.0	0.0	0.0	0.0
unog80	0.0	0.780136697487	0.0	2.13605417466	0.0	0.0	0.0	0.0	0.952120569457	0.0	0.0	0.361046313322	0.0	0.0	0.0	0.0	0.0	0.0	0.0	0.0
unog81	0.0	-2.09122282378	0.0	-1.44434316617	0.0	0.0	0.107274092623	0.0	2.72217303115	0.0	0.0	-0.191422601702	0.833417256129	0.0	0.0	0.0	0.0	0.0	1.04873422356	0.226230344574
unog82	0.0	0.0	0.0	0.0	0.0	0.0	0.0	0.682496683298	-1.90763546228	0.0	0.0	0.0	-0.113127293048	0.0	0.0	0.0	0.0	0.0	0.569043472447	0.0
unog83	0.0	0.0	0.0	0.0	0.0	0.0	0.0	0.0	0.0	0.0	0.0	0.0	0.0	-0.442704290997	0.0	0.0	0.0	0.0707686039026	0.0	0.0
unog84	0.0	1.94641219431	0.0	0.0	0.0	0.0	-0.696106688516	0.0	0.0	0.0	0.557581959735	0.0	0.0	0.0	-0.393337035422	0.0	0.0	-0.8505746251	0.0	0.0
unog85	0.0	-0.275293678634	-0.0526215508508	0.0	0.0	0.0	0.0	-0.859101281664	-0.082561826276	-2.64695624928	0.0	0.593551127018	0.00858781371331	0.0	0.0	0.0	0.0	0.0	0.0	0.0
unog86	0.0	-0.349004899628	0.0	0.0	-1.08840213026	0.0	0.0	1.38607875629	0.0	-1.43019352789	0.0	0.0	0.0	-0.667008168143	0.0	-0.95463997492	0.0	0.435619599306	0.0	0.0
unog87	0.0	-1.6569566736	-0.25906442398	0.0	0.0	0.0	0.0	0.0	0.0	0.0	0.0	0.0	0.0	0.0	0.0	0.0	0.0	0.0	0.547534057213	0.0
unog88	0.0	-0.316974866343	0.0	0.0	0.0	-0.0996293008565	-0.224458975763	-1.73297327204	0.0	0.0	0.0	0.0	0.0	0.0	0.0	0.0	0.0	0.0	-0.0479001169083	0.0
unog89	0.0	0.0	-1.3426513537	0.0	0.0	0.0	0.0	0.0	0.0	0.0	0.0	0.0	0.0	0.0	0.0	0.0	-0.858608291002	0.0	0.0	0.0
unog90	0.0	0.0	0.0	0.0	0.740853298444	0.0	0.0	0.0	0.0	1.42105979577	-0.430755451651	0.0	0.0	0.0	0.0	0.0	0.0	0.0	0.0	0.0
unog91	0.0	-1.34014344615	0.0	0.0	0.0	0.0	0.0	-1.14778483017	0.0	0.0	0.0	0.0	0.0	0.0	0.0	0.0	0.0	0.0	0.0	0.900853668749
unog92	0.0	-1.06821257697	1.96766059039	0.0	0.0	0.0	0.0	-0.883202006772	0.0	-0.215665427439	-0.525667581772	0.0	0.0	0.0	0.0	0.0	0.0	0.0	0.0	-0.81694833438
unog93	-0.379592237841	0.0	0.0	0.927691088988	0.713276393287	0.33089118495	0.0	0.0	0.0	0.0	0.0	0.0	0.0	0.0	-0.488650459029	0.0	0.0	0.0	0.243473277599	0.0
unog94	0.0	0.0	0.570922001834	0.0	0.0	0.0	0.0	0.0	0.0	0.0	0.0	-0.897838247155	0.0	0.0	0.0	0.0	0.0	0.0	0.0	1.51951747438
unog95	-1.56902837216	0.0	0.0	0.0	0.0	0.0	0.0	0.0	0.0	0.0	0.0	0.0	0.0	0.0	1.51338975172	0.0	0.0	0.0	0.0	0.0688548281132
unog96	0.0	0.0	0.0	0.0	0.0	0.0	1.58273308464	0.0	0.0	0.0	0.0	0.0	0.0	0.0	0.0	0.0	0.0	-1.06169181816	-1.27364544067	0.0
unog97	-0.334270765589	0.741886597163	0.0	1.83351276141	0.0	0.970846965715	0.0	0.0	0.0	0.0	0.120162667976	0.0	2.15339064973	1.44898219825	0.0	0.0	0.0	0.0	0.55193874693	0.0
unog98	0.0	-0.0579234422657	0.0	0.0	0.0	1.58922119961	0.0	0.0	-1.17539010827	-0.743103291846	0.0	0.0	0.0	0.0	0.0	0.658996879258	0.0	0.0	0.0	0.0
unog99	0.0	0.0	0.0	0.0	1.18842758558	0.0	0.0	0.0	0.0	0.0	0.0	0.318963055471	0.0	0.0	0.0	0.0	0.0	1.19556610354	0.0	-0.556415587791
unog100	0.0	0.0	0.0	0.857429006486	0.0	0.0	0.0	0.0	1.32136142354	0.0	-1.10401930658	0.0	0.0	0.0	-1.1316342321	0.0	0.0	0.0	0.0	0.0
unog101	0.0	0.0	-0.991766554463	-1.13439939216	0.0	0.0	0.0	0.0	0.0	0.0	0.0	0.337500092482	0.0	0.0	0.0	0.0	0.0	0.0	0.0	0.0
unog102	0.0	0.0	0.0	-0.860548639686	0.0	0.0	-1.34787256423	0.889609933402	1.07712167292	0.0	0.0	0.0	0.0	-1.71588383788	0.0	0.0	-1.37313619145	0.0	0.0	-0.395502822507
unog103	0.0	0.0	0.0	0.103855200779	0.0	0.0	-1.65979158747	0.0	0.0	0.0	0.0	0.0	0.0	0.0	0.0	-0.0602635573884	0.0	0.0	0.0	0.0
unog104	0.0	-1.52935363826	0.0	-0.0622476345248	0.0	0.0	-0.168075865527	0.0	0.0	-0.160722878531	0.0	0.0	0.0	0.0	0.0	0.212816624559	0.0	0.0	0.0	0.0
unog105	0.0	0.0	1.10913877067	0.0	0.0418154626427	0.0	0.0	-0.19963096174	0.0	-0.541959491001	0.0	0.0	-0.0613687071719	-0.813519388996	0.0	0.0	0.0	0.0	-0.610408764977	0.0
unog106	0.630254927212	0.0	0.0	0.0	0.0	0.0	0.0	0.0	0.0	-0.953219548487	0.0	0.0	0.0	0.0	0.0	0.0	0.0	0.0	0.0	0.0
unog107	0.0	0.0	0.0	0.132014402357	0.0	0.0	0.0	-1.15941641714	4.0917291813	0.0	1.09985917611	0.0	0.0	0.0	0.0	1.13651543994	0.0	0.0	0.0	-1.44548209575
unog108	-0.925537227108	0.0	1.53896932517	0.0	0.0	0.0	0.0	-0.713269171604	0.0	0.0	0.0	0.0	0.0	0.0	0.0	0.0	0.0	0.0	1.79577076453	0.650224193035
unog109	0.0	-0.166365354998	0.0	0.0	-1.40180089156	-0.0141137521818	0.0	0.0	0.0	0.0	0.0	0.0	-0.539564126117	0.0	0.0	-0.257857633223	0.0	0.0	0.0	0.0
unog110	0.831790004586	0.0	0.0	0.0	0.0	0.0	0.0	0.0	0.0890638916687	0.0	0.317153447327	-1.38636020403	1.94390824431	-0.894296819553	0.0	0.0	0.0	0.0	0.0	0.0
unog111	0.0	0.0	0.0	0.0	0.0	0.0	0.0	0.0	0.910906665278	0.0	0.0	0.0	0.0	0.0	0.0	0.0	0.0	0.0	0.0	0.0
unog112	0.0	0.0	0.0	0.0	-1.33120217696	0.291865021504	-0.30541134006	0.0	0.0	0.0	0.0	0.0	1.29214073604	0.0	0.0	0.0	-0.252560123071	0.0	0.542986374568	0.0
unog113	0.0	-0.934651827442	0.0	0.0	0.16016946289	0.0	0.0	0.0	1.17373808859	0.0	1.2617376397	0.0	0.362090798505	0.0860014876146	0.0	-1.69149607746	0.0	0.0	0.0	-0.905366574767
unog114	0.0	-0.352945451345	0.0	0.0	0.529954375626	0.0	0.0	0.0	0.0	0.0	0.0	0.0	0.0	0.0	0.0	0.0	0.0	0.0	0.0	1.05685208939
unog115	0.0	0.0	0.0	-1.71586494267	0.0	0.0	0.0	0.0	0.0	0.0	0.187147980836	0.0	0.0	-1.71855427863	0.539235337601	0.0	0.0	0.0	0.0	0.0
unog116	0.0	0.0	0.0	0.0	0.0	0.0	1.12013019508	0.0	0.0	0.0	0.0	0.0	0.0	-1.01626437014	0.0	-0.41573353746	-0.110432135258	0.0	0.0	0.357854674488
unog117	0.0	0.0	0.0	0.0876711752724	0.0	0.0	0.0	0.0	0.0	-1.4828394145	0.143936822141	0.0	0.0	0.0	0.0	0.0	0.0	0.0	0.0	0.0
unog118	0.0	0.0	-1.5480685697	0.0	0.316947157071	0.0	0.0	0.0603394755682	0.0	0.0	0.676392987643	0.0	0.262427684606	0.191407954103	0.0	0.0	0.0	0.0	-1.61815300911	0.0
unog119	0.0	0.0	1.31463806714	0.0	0.697658374984	0.0	0.0	1.79733719435	0.0	0.0	0.0	0.0	0.0	0.0	0.0	0.770751330977	0.0	0.132127474158	0.0	0.257121461293
unog120	0.0	0.0	0.986440263576	-2.40710074249	0.0	0.0	0.0	0.0	-0.24766058655	0.0	0.0	0.0	0.0	0.0	0.0	0.0	0.218173331143	0.0	-1.39741567564	0.0
unog121	-1.87209639259	-0.149604126257	0.159939533972	0.0	0.0	0.0	0.0	0.437058096547	0.0	0.0	0.0	0.0	0.0	-0.210501187506	-1.17572510445	0.0	0.0	-0.527074147767	0.0	0.0
unog122	0.354643255195	0.0	0.0	0.0	0.0	0.0	0.0	0.0	0.0	0.0	0.0	0.0	0.0	1.56535643198	0.0	0.754508315939	0.0866677468169	0.0	0.0	0.0
unog123	0.0	0.379988510703	0.0	0.0	0.0	0.0	0.0	0.00235288227932	0.0	0.0	0.0	0.0	0.0	0.0	0.0	0.0	0.0	-0.294441512704	0.0	0.0
unog124	0.0	0.0	0.898801324553	0.0	0.0	0.0	0.0	0.0	-0.691248257164	0.0	0.0	1.49523725459	0.0	0.0	0.0	0.0	0.0	0.0	0.312295480548	0.0
unog125	0.175253337515	1.68018983437	0.0	0.0	0.0	0.0	0.0	0.0	0.0	0.0	0.0	0.0	-0.279003871827	0.0	0.0	0.0	0.0	0.0	-0.736204951462	0.217861295281
unog126	0.0	0.0	0.0	-0.829560944322	0.0	0.0	0.0	0.0	0.0	0.0	0.0	0.0	0.0	0.0	0.0410563578948	0.0	0.0	-1.9912614118	0.0	0.925257872164
unog127	0.0	0.0	0.0	0.931225310855	0.0	0.0	0.0	0.0	0.0	0.0	0.0	-0.711290118303	0.0	0.0	-0.532884544986	0.0	0.0	0.0	-0.115674110444	0.0
unog128	0.0	0.0	0.153189442309	0.509202070283	0.0	0.0	0.0	0.0	0.0	0.0	0.348111950566	-1.60336320477	0.0	0.0	0.0	0.0	0.0	0.0	0.0	2.09142979375
unog129	0.0	1.00610197073	0.0	0.0	0.0	0.966964923564	0.0	0.0	0.0	0.0	0.0	0.0	-0.109040671778	0.0	-0.799283750659	0.0	0.0	0.0	0.0	-0.502962998055
unog130	0.0	0.0	0.0	0.0	0.0	0.0	0.0	0.0	-0.282779988062	1.7319940704	0.0	0.0	-1.10726255209	0.0	0.0	0.0	-0.0228288400587	0.0	0.0	0.0
unog131	0.0	0.0	-2.02343350725	0.0	0.0	0.0	0.0	0.0	0.0	0.0	0.0	-0.76076963884	0.0	0.0	0.0	0.0	0.0	0.0	0.0	-0.59032816068
unog132	-0.00782916127204	0.0	0.0	0.516649233261	-0.904646819431	0.363831478188	0.0	0.0	0.0	0.0	0.0	0.0	0.0	0.0	0.0	0.0	0.0	0.367458102073	0.0	0.0
unog133	0.0	0.0	0.0	0.0	0.890386086627	0.0	-0.919573706608	0.31245099562	2.27722225689	0.0	0.0	1.12832111631	0.0	0.0	0.0	0.0	0.0	0.0	1.19834636129	0.155004290197
unog134	0.0	-0.144610128608	0.0	0.798124745081	0.355429462471	0.0	-0.128400894459	0.0	1.17156312717	-0.260648105982	0.0	0.0	0.0	0.0	0.0	0.0	0.0	-0.702281078141	-1.01796170914	0.0
unog135	0.774209751849	0.177393160358	-1.46547363664	0.0	-0.724588341019	0.0	0.0	-1.93621084191	0.0	0.983240019459	0.0	0.0	0.466288510386	0.0	-0.437668069943	0.0	0.0	0.969749558731	0.0	0.309331807028
unog136	-0.696033468951	2.80085247041	0.0	-0.658112495057	0.0	-0.698289617337	0.0	0.0	0.0	0.0	0.0	0.0	0.0	0.139553607647	0.0	0.0	0.0	0.0	0.0	0.552433633057
unog137	0.0	0.700354455267	0.0	0.0	0.0	0.0	0.0	0.0303953845509	0.0	0.0	0.0	0.0	0.0	0.0	0.0	0.0	0.0	0.0	0.0	-1.75500785729
unog138	0.0	1.16498358286	0.295092979331	0.0	0.0	0.0	0.0	-1.38913652054	0.0	0.145688683804	-0.585141787834	0.0	0.0	0.0	0.0	0.0	0.0	0.0	0.339742209821	0.0
unog139	-1.0360455253	0.0	-2.57073586459	0.0	0.362076890143	0.0	0.0	0.0	-1.52614655971	0.129044487901	0.0	0.0	0.0	0.0	-0.183987718106	0.0	0.0	0.0	0.0	0.0
unog140	0.0	0.0	0.549857817759	0.0	0.0	0.0	0.0	-0.666636697459	0.0	1.15914887604	0.0	0.0	0.0	0.0	0.0	0.0	0.0	0.0	0.0	0.0
unog141	0.0	0.0937690548768	0.0	0.0	0.0	0.0	0.0	0.0	-0.80980178513	0.0	0.274170692937	0.0	0.0	0.0	1.43585563016	0.454426390224	0.0	0.0	0.0	0.0
unog142	0.0	0.0	0.0	0.0	0.425145671433	0.0	0.0	0.0	0.0	0.0	0.0	1.5041725296	0.0	0.0	-1.06759930865	0.391583253668	0.0	0.467715337015	0.0	0.0
unog143	0.0	0.0	0.671324322469	0.0	-1.43872903665	0.0	-0.304117448679	0.0	1.11589688201	0.0	-2.72151604073	0.0	0.0	0.0	0.0	-0.743510658679	0.0	0.0	0.0	0.0
unog144	0.546669775635	0.0	3.37523951057	0.0	0.0	0.0	-1.22617913125	0.0	0.0	0.779697071985	0.0	0.0	0.0	0.0	0.0	0.30272988269	0.0	0.321219398411	0.0	0.0
unog145	0.0	0.0	-0.963751987246	0.0	0.0	0.0	1.96811886009	0.0	0.0	0.0	-0.148527677475	0.0	0.0	1.42262791065	-0.620175174218	-1.90574200398	-0.589410034743	0.0	0.0	0.0
unog146	0.0	0.192253217704	0.0	0.0	0.0	0.0	0.0	-1.02884570735	1.00309850271	0.0	0.0	-1.362029254	-0.281299876091	-0.195253705847	0.0	0.0	0.0	0.0	0.0	0.0
unog147	0.0	-0.2817292683	0.0	0.0	0.0	0.0	-1.88952616848	0.0	0.0	0.0	0.0	0.0	0.0	0.0	0.0	0.0	0.0	0.52800792031	0.0	0.0
unog148	0.0	0.0	0.0	1.29074985335	0.0	0.0	-0.0485665704914	0.0	0.0	-0.209978534486	0.0	0.0	0.0	0.0	-0.148386365738	0.0	0.0	0.0	0.0	0.885614074185
unog149	0.0	0.0	0.0	0.0	0.0	0.0	0.0	-1.66525791948	0.0	0.0	0.0	0.0	0.0	0.0	0.0	0.0	0.0	0.0	-1.81160489583	0.0
unog150	0.0	0.0	0.0	0.0	0.0	-1.8459074145	0.0	0.379648202272	1.08452535908	0.764721452326	0.0	0.0	0.0	-2.24348211215	0.0	-0.732542734765	0.0	0.0439952407713	0.980073470352	0.310304784564
unog151	0.0	0.0	0.0	0.0	-0.826126445209	0.0	0.0	0.811305299446	0.83729429333	0.0	0.0	-0.855394823198	0.0806469867513	0.0	0.0	0.0	0.0	0.394166869306	0.0	0.688069099112
unog152	0.0	0.0	0.0	0.0	0.0	0.0	0.0	-0.716015620188	0.0639827625533	0.310873411152	-1.62758679451	-0.260514337994	0.0	0.0	0.0	0.0	0.0	0.957270258162	0.0	0.0
unog153	0.0	0.0	0.0	0.0	0.334285876411	0.0	0.0	1.11093590701	-0.883095059191	-1.4081144225	-0.307719684525	-0.266063130765	0.0	0.0	0.0	0.0	-0.560726758498	0.492233383834	0.0	0.0
unog154	0.0	0.0	0.0	0.0	-0.509395950125	0.0	0.0	0.0	0.0	0.0	0.0	0.0	0.0	0.0	0.0	0.0	-0.879374611202	0.0	0.0	0.0
unog155	-1.62947576064	0.0	0.0	0.0	0.0	0.0	0.0	0.0	0.805753451933	0.908303654802	0.0	0.715062123256	-0.300195458893	0.0	0.0	0.0	0.0	0.0	0.0	0.0
unog156	0.0	0.0	0.0	0.0	1.5410566978	0.0	0.0	0.0	0.0	-0.830648918062	-0.511613227849	0.0	-0.540822455288	0.0	-1.41933301484	0.0	0.0	0.0	0.0	0.0
unog157	0.0	0.0	0.0	-0.123428787247	0.0	0.0	0.0	0.0	0.0	0.0	0.232919282666	0.0	0.0	0.0	0.0	-0.790898600669	0.0	0.0	0.0	-1.58658049517
unog158	0.0	0.0	0.0	0.00783588130277	0.0	0.0	0.0	0.0	0.0	0.0	-1.21484415261	0.0	0.0	0.0	0.321632786	0.0	0.0	0.0	0.0	0.0
unog159	-0.533972737993	0.0	0.81046216012	0.0	-1.40264136343	-0.185154411199	0.0	0.788171094524	0.0	0.0	0.0	1.19024315197	-0.887916309432	0.0	-1.1379496183	-0.51522856321	-0.715501293533	0.0	0.514670858763	0.0
unog160	0.0	0.0	0.0	0.0	0.0	0.0	0.0	0.0	0.0	0.0	0.0	0.0	0.0	0.66228491094	-1.24382128751	0.241638035262	0.0	0.0	0.0	0.0
unog161	-0.273494755784	0.0	0.0	0.0	1.21849231149	0.0	0.0	0.0	0.0	0.0	0.0	1.04327645937	0.858226338387	1.3640837221	0.0	0.0	0.0	-1.52832798426	0.0	0.0
unog162	0.0	0.0	0.0	0.0	1.80321596282	0.0	0.197128194652	0.0	0.0	0.0	0.0	0.775427849573	0.0	0.0	0.0	0.0	0.0	-0.746440414907	0.0	0.0
unog163	1.05155201451	0.0	0.0	0.0	-1.14086487197	0.0	0.0	-1.32605712542	0.0	0.0	0.0	0.0	0.0	-0.385878272513	0.0	0.388159834875	0.0	0.0	-0.443473666402	0.837956053843
unog164	0.0	0.0	0.0	0.0	0.0	0.0	0.0	0.0	0.0	0.0	0.0	0.0	0.0	0.0	0.0	0.0	0.0	0.0	0.0	0.0
unog165	0.0	-0.137720096348	0.176831518502	-0.789312862138	0.0	0.0	0.0	-1.59132329461	0.0	1.1019741268	0.0	-1.97237441978	0.0	0.0	0.0	0.0	0.0	0.0	0.773047362236	0.0
unog166	-1.54229951641	0.0	0.0	0.755907327224	0.0	0.0	0.0	0.0	0.0	0.0	0.0	-1.28754451118	-2.3606179709	-0.0944519510546	0.0	0.0968355182218	0.0	0.0	-1.02133365768	0.0
unog167	0.0	0.0	0.0	0.0	0.0	0.0	0.0	0.0	0.0	0.0	0.0	-0.330344509371	0.0	0.0	-0.191935699422	0.0	0.0	0.0	0.156976693339	0.0
unog168	0.0	0.0	0.945119028727	0.0	0.0	0.0	0.0	-0.499700573085	0.0	0.0	0.0	-0.969428850828	0.0	0.0358397849472	0.0	-0.511158161722	0.0	-0.559638082097	0.0915858110343	0.0
unog169	0.0	0.0	0.0	-0.797816579263	0.0	0.0	0.0	0.0	-1.38135565572	0.0	0.0	0.0	0.0	0.0	0.0	0.0	0.0	0.048643029288	0.0	0.942082953386
unog170	0.0	0.0	0.0	0.0	0.0	0.832525007366	0.0	0.271991783337	0.0	0.0	-2.37772013462	0.0	0.0	1.50257304853	0.0	0.0	0.0	0.0	2.0514159967	0.0262036187872
unog171	0.16410034247	0.0	0.0	0.0	0.0	0.0	0.0	0.0	0.0	0.0	0.0	0.0	0.0	0.0	0.0	0.0	0.0	-0.474717470376	0.336015953835	0.0
unog172	1.4382184036	0.0	-0.431302199469	0.0	0.0683413101523	0.0	0.0	0.0	0.390500785896	0.0	0.0	-1.72088018736	0.0	-1.59130508083	-0.141052571281	0.0	-0.161470530795	0.32250866116	0.0	0.0
unog173	0.0	0.771944150135	0.0	0.257502311707	0.487545084698	0.558317916062	0.0	0.0	0.0	0.928182008588	0.0	0.0	0.0	0.0	0.0	0.0	0.0	-0.774804221432	0.0	0.0
unog174	0.0	0.0	-0.480418854161	0.0	2.24230587353	0.986628221172	-0.762575338816	0.0	0.0	0.0	0.0	0.0	0.0	-0.381771657961	0.0	0.0	0.0	0.0	0.0	0.0
unog175	-1.96769459726	0.0	0.0	0.0	-0.917945617556	0.0	0.0	0.0	1.21786212974	0.0	0.0	0.0	0.956054511854	0.000548519698137	0.0	-0.274475674689	0.0	-0.0111959645764	0.0	0.0
unog176	0.0	0.0	0.0	0.0	-0.133564963442	0.0	0.0	0.0	-1.35121142612	0.0	0.0	0.0	0.0	0.0	-0.553126680208	0.0	0.0	0.0	0.0	0.0
unog177	0.0	0.0	0.0	0.0	0.998884278851	0.0	0.0	0.0	0.0	0.0	0.0	0.0	0.0	1.31335663825	0.0	0.0	0.0	0.0	0.0	0.0
unog178	0.0	0.0	0.0	0.0911932944459	-0.0406270870582	0.0	0.504657992747	-0.81146758381	0.0	0.84772467421	0.0	0.0	0.0	0.0	0.0	0.195633863829	0.0	0.0	0.0	0.0
unog179	-0.757486930886	0.591380933509	0.0	2.15430185887	-1.20442946075	0.0	0.0	0.0	0.0	0.0	0.0	0.0	-0.0445584710623	0.0	0.0	0.0	0.0	0.0	0.177724481106	0.301206400048
unog180	0.0	1.67185756353	0.0	0.0	0.0	0.121498786095	0.0	-0.29289254983	0.0	-1.45913266917	0.0	0.0	-0.278974575612	1.32392181821	0.0	0.0	0.0	0.0	0.0	0.0
unog181	0.0	0.0	0.0	0.0	0.26868760292	-0.228986564646	0.0	0.0	0.0275790914824	0.0	0.0	0.0	0.0	-0.266927286325	0.0	0.0	0.0	0.0	0.965927478336	0.0
unog182	0.0	0.0	-0.0617741623506	0.0	-1.69479385289	0.0	0.0	1.43773228157	0.403022209622	0.0	0.0	0.266071975534	0.0	1.48769320468	0.562852154576	2.05774042127	0.0	0.0	0.095454607612	0.0
unog183	0.0	0.340580701992	0.0	0.0	-0.423264725031	0.0	0.0	0.0	0.0	-0.244409300243	-2.13404974332	1.42121258344	0.0	0.0	-1.14664491466	-0.440947085259	-1.30174368484	-0.0735761602113	0.0	0.0
unog184	0.0	0.0	-0.935341471149	0.0	0.0	0.0	-2.06901343229	0.0	0.0	0.0	0.0	0.0	0.0	0.0	0.0	0.0	0.0	-0.378882256246	0.0	-0.339942013078
unog185	0.712519612983	0.0	-0.716248874888	0.0	0.0	0.0	1.44481972126	0.0	0.0	0.0	1.08988551408	-1.97833770449	0.0	0.0	0.0	0.0	-0.395294880948	0.0	0.0	0.0970982135047
unog186	1.16345331609	0.0	0.0	1.00506938977	0.0	0.0	0.0	0.993235929636	0.0	-0.15551840891	0.576386518036	0.0	0.0	0.0	0.0	-0.752603627675	0.0	0.0	0.0	0.0
unog187	0.0	0.0	0.0	0.0	0.0	0.0	0.772302954784	0.0	-1.23572506364	0.619425097112	0.0	0.0	-0.0493987626259	0.0	0.0	0.0	0.0	0.0	0.0	0.0
unog188	0.0	0.0	0.0	0.0	0.0	0.0	0.0	0.0	0.0	0.591935910239	0.0	0.0	0.0	1.03036315959	1.82950875701	1.72194075572	0.0	0.0	0.0	2.25030247753
unog189	0.0	0.0	0.0	0.0	0.0	0.0	0.0	-0.071615316457	0.0	0.0	-0.288956270672	0.0	0.0	0.0	0.305998266583	0.0	0.0	-0.28788586906	0.0	0.0
unog190	-1.01828049952	0.0	0.0	0.0	0.0	0.0	-0.945303512849	0.0	0.0	0.869753786881	0.0	0.0	0.0	0.0	0.0650504681561	-1.15990327567	1.57420577862	2.375456537	0.0	0.821235145639
unog191	0.0	0.230899036131	0.635594092951	0.0	0.0	0.0	0.0	0.0	0.0	0.0	0.0	0.0	0.286417880147	0.0	0.0	0.0	2.0874588396	0.923069189885	1.36427198049	-1.3136862636
unog192	0.0	-0.909060551834	0.0	0.651830625096	0.936649725686	0.0	0.0	0.918315503472	0.0	0.0	0.0	0.0	0.0	0.0	0.0	-1.15490812876	-1.39695644476	0.0	0.0	0.0
unog193	0.0	0.0	0.0	0.827825766692	0.0	-1.17088103239	-0.185656393854	0.0	0.0	0.0	0.0	0.0	0.0	0.0249370721547	-0.450572922586	0.0	0.0	0.0	0.0	-0.994005472209
unog194	0.0	0.0	0.0	0.0	-0.716005157652	0.0	0.0	-0.84158411036	0.0	0.0	-1.32100667367	0.791857201709	0.0	0.0	0.0	0.0	0.0	0.0	0.406910645331	-0.794706392114
unog195	0.0	0.0	-0.384416710822	-0.409166469695	0.0	0.0	0.0	-0.0833797254443	0.0	0.0	0.0	0.0	0.0	-1.49040212285	0.0	0.0	0.0	0.0	0.0	-1.76816512119
unog196	0.0	0.0	0.0	0.0	0.0	0.0	0.0	0.0	0.0	0.0	0.0	-0.192095137208	0.0	0.0	0.0	0.613788936164	1.1248361368	0.0	0.0	0.0
unog197	0.0	0.0	0.0	0.0	0.0	0.0	0.183819007161	-0.812213202651	0.0	0.0	0.0818094328603	0.0	0.0	-1.83669611292	-1.25757987419	0.0	-0.359753168095	0.0	0.0	0.0
unog198	0.469221918669	0.0	-0.450936588524	-2.32377233402	0.0	0.0	0.0	-0.716127179921	0.0	0.0	0.0	-1.43894685407	0.0	0.0	0.0	0.0	0.0	0.0	0.0	-0.111981579644
unog199	-0.569927486722	0.0	0.0	0.0	0.0	1.76016121441	0.0	0.0	0.0	2.33268584593	0.512156461017	0.0	0.0	0.0	0.0	-0.338592273417	0.0	0.0	0.0	0.0