dost0	dost1	dost2	dost3	dost4	dost5	dost6	dost7	dost8	dost9	dost10	dost11	dost12	dost13	dost14	dost15	dost16	dost17	dost18	dost19
dost0	0.0	0.0	-0.899462993796	0.0	0.0	-0.380895130973	0.0	0.0	-1.87653305056	0.0	0.0	0.0	0.0	0.0	1.61306421284	0.0	0.0	0.132488840574	0.0	0.0
dost1	0.0	0.0	0.0	0.286733966022	-0.994527689416	0.0	0.0	0.0	0.0	0.0	0.0	0.0	0.0	0.0	0.0	0.0	0.0	0.0	0.0	0.0
dost2	0.0	0.0	0.0	0.209036925174	0.0	0.0	0.0	0.0	0.0	-1.25818281065	0.0	0.0	1.03122864234	0.0	0.0	0.0	0.0	-1.32915798063	-0.456429865526	0.0
dost3	0.0	0.0	0.0	-0.474766206033	0.938900101993	0.0	0.0	0.0	0.48178149142	-0.68628869599	-0.430826140687	0.0	-0.168907440064	0.0	0.5057419313	0.0	0.0	0.0	0.0	0.968669176974
dost4	0.0	0.0	0.130852679262	0.0	0.0990525548207	0.0	0.0	0.0	0.515902941994	0.0	0.0	0.0	0.0	0.0	0.0	0.0	0.0	0.0	0.0	1.25637729368
dost5	0.0	0.0	0.0	-0.221600565603	0.665475447861	0.0	0.0	1.14056660232	0.0	0.0	0.0	0.753454866398	0.0	0.0	0.0	0.877022976015	-1.1777792628	0.0	0.0	0.0
dost6	0.0	0.0	0.161060007545	-0.309158957504	0.0	0.0	0.0	0.255845178823	0.0	0.0	-0.525648686396	0.384725110976	0.0	-1.18133722449	0.660258745526	0.0	0.0	-0.874321359936	0.0	0.0
dost7	0.0	0.0	0.0	-0.864449904099	0.0	0.0	0.0	0.0	0.0	-0.595225743548	0.268265327239	-0.644308425259	0.0	1.12083590849	0.0	0.0	0.0	0.0	0.0	-0.565132459152
dost8	0.0	0.0	0.0	0.0	0.0	0.0	-0.184866106225	0.0	0.64269208352	0.0	0.0	0.0	0.0	0.0	0.0	0.0	0.0	-0.667837741114	0.0	0.0
dost9	0.0	0.0	0.0	0.0	0.0	0.0	0.0	0.0	-0.0550024230354	0.0	0.0	0.0	0.0	0.371230762655	0.0	0.0	0.0	0.0	0.251838351134	0.0
dost10	0.0	0.0	0.0	0.0	0.0	0.0	0.164830859577	0.0	0.0	0.0	1.28441168463	0.0	0.0	0.0	0.0	1.89612294397	0.0	0.0	0.0	0.0
dost11	0.0	-0.288683955611	0.0	0.0	0.0	0.0	0.0	-1.17088689223	0.0	0.0	0.0	0.0	0.0	0.0	0.0289011681635	0.0	0.0	0.0	0.608187299224	0.0
dost12	0.550856920288	0.0	0.599504265836	0.0	0.0	0.0	0.699836375333	0.0	0.0	0.0	-1.35943844658	0.0	0.0	-1.30842893352	1.12020435378	0.304629736922	0.0	0.0	0.0	0.0
dost13	0.0	0.0	0.0	0.0	-1.21143707005	0.0501514234058	0.0	-0.275328671645	0.0	0.0	0.0	0.0	0.0	-0.240204707431	0.0	0.0	0.0	0.0	0.0925103623036	0.0
dost14	0.0	0.0	1.07726975356	0.0	0.0	0.0	0.0	0.0	-0.228952944678	0.0	0.0	0.0	0.0	0.0	0.0	0.0	0.0	0.0	-1.76183021945	0.0
dost15	0.0	0.0	-0.681789614324	-0.326203980997	0.0	0.0	0.0	0.0	0.0	-1.75561988329	0.0	0.0	0.0	0.0	0.48896530783	0.0	0.0	0.0	0.0	0.0
dost16	0.782953590199	0.0	0.0	0.0	-0.858263259797	0.0	0.0056245900523	0.0	0.0	0.0	0.0	-0.663538987796	0.0	-1.51396054945	0.0	0.0	0.0	0.0	0.0	0.0
dost17	0.0	1.33323090735	0.0	0.0	0.0	2.41068808705	0.0	0.0	0.0	-0.495954900991	0.0	0.0	0.0	0.0	0.0	0.0	0.0	0.0	0.0	-1.56393761606
dost18	0.0	0.0	0.0	0.0	-0.737245388891	-0.77389959002	1.24913320845	0.0	0.0	0.0	0.0	0.0	0.0	0.0	1.78136053784	0.0	0.307386443145	0.0	-0.559703791397	0.0124524620676
dost19	0.0	0.0	0.0	0.304009309985	0.0	0.013856495217	0.280413491076	0.0	0.0	0.0	0.0	0.0	0.0	0.0	0.36243001048	1.91317494445	0.0	0.0	0.0	0.0
dosg0	-1.52535602858	0.0	-0.0179458007233	0.0	0.0	0.0	0.0	0.0	0.0	0.0	-0.398740924424	0.0	0.562448266066	0.0	0.0	0.606379240856	0.0	0.0	0.0	0.0
dosg1	-0.410943464122	0.0	0.450482904194	0.0	0.0	0.0	0.0	0.0	0.0	0.710442752648	0.0	1.32547560397	0.316620417626	0.0	0.0	0.880686599249	0.0	0.624308669954	0.0	0.0
dosg2	0.0	0.683556904185	0.0	0.0	0.0	2.06604603305	0.0	0.0	0.0	-0.630878812377	-0.541934706816	-0.684621536375	0.0	0.0	0.0	0.0	-0.0445773460899	0.277611105324	0.0	1.90574993671
dosg3	0.0	0.0	0.0	-0.604373620492	0.0	0.0	0.0	0.0	0.0	0.0	0.0	0.0	0.0	0.0	0.0	1.75407070688	0.0	0.0	0.0	0.0
dosg4	0.0	-0.362790801356	0.0	0.0	0.0	-1.51728404094	0.0	0.38702324734	0.0	0.0	0.0	0.0	0.0	0.0	0.0	0.0	0.0	0.0	0.181911293827	0.0
dosg5	-1.96427249468	0.0	0.615823573284	0.0	0.0	0.0	0.0	2.17283535256	0.0	0.0	0.0	0.0	0.0	1.81371237537	0.0	0.611725278594	0.0	0.0	0.0	0.0
dosg6	0.0	0.0	0.0	0.0	0.0	-0.00158040090259	-1.05822967489	-0.956851993267	0.0	0.0	0.0	0.0	0.0	0.0	0.0	0.0	-0.489318056508	0.0	0.970250612852	-1.38217027545
dosg7	0.0	0.0	0.0	0.0	0.0	0.0	0.0	0.0	-1.50774358179	0.0	0.0	-1.10816777621	0.197158607471	0.167646653355	0.0	0.0	0.0	-1.54065453441	0.0	0.0
dosg8	0.0	0.0	0.0	0.0	0.407060929922	0.0	0.0	-0.740280516322	0.0	1.31692603249	0.0	0.0	0.0	-1.81224298458	0.323031331904	-1.57849555053	0.0	0.0	0.0	0.0
dosg9	0.0	-0.613187399701	0.0	-1.55484836241	0.0	0.0	0.0	0.0	0.0	0.401114058996	0.0	1.16717439842	0.0	-1.98801525835	0.0	0.0	-1.85943660212	0.703900453477	-0.677446779369	0.0
dosg10	0.0	0.0	0.0	0.0	-0.97331282019	-0.536355752578	0.0	0.0	0.0	0.0	0.0	0.0	0.0	0.0	0.0	0.814548112976	-0.349918861767	-0.152020681384	0.0	0.0
dosg11	0.0	0.0	0.0	0.0	0.0	0.0	0.0	0.0	0.531751306633	0.0	0.0	0.0	0.0	0.0	0.0	0.0	0.0	0.0	0.0	-0.306364593233
dosg12	0.0	0.0	0.0	-1.30375957928	0.0	-0.10895281261	0.0	0.0	0.60189778128	0.0	0.0	0.0	0.0	0.0	0.0	0.0	0.0	0.0	0.0	0.602236339655
dosg13	0.0	0.0	0.0	0.0	0.0	0.0	0.0	0.0	0.0	0.0	0.0	-0.530602520501	-0.750261966546	0.0	0.0	-0.0355041602702	0.0	0.0	0.0	0.0
dosg14	0.0	-1.58763689846	0.790502202884	0.0	0.0	0.0218104686195	0.0	0.0	1.42331192244	0.0	0.0344388391857	0.0	0.398658176948	0.0	0.0	0.0	0.0	0.0	0.0	0.0
dosg15	0.0	0.0	0.0	0.0	0.0	-0.280180685328	0.0	-0.0937975200148	0.0	-0.901879995399	1.66728099509	0.0	0.0	0.0	-1.83494924034	0.0	0.0	-0.672540743029	-1.31488807588	0.0
dosg16	0.0	0.0	0.0	0.0	0.0	0.0	0.0	0.512276997885	0.0	0.0	0.0	-0.265500610396	1.21701147793	1.17105603673	0.0	0.0	0.0	-0.499174987509	-0.18758956036	0.0
dosg17	0.0	-0.353021762573	0.478062334316	0.0	0.0	0.0	0.0	0.0	0.0	0.0	0.0	1.37052513352	0.0	0.604698409858	0.0	0.0	0.0	0.0	0.0	0.0
dosg18	0.0	0.0	-1.09965335503	0.0	0.0	0.0	0.0	0.0	0.0	0.6560903079	0.0	1.24695200737	-0.634226852037	0.0	-0.506000242978	0.0	0.0	0.000393755168418	0.0	-0.611340827961
dosg19	0.0	-1.1545740528	0.0	1.47256693542	0.0	0.43587954672	0.0	0.0	0.461694483525	0.0	-0.375039280429	0.0	0.0	0.0	0.0	0.0	0.0	0.287773429132	0.0	0.0
dosg20	0.0	0.0	0.0	0.0	0.108433150109	0.0	0.0	0.0	-0.652081903031	-1.45670948406	0.0	0.321832367515	0.0	0.0	0.0	0.205503199025	0.0	0.0	0.0	0.0
dosg21	0.0	0.0516605194241	-1.07371805357	0.0	1.50485891657	1.11725678659	0.0	0.0	0.844544772545	0.0	0.0	0.0	0.0	1.18822467734	0.0	0.0	0.0	-0.746982886532	0.0	-0.272995628703
dosg22	0.0	0.0	0.0	0.0	0.0	-0.0853285980413	0.0	1.20646219461	0.47871078815	0.0	0.0	0.447390165095	0.0	1.16002421193	0.0	0.0	-0.471530296206	0.0	0.0	0.589518500258
dosg23	0.0	0.0	0.0	0.795148396515	-0.32292424526	0.513012208102	1.56887132242	0.0	-0.354217882226	0.0	0.0	2.61364779195	-0.168566674323	0.0	0.0	0.0	0.0	0.0	0.0	0.0
dosg24	0.0	0.0	0.235685643172	0.0	0.0	0.187002602943	0.0	0.0	0.0	0.0	0.0	0.0	0.0	-1.87574815738	1.56493236106	0.380348958854	0.0	0.0	0.5251586118	-0.872339632584
dosg25	1.77352148118	0.0	0.0	0.0	0.0	0.0	0.0	-0.366836015398	0.0	0.0	0.0	0.0	-1.33960456211	0.0	0.0	0.0	0.0	0.0	0.0	-0.0848934155357
dosg26	0.0	0.0	0.0	0.0	1.15397931459	0.0	0.0	-1.12620516816	0.0	0.627302059048	0.0	0.0	0.0	0.0	0.817885298584	0.0	0.0	0.0	0.0	0.0
dosg27	0.0	0.235158690215	0.0	1.04818617645	0.0	0.0	0.0266589662663	-0.554068013055	0.0	0.0	0.0	0.0	0.0	0.0	0.243078450832	0.0	0.0	0.0	0.0	0.0
dosg28	0.0	0.0	0.0	0.0	0.0	0.0	0.0	0.0	0.0	0.0	0.0	-1.17921284298	0.0	-0.176887104508	-1.44310095317	0.710053430108	0.0	0.0	0.0	0.0
dosg29	0.0	0.0	0.0	0.0	0.0	0.0	0.0	0.981300012803	0.0	0.0	0.0	0.0	0.0	0.0	0.0	0.607626303834	-0.456174061348	0.0	0.192373299525	1.01228441991
dosg30	-0.960845218464	0.0	-0.193141552032	0.0	0.0	0.0	-0.1925723823	-1.66566919936	0.55380545156	0.453272023614	0.0	0.0	0.0	0.0	0.0	0.0	-1.62991271686	-1.72128038788	0.0	0.0
dosg31	0.0	0.0	-0.348630134971	-0.445171445808	0.0	0.0	0.0	0.0	0.0	-1.50307664167	0.0	0.0	0.0	-0.818617831413	0.0	0.0	0.0	0.0	1.85885697138	0.0
dosg32	0.0	0.0	0.0	0.0	0.0	0.0	0.0	-0.223540416875	0.0	0.0	0.0	0.0	0.0	0.0	-0.715844393989	0.0	0.0	-1.03410594959	1.70371476136	0.769399602572
dosg33	0.0	0.0	0.0	0.0	0.0	0.0	-1.17942317342	-2.61419851949	1.77293763911	0.0	-1.067857236	-1.46645321422	-0.90732514832	0.0	0.0	0.355737944477	0.0	0.0	0.0	0.0
dosg34	0.0	-0.619279044117	-0.506495023308	0.0	0.0	0.0	0.0	0.0	0.0	0.0	0.0	0.0	0.0	0.0	0.0	0.0	0.0	0.0	0.830867081749	0.0
dosg35	0.0	-1.12820786875	0.0	0.0	0.0	0.0	0.0	0.0	0.0	0.0	0.0	0.0	0.0	0.0	0.0	0.0	0.0	0.0	0.0	-1.70736942557
dosg36	0.0	0.0	0.0	0.0	-0.729982908979	0.0	0.0	0.0	0.0	0.0	-0.689109307729	0.0	0.0	0.0	0.0	0.0	0.0	0.0	0.0	0.0
dosg37	0.0	0.0	0.0	0.0682310465553	0.0	0.0961877590076	0.230270666329	0.0	0.0	0.0	0.0	0.0	0.0	0.0	0.0	0.0	0.0	0.0	-0.546708537656	0.0
dosg38	0.0	0.0	-0.345480404506	0.0	0.0	0.0	0.00440980709568	0.0	0.0	0.0	0.0	0.0	0.0	0.0	0.0	1.38239142692	-0.127320690286	0.0	0.0	0.0
dosg39	0.0	0.0	0.0	0.0	0.60222220525	0.0	0.0	0.951843954451	0.0	1.79009416589	0.0	0.0	0.0	0.0	-0.169290529975	1.78350448347	0.0	0.0	0.0	0.0
dosg40	-0.365166545645	0.0	0.0	0.0	0.0	0.0	0.0	-0.188734876656	-0.684223576223	0.611155640873	-0.681804134112	-1.74309099904	0.0	0.0	0.405309062561	1.06113744967	-0.48400491568	0.0	0.0	0.0
dosg41	0.0	0.0	-1.59579547732	0.0	0.0	-0.65600524764	0.0	0.0	0.0	-0.0200817923242	0.0	0.0	-1.45405893931	0.0	0.0	0.659158066376	0.0	0.0	0.443286716683	0.336040669306
dosg42	0.0	1.30987052257	0.618725053129	0.0	0.0	0.0	0.0	0.0	0.0	0.0	0.0	0.0	0.0	0.0	0.0	0.0	0.0402247185028	-0.140472288369	0.0	0.0374114300237
dosg43	0.0	0.0	0.01629460716	0.0	0.0	0.0	0.0	0.0	-0.633851876452	0.0	0.0	0.0	1.3916267562	0.0	0.0	0.0	0.0	0.0	0.254751993487	0.0
dosg44	0.0	-0.451828818934	0.298835606645	0.0	0.0	0.0	0.0	0.0	-1.07254905629	0.0	0.0	0.0	0.0	0.0	0.0	0.0	0.0	0.0	0.0	0.0
dosg45	0.0	0.0	0.0	-0.541452285929	0.0	0.0	-1.73939588664	0.0	-1.27949266861	2.07385809093	0.0	0.0	0.0	0.970423693861	0.0	0.0	0.0	0.0	0.0	0.0
dosg46	0.0426936554371	-2.62903360938	0.0	2.05708969345	0.0	0.0	0.0	-1.73175359885	1.67750030554	0.0	0.0	-0.181994199921	-1.10502997814	-1.04469510922	0.0	0.0	0.0	1.12468200865	0.0	0.0
dosg47	0.0	0.670057647472	-1.19813782702	0.0	-1.95944469437	0.0	-1.34415807356	0.0	0.0	0.0	1.907891891	0.0	1.5942137095	-1.17023973597	0.0	0.0	0.0	0.0	0.0	0.0
dosg48	0.867536789435	0.0	0.0	0.586324021198	0.561247069823	0.0	0.0	-0.283104967395	0.0	0.0	1.27686452513	0.0	0.550085284061	0.0	0.0	-0.575115211211	-0.949234846662	1.7718584453	0.0	0.0
dosg49	0.0	-0.209233173116	0.0	0.0	0.525580531923	0.0	0.0	-1.20736966769	0.0	0.0	1.18742841117	0.0	0.0	0.0	-0.0849490256217	1.80273045898	0.0	0.467809521994	0.0	0.0
dosg50	-0.0519867582372	0.0	0.0	1.61604499532	-0.0853843904466	0.0	0.0	0.0	0.0	0.0	0.0	0.0	0.0	0.0	-1.63872661351	-0.150853961059	1.13006366407	0.0328887220302	0.648511628574	0.0
dosg51	0.0	0.0	-0.301284475022	0.0	0.0	0.0	0.0	0.0	0.0	0.0	0.0	-0.694089492275	0.0	0.0	0.0	0.0	-0.0445129999276	-0.918771994256	0.0	0.0
dosg52	0.0	0.0	0.0	0.0	-1.18717558915	-1.44477351667	1.06621995569	-0.0960001421889	0.0	0.254796035811	-0.839701885666	0.0	0.0	0.0	0.0	0.0	0.52486381584	0.0	0.0	0.0
dosg53	0.0	0.0	0.925371998586	0.0	0.0	-0.628257074618	-0.837285604197	-0.598747337362	0.0	0.00504768034955	0.0	-0.500378939808	0.0	0.0	-0.132836666107	0.0	-0.0628680177346	0.0	-0.393565565756	1.39798796331
dosg54	0.61737014418	0.0	0.0	0.0	0.0	0.0	-0.789769914059	0.0	0.452458479044	0.0	0.0	-1.6823318862	0.0	0.0	0.0	0.0	0.0	0.0	-0.0444937983591	0.0
dosg55	0.0	0.0	0.140312319852	0.0	-0.265385276587	0.0	0.0	0.0	0.0	0.233511850892	0.44632606128	0.0	-0.455041513566	1.26835384529	0.0	0.0	0.0	0.0	0.0	-0.0115128931998
dosg56	0.0	0.0	0.0	0.0	0.0	0.0	0.0	0.409355369114	0.0	0.0	0.0	0.0	0.0	0.469584704121	0.0	0.534454307052	0.0	0.0	0.0	0.0
dosg57	0.0	-0.828583369534	-0.325816715706	-0.403209646416	0.0	0.0	0.0	0.0	0.0	0.0	0.0	0.0	0.0	0.0	0.0	0.0	0.0	0.230157144128	0.0	0.00560857627898
dosg58	0.0	0.0	0.0	0.0	0.0	-1.71232507353	-0.813598695236	-1.588142161	0.0	0.0	0.0	0.0	0.0	0.0	0.0	-0.0854583851119	0.0	1.06394422017	0.0	-0.0685381793981
dosg59	0.0	0.0	0.337581760252	0.0	-0.481164038916	0.0	0.0	1.00577980266	0.0	-0.358135718064	0.0	0.0	0.0	0.0	0.0	0.0	0.0	0.0	0.0	0.0
dosg60	0.0	0.0	0.0	0.0	0.0	0.0	-0.873741091496	0.0	0.0	0.0	0.0653192195875	0.0	0.0	1.67107896146	0.0	-0.707758640713	0.0	0.664710327065	0.0	-0.399797998177
dosg61	0.0	0.0	0.0	0.0	0.0	0.0	0.0	0.758777280611	0.727907494674	0.0	0.056630282424	0.0	0.0	0.0	0.0	0.0	0.0	0.0	0.0	0.0
dosg62	0.0	0.0	0.0	0.354637427569	0.0	0.0	0.0	0.0	0.0	0.0	0.0	0.726324958895	0.0	0.0	0.0	0.0	-2.48620234376	0.0	0.0	0.0
dosg63	0.846580564908	0.0	0.0	-0.585699533572	0.0	0.208498118005	0.0	-1.15889030807	0.0	-0.931324672761	0.0	0.0	2.77996335325	-0.0618593546817	0.0	0.0	0.0	0.0	0.0	0.0
dosg64	0.0	0.0	0.0	0.0	2.5335459033	0.0	0.0	0.0	0.0	-1.51487030067	2.06046117229	0.0	0.446060517201	0.0	0.0	0.0	0.907889492599	0.0	0.0	-0.454683929654
dosg65	0.0	0.0	0.0	0.0	0.202727265252	0.0	0.0	0.0	0.0	0.0	0.0	0.0	-0.818433973873	-0.830569541927	0.0	0.0	-0.471842054426	0.0	-0.399838275689	0.0
dosg66	0.0	0.0	0.0	0.0	0.563568179925	0.0	0.0	0.0	0.0	0.0	0.0	0.0	0.0	-0.443117231634	0.0	0.0	-0.695217338031	0.0	0.0	0.0
dosg67	0.0	0.0	0.0	0.238466081398	0.0	0.0	0.0	0.0	0.0	0.923460858389	0.0	0.0	0.0	0.0	0.0	0.0	0.0	0.0	0.0	0.0
dosg68	0.0	0.0	0.0	0.0	0.0	0.0	0.0	0.0	0.0	0.0	0.0	0.0	0.0	-0.258786621798	0.0	0.0	0.0	-0.561901743562	0.0	-0.723423759385
dosg69	0.0	0.0	-0.85615453113	0.0	0.0	0.0	0.565669928375	0.0	0.0	0.0	0.0	0.0	0.0	0.0	0.0	0.0	-2.4042246274	0.0	0.42292871515	0.0
dosg70	-0.807325680675	2.36082484031	1.15016638788	0.0	0.0	0.0	0.0	0.704112057553	0.0	0.0	0.0	0.0	0.0	-1.61662831325	0.0	0.0	0.0	0.0	0.628423962194	0.0
dosg71	0.0	0.0	0.716248025128	0.0	0.0	0.0	-0.436349910196	0.0	-0.557654500475	2.23004138369	0.0	0.0	0.0	0.0995864753127	0.0	0.868405013496	0.0	0.0	0.0	0.244391858725
dosg72	-0.185663261905	0.0	-1.48884584299	0.0	0.0	0.0	0.519476738054	0.0	0.0	-0.586890388819	0.0	0.0	0.0	0.0	0.0	0.0	0.935162625569	0.0	-0.380038044232	0.523280705151
dosg73	0.0	0.0	-0.0196293131606	0.0	0.0	0.750164064588	0.0	-0.818865908892	-0.182168630007	0.0	0.0	0.0	0.0	-1.30375360829	0.0	0.0	0.0	0.0	1.271519258	0.0
dosg74	0.0	0.0	0.0	0.0	0.0	0.0	0.0	0.0	0.0	0.0	1.27215975946	0.244964989833	0.0	-0.296512321993	0.0	0.0	0.0	-1.61899192125	0.0	0.0
dosg75	0.0	0.0	0.0	1.20599872966	0.0	-0.468921939432	0.0	0.0	-0.0355516467257	0.167613071828	0.0	-0.0646934921485	0.0	0.0	0.0	0.0	0.0	-1.67516410571	0.0	0.0
dosg76	0.0	0.0	0.0	0.0	0.0	0.0	0.0	0.0	0.0	0.0	0.0	-0.278947149777	0.0	0.0	1.01720859129	-0.729145536444	-0.276110270057	-0.502793708232	0.0	0.0
dosg77	0.860392808151	0.550167747906	0.345638776942	0.0	0.0	0.0	0.0	0.0	0.0	0.0	-0.702399346681	0.0	-0.549830282097	0.0	0.0	0.0	0.0	0.0	0.0	0.0
dosg78	0.0	1.58409797225	0.0	0.0	0.0	0.0	0.0	-0.720081962564	0.0	0.0	0.0	0.0	0.0	0.0	0.0	0.0	0.0	0.0	0.0	0.0
dosg79	-0.654799999475	0.0	0.0	0.0	-0.855002516739	0.0	-0.084184827951	1.22798417958	0.0	0.0526335379045	0.0	0.0	0.0	0.0	-0.55773313722	0.0	0.0	0.0	0.0	0.0
dosg80	0.0	0.780136697487	0.0	2.13605417466	0.0	0.0	0.0	0.0	0.952120569457	0.0	0.0	0.361046313322	0.0	0.0	0.0	0.0	0.0	0.0	0.0	-0.978777136842
dosg81	0.0	-2.09122282378	0.0	-1.44434316617	0.0	0.0	0.107274092623	0.0	2.72217303115	0.0	0.0	-0.191422601702	-1.70883521076	1.3822968569	-0.127428302764	0.0	0.0	-0.828334811606	0.0	0.0
dosg82	0.0	0.0	0.0	0.0	0.0	0.0	0.0	0.682496683298	-1.90763546228	0.0	0.0	0.0	0.0	0.0	0.0	0.0	0.0	0.0	0.498048655422	-0.138128164667
dosg83	0.0	0.0	0.0	0.0	0.0	0.0	0.0	0.0	0.0	0.0	0.0	0.0	0.0	-1.90574802868	0.0	0.0	0.0	0.0	0.0	-0.211391382226
dosg84	0.0	1.94641219431	0.0	0.0	0.0	0.0	-0.696106688516	0.0	0.0	0.0	0.557581959735	0.0	0.0	0.0	0.0	0.0	0.0	0.0	0.194962079079	0.0
dosg85	0.0	-0.275293678634	-0.0526215508508	0.0	0.0	0.0	0.0	-0.859101281664	-0.082561826276	-2.64695624928	0.0	0.593551127018	0.0	0.0	-0.609949784614	0.0	0.0	-0.503419418861	0.0	-0.181057380284
dosg86	0.0	-0.349004899628	0.0	0.0	-1.08840213026	0.0	0.0	1.38607875629	0.0	-1.43019352789	0.0	0.0	0.0	0.707366004225	0.647663030758	0.0	0.0	0.0	0.0	-1.62036230318
dosg87	0.0	-1.6569566736	-0.25906442398	0.0	0.0	0.0	0.0	0.0	0.0	0.0	0.0	0.0	0.0	0.0	0.669663680975	0.0	0.650945488622	0.0	-0.603877980171	0.0
dosg88	0.0	-0.316974866343	0.0	0.0	0.0	-0.0996293008565	-0.224458975763	-1.73297327204	0.0	0.0	0.0	0.0	0.0	0.0	0.0	0.788066571645	0.0	-0.833114415826	0.0	-0.670345072685
dosg89	0.0	0.0	-1.3426513537	0.0	0.0	0.0	0.0	0.0	0.0	0.0	0.0	0.0	0.0	0.775794810695	0.0	-1.77548220903	0.0	0.0	-0.854553457925	0.0
dosg90	0.0	0.0	0.0	0.0	0.740853298444	0.0	0.0	0.0	0.0	1.42105979577	-0.430755451651	0.0	-0.237369857237	0.0	0.0	0.0	0.0	0.0	0.0	0.0
dosg91	0.0	-1.34014344615	0.0	0.0	0.0	0.0	0.0	-1.14778483017	0.0	0.0	0.0	0.0	-0.324700356346	0.541125073954	-0.105307595147	0.780983846883	0.0	0.0	0.0	0.0
dosg92	0.0	-1.06821257697	1.96766059039	0.0	0.0	0.0	0.0	-0.883202006772	0.0	-0.215665427439	-0.525667581772	0.0	0.0	0.0	0.0	0.0	1.95043354649	1.3998034214	0.0	-1.11515513021
dosg93	-0.379592237841	0.0	0.0	0.927691088988	0.713276393287	0.33089118495	0.0	0.0	0.0	0.0	0.0	0.0	0.0	0.0	1.12774142755	0.0	0.0	0.630277466434	0.0	0.0
dosg94	0.0	0.0	0.570922001834	0.0	0.0	0.0	0.0	0.0	0.0	0.0	0.0	-0.897838247155	0.0651050611837	0.0	0.0	0.0	0.0	-0.437776283413	0.0	0.0
dosg95	-1.56902837216	0.0	0.0	0.0	0.0	0.0	0.0	0.0	0.0	0.0	0.0	0.0	0.0	0.0886598005622	0.0	0.0	0.0	0.0	0.0355530274502	0.0
dosg96	0.0	0.0	0.0	0.0	0.0	0.0	1.58273308464	0.0	0.0	0.0	0.0	0.0	0.0	0.0	0.0	0.0	0.0	0.0	0.0	0.0
dosg97	-0.334270765589	0.741886597163	0.0	1.83351276141	0.0	0.970846965715	0.0	0.0	0.0	0.0	0.120162667976	0.0	0.0	0.268879705086	0.0	0.0	0.0	0.0	-0.0679912754776	0.0
dosg98	0.0	-0.0579234422657	0.0	0.0	0.0	1.58922119961	0.0	0.0	-1.17539010827	-0.743103291846	0.0	0.0	0.0	0.0283200962638	0.0	0.0	0.0	0.0	0.0	0.0
dosg99	0.0	0.0	0.0	0.0	1.18842758558	0.0	0.0	0.0	0.0	0.0	0.0	0.318963055471	0.0	0.0	0.0	0.0	0.0	0.0	0.0	-1.26885572104
dosg100	0.0	0.0	0.0	0.857429006486	0.0	0.0	0.0	0.0	1.32136142354	0.0	-1.10401930658	0.0	0.0	-0.22231662927	0.0	1.46396711658	0.461875605501	0.0	0.0	0.0
dosg101	0.0	0.0	-0.991766554463	-1.13439939216	0.0	0.0	0.0	0.0	0.0	0.0	0.0	0.337500092482	0.053170396197	0.0	0.399300896385	-0.517750645642	0.0	0.0	0.0	0.0
dosg102	0.0	0.0	0.0	-0.860548639686	0.0	0.0	-1.34787256423	0.889609933402	1.07712167292	0.0	0.0	0.0	0.0	0.0	0.0	0.0	0.0	0.0	0.454500824011	0.0
dosg103	0.0	0.0	0.0	0.103855200779	0.0	0.0	-1.65979158747	0.0	0.0	0.0	0.0	0.0	0.0	0.495210639195	0.0	0.0	0.0	1.3067942267	0.0	0.0
dosg104	0.0	-1.52935363826	0.0	-0.0622476345248	0.0	0.0	-0.168075865527	0.0	0.0	-0.160722878531	0.0	0.0	0.0	0.230931550145	0.0	0.0	0.0	-0.770120234221	0.0	0.0
dosg105	0.0	0.0	1.10913877067	0.0	0.0418154626427	0.0	0.0	-0.19963096174	0.0	-0.541959491001	0.0	0.0	0.0	0.0	-0.207606208237	0.0	0.193426556434	-1.09052969932	-0.398678911943	-0.680840750205
dosg106	0.630254927212	0.0	0.0	0.0	0.0	0.0	0.0	0.0	0.0	-0.953219548487	0.0	0.0	0.0	0.0	1.2772813128	1.14829422458	0.0	0.0	0.441501974099	0.0
dosg107	0.0	0.0	0.0	0.132014402357	0.0	0.0	0.0	-1.15941641714	4.0917291813	0.0	1.09985917611	0.0	0.0	0.0	0.0	0.0	0.687632984793	0.0	0.0	0.0
dosg108	-0.925537227108	0.0	1.53896932517	0.0	0.0	0.0	0.0	-0.713269171604	0.0	0.0	0.0	0.0	0.242086224019	0.0	0.0	0.0	0.0	0.0	0.0	-0.149399645808
dosg109	0.0	-0.166365354998	0.0	0.0	-1.40180089156	-0.0141137521818	0.0	0.0	0.0	0.0	0.0	0.0	0.0	0.0	0.0	0.800908596626	0.0	0.0	0.0	0.0
dosg110	0.831790004586	0.0	0.0	0.0	0.0	0.0	0.0	0.0	0.0890638916687	0.0	0.317153447327	-1.38636020403	0.0	-1.19271974564	0.0	0.0	0.0	0.0	0.0	0.0
dosg111	0.0	0.0	0.0	0.0	0.0	0.0	0.0	0.0	0.910906665278	0.0	0.0	0.0	0.0	0.0	0.54863071755	0.0	0.0	0.0	1.06325207294	0.0
dosg112	0.0	0.0	0.0	0.0	-1.33120217696	0.291865021504	-0.30541134006	0.0	0.0	0.0	0.0	0.0	0.0	-0.697889250762	0.0	0.0	0.0	0.0	0.0	0.0861509036877
dosg113	0.0	-0.934651827442	0.0	0.0	0.16016946289	0.0	0.0	0.0	1.17373808859	0.0	1.2617376397	0.0	0.0	0.0	0.0	0.477084257772	0.0	0.0	0.0	0.0
dosg114	0.0	-0.352945451345	0.0	0.0	0.529954375626	0.0	0.0	0.0	0.0	0.0	0.0	0.0	0.0	0.0	0.945295293392	0.0	-3.59906587162	0.0	0.0	0.0
dosg115	0.0	0.0	0.0	-1.71586494267	0.0	0.0	0.0	0.0	0.0	0.0	0.187147980836	0.0	0.747104764354	0.0	0.0	0.0	0.0	0.0	0.0	0.0
dosg116	0.0	0.0	0.0	0.0	0.0	0.0	1.12013019508	0.0	0.0	0.0	0.0	0.0	0.0	0.0	0.0	0.0	0.0	0.0	0.0	0.0
dosg117	0.0	0.0	0.0	0.0876711752724	0.0	0.0	0.0	0.0	0.0	-1.4828394145	0.143936822141	0.0	1.46774342505	0.0	0.0	0.0	0.273717695101	0.0	0.0	-0.749413623291
dosg118	0.0	0.0	-1.5480685697	0.0	0.316947157071	0.0	0.0	0.0603394755682	0.0	0.0	0.676392987643	0.0	0.0	0.0	0.0	1.83349773257	0.0	0.0	0.0	0.0
dosg119	0.0	0.0	1.31463806714	0.0	0.697658374984	0.0	0.0	1.79733719435	0.0	0.0	0.0	0.0	0.0	0.0	-0.00165108654295	-0.742394811962	0.0	0.0	0.4535372564	0.0
dosg120	0.0	0.0	0.986440263576	-2.40710074249	0.0	0.0	0.0	0.0	-0.24766058655	0.0	0.0	0.0	0.0	0.0	0.0	0.0	0.0	0.0	0.0	-0.767979268921
dosg121	-1.87209639259	-0.149604126257	0.159939533972	0.0	0.0	0.0	0.0	0.437058096547	0.0	0.0	0.0	0.0	0.0	0.0	0.0	0.0	0.0	0.622650888213	0.0	-1.58225379698
dosg122	0.0	0.0	0.0	0.0	0.0	0.0	0.0	-0.236518160376	0.0	0.0	0.0	0.0	0.815483315955	0.0	0.0	0.0	0.0	0.0	0.0	-0.243449456231
dosg123	0.0	0.0	0.0	0.0	0.0	1.24677198218	0.0	0.0	0.0	0.0	0.0	0.0	0.0	0.0	-2.08422653435	0.0	0.0	0.0	0.0	-0.289839150645
dosg124	0.0	-1.19865783398	0.0	-1.5948204739	-1.12845894572	-1.56078192239	0.0	0.0	0.946975784414	0.0	0.0	0.0	-0.686317663643	0.0	0.0	0.623134585096	0.0	0.0	1.09337195833	1.21219198166
dosg125	-2.21916961449	0.758877112224	0.704808455541	0.0	0.161736091452	0.0	0.0	0.0	0.0	0.0	0.0	0.0	0.0	-0.888014287458	-2.21539119418	0.0	0.0	0.0	-0.875309077271	0.0
dosg126	0.552771434187	0.0	0.00506422059922	0.0	0.0	0.0	0.0	0.0	0.0	0.0	-0.635515256834	0.206020373186	0.0	0.0	0.0	0.0	0.0	0.0	0.0	1.6858366888
dosg127	0.0	0.0	0.0	0.0	0.0	0.0	0.0	0.0	0.0	1.46816670553	0.0	0.0	0.0	0.0	0.0	0.454193039783	0.0	-0.00754432883108	0.0	0.0
dosg128	0.0	0.334217847522	0.997270033122	-1.25729043973	0.0	0.0	0.998880740848	0.0	0.158215007787	0.0	0.0	0.0	0.349052340778	-0.401205789943	0.0	0.0	0.0	0.0	0.0	0.0
dosg129	1.0927965543	0.0	0.0	0.0	0.444344541882	-1.72415267522	0.0	-0.00216909988708	0.0	0.0	0.0	0.0	-1.09637034358	0.0	0.0	0.0	0.0	0.0	0.0	0.0
dosg130	0.0	0.0	0.0	0.0	1.09350253513	0.0	0.0	-0.451524832735	0.386506436406	1.17000380022	0.923459403394	2.64792030653	0.910157010932	1.32502273628	-1.5027640086	0.984393928027	0.0	-1.11468682529	0.0	0.0
dosg131	0.0	1.77724676613	0.0	0.0	0.0	-0.773535574334	0.0	0.0	0.0	-1.12511257873	0.0	0.0	0.0	0.0	0.0	0.0	-0.202182019952	-0.749647440504	0.130465366498	0.0
dosg132	0.0	0.0	0.0	0.0	0.0	0.0	-1.10616963861	0.0	-1.08243869417	0.0	0.0	0.0	0.0	0.075938356423	-0.765659410635	0.118997035608	0.0	0.556954814942	-0.723237145072	0.0
dosg133	0.0	0.716015417271	0.0	0.0	0.0	0.0	-0.265957663273	0.0	0.0	-1.0844456043	0.0	0.0	0.0	0.0	0.0	0.0	0.233697225699	0.0	0.0	0.0
dosg134	0.0	0.0	0.0	0.0	-0.64414936563	1.80908086286	-0.156978174941	0.0	0.0	0.0	0.0	0.0	0.0	0.0	0.0	0.0	0.0	0.0	0.657121863004	0.0
dosg135	0.0	0.0	0.0	0.0	0.0	0.0	0.0	0.35150710424	0.0	0.0	0.0	0.0	0.0	0.0	2.59196982597	0.0	0.0	0.0	0.0	-1.00371364434
dosg136	0.0	0.0	0.746734720292	0.0	-0.0248272970672	0.0	1.83236566915	0.0	0.0	0.0	0.0	0.0	0.0	0.0	0.0	0.0	0.0	-0.760691426914	0.0	0.0
dosg137	0.0	0.0	-0.0190568243102	0.0	-0.133663738924	0.0	0.0	1.01240790263	0.626005998335	1.16101582288	0.0	0.0	0.0	0.0	0.272080549294	0.0	0.0	0.445130411212	-0.105993691405	-0.0283475357612
dosg138	0.0	0.0	0.0	0.465755129458	0.0	0.0	-1.37542680393	0.0	0.0	0.0	0.0	0.0	0.689625932488	0.0	0.0	0.0	0.0	0.0	0.0	-1.08152294048
dosg139	0.0	0.0	-0.91081614896	0.0	-0.23110513786	0.0	0.0	-1.09097812306	0.0	0.0	0.0	0.0	0.0	0.0	0.0	0.0	0.0	0.0	0.0902056578988	-0.767211181462
dosg140	0.153899342937	0.0	0.0	0.759803380603	0.0	0.0	0.0	0.0	0.0	0.0	0.0	0.0	-1.79900011525	0.0	-1.35581845529	0.0	0.0	0.0	-0.207383391384	0.0
dosg141	0.0	0.0	0.0	1.62165092617	0.0	0.0	0.0	0.0	0.0	0.0	0.0	0.0	0.0	0.0	0.0	-1.47942693505	-1.03364844746	0.0	0.205184489244	0.0
dosg142	0.0	0.0	-0.385162464145	0.0	0.0	0.0894759002774	0.0	0.0	0.0	0.0	-0.138881122589	1.85094428283	0.0	0.0	0.10853092712	-0.330791418253	0.0	0.0	0.0	0.0
dosg143	-0.238683558814	0.949744649865	0.0	0.934780797016	-1.09642541035	0.0	0.0	0.0	0.0	0.0	0.0	0.0	0.0	0.0	0.0	0.0	0.0	0.0	0.0	0.0
dosg144	-0.248502733443	-0.198029033075	0.0	1.2832656223	0.0	0.60486007187	-0.352879146625	0.0	0.0	0.0	0.0	0.0	0.0	0.0	0.0	0.0	-0.873070639688	0.0	1.645309659	-0.700006904951
dosg145	0.0	0.0	0.0	0.0	0.0	0.0	0.0	0.0	0.0	-0.848728696554	0.0	0.0	0.0	0.0	-0.23336787456	0.0	0.0	0.0	0.0	-0.202493562802
dosg146	-0.541724584662	0.0	-0.267295450444	1.37642775158	0.0	0.355805481622	0.0	0.0	0.0	0.0	0.0	-0.522142996712	0.0	0.0	0.299976389901	0.0	-1.06389694216	0.0	-0.324128520341	0.0
dosg147	2.20387739846	0.0	0.0	0.0	0.0	0.0	0.0	0.0	0.0	0.0	0.0	0.0	0.684970339736	0.0	0.0	0.0	0.0	0.0	0.0	0.0
dosg148	1.08085611992	0.0	0.0	0.0	0.0	0.306652937295	0.0	-1.98920021724	0.0	0.716946619076	0.0	-1.62147625801	0.0	0.0	0.0	0.0	0.0	-0.668726723871	0.0	0.0
dosg149	0.0	0.0	0.0	0.0	0.0	0.0	0.0	0.0	0.0	0.0	-0.620038763426	0.725040925869	0.0	-0.0566793122083	0.0	0.0	0.0	0.0	0.0	-0.956299834942
dosg150	0.0	0.0	0.0	0.0	0.0	1.29771396142	0.211995018296	0.0	0.0	0.0	0.0	0.0	-0.262935443813	-0.639038965318	1.48630894129	0.0	0.37330123671	0.0	0.0	0.0
dosg151	0.0	-0.952077410993	0.0	0.0	0.0	0.0	0.0	0.0	0.0	-0.19280714239	-1.15954692631	0.0	0.0	0.0	0.0	-1.22730457972	1.70643844506	0.0	0.0	0.0
dosg152	1.36883962145	0.0	0.963243005944	0.0	0.0	0.0	0.0	0.0	0.956574088328	0.0	0.0	0.0	0.0	-0.780361525464	-0.354860125938	0.0	0.0	0.0	0.0	-1.66390707218
dosg153	0.0	0.0	0.0	1.02251202966	0.0	0.186872943241	0.0	0.0	0.0	0.0	0.0	0.0	0.0	0.0	0.0	0.0	0.0	0.0	0.0	-0.614302416828
dosg154	0.0	0.0	0.0	0.91414710689	0.0	0.0	1.67149104669	-0.898278935414	0.0	0.0	0.0	0.426047692508	0.0	0.0	0.0	0.0	0.367780776698	0.0	0.0	0.653978371871
dosg155	0.0	0.0	0.0	0.0	0.0	0.0	0.0	0.0	0.0	0.0	0.0	-1.5469212513	0.0	0.0	-0.0534109586935	0.0	0.0909631067469	-2.86515937792	0.0	0.0
dosg156	0.0	0.0	0.800937461596	0.0	0.0	0.0	-2.36081769081	0.0	0.0	0.0	0.0	0.0	0.0	0.0	0.0	0.0	0.0	0.0	0.0	0.0
dosg157	0.0	0.0	0.0	0.869333294576	0.638125794318	0.0	0.0	0.0	0.0	0.0	-1.02106966539	-1.26946499119	0.0	0.0	-0.237099997529	-0.010260727601	0.0	0.0	0.0	-0.219658868326
dosg158	0.0	0.0	0.331819203324	0.0752740766828	0.0	0.0	0.0	0.0	0.0	0.0	0.0	0.0	0.0	1.15145274863	1.07136688856	1.72691727252	0.0	0.0	0.0	0.0
dosg159	1.38295697043	0.0	0.0	0.0	0.0	0.16188882372	2.38487886814	0.0	0.0	0.0	-1.1211676512	0.0	0.0	0.11667230441	0.0	0.0	0.0	0.0	1.2073195277	0.0
dosg160	0.0	0.0	0.0	0.0	0.0	-0.331105324727	-0.79457380276	-1.76504151201	0.316265997157	0.0	0.0	0.0	0.0	1.10428048827	0.0	0.0	0.0	-0.907348179668	0.0	0.0
dosg161	0.0	0.0	0.0	-0.777476410257	0.0	0.0	0.0	0.945095759582	0.0	0.0	0.0	0.0	1.62566162691	1.3711981564	0.892736477102	0.0	0.0	0.0	0.0	0.0
dosg162	0.0	0.0	0.0	0.0	0.0	1.30116097456	0.861952734988	0.0	0.0	0.0	0.0	0.433981754918	0.0	0.0	0.0168757912142	0.0	0.0	0.0	0.0	0.0
dosg163	0.0	0.0	0.0	0.0	0.0	0.923226513541	0.649894735905	0.0	0.0	0.0	0.0	0.0	0.0	0.0	0.0	0.0	1.66276698571	0.0	0.33121443836	0.0
dosg164	0.0	0.564054445531	0.174340007765	0.0	-0.161283563523	0.262279749145	0.0	0.0	0.0	1.59252297461	0.0	0.0	0.0	0.220823060617	0.0	0.0	2.14594458704	0.0	0.0	0.0
dosg165	0.0	0.0	0.0	0.0641800436558	0.0	0.0	0.0	0.0	-1.41070666347	0.0	2.90739467172	0.0	1.42718677592	0.0	0.0	-0.462725403478	0.0	0.0	0.0	0.0
dosg166	0.0	0.0	0.0843272301967	-0.555242126263	0.0	0.662730676467	0.0	0.0	0.0	0.0	0.0	0.0	0.0	0.0	0.0	0.0	0.0	-0.175596492003	0.0	0.0
dosg167	0.0	0.0	0.0	0.0	0.0	-1.6049985738	-0.544551373853	0.0	0.0	0.0	1.09875231895	0.0	0.0	0.0	0.0	-0.780497560537	0.0	-0.344982435884	-1.45573630592	-0.304015070827
dosg168	0.0	1.21715726732	0.199490734018	0.0	0.0	0.0	0.0	0.0	0.833150981252	0.0	0.122198025962	0.0	0.0	0.0	0.0	0.0	0.0	0.0	0.0	0.0
dosg169	0.0	0.0	0.0	-0.825133384531	0.0	-0.394780940307	0.0	0.0	0.0	0.0	0.123024154179	0.0	0.577286369554	1.48589325798	0.0	0.0	0.391313710052	0.0	0.0	1.17392422513
dosg170	0.0	0.0	0.0	-0.0206978567359	1.16405350042	0.0	1.31566672299	0.0	-1.14083476671	-0.1328859222	0.0	0.0	0.0	0.0	0.0	0.0	0.0	0.0	0.0	0.0
dosg171	0.0	0.0	0.0432984452482	1.24103952375	0.0	0.0	-1.63803811648	0.0	-0.796653594	0.0	0.0	0.0	0.0	0.0	0.0	-0.282604527026	-1.79906555864	0.0	0.0	0.0
dosg172	0.0	0.0	0.0	0.0	-0.864622014102	0.0	0.0	0.0	-0.518572830791	0.0	0.0	0.0	0.0	0.0	0.0	0.0	0.0	0.0	-0.719118829464	0.0
dosg173	0.0	-0.27290290654	0.0	0.0	0.0	-1.5488749585	0.0	0.553411848479	0.688403813457	0.0	0.261820704141	0.0	0.0	0.0	0.0	0.0	0.0	0.0	0.0	0.0
dosg174	-1.72633102684	0.0	0.0	0.0	0.0	0.0	0.0	0.0	0.0	0.0	0.66712343464	0.290510497223	0.0	0.0	0.748231386148	0.0	1.3004495526	0.0	0.0	0.0
dosg175	1.37841337902	0.0	0.0	0.0	0.0	-1.86880790089	0.0	0.0	0.0	0.0	-0.538500069826	0.0	0.438955374936	0.0	0.0	0.563011650348	0.0	0.0	-0.540257071705	-1.56304679329
dosg176	0.0	0.0	0.0	-0.943141603086	-0.567508230518	0.0	0.0	-0.443933046164	0.0	0.0	0.0	0.0	-0.537079757068	0.0	0.0	0.0	0.0	0.874980579543	0.0	0.0
dosg177	0.0	0.0	-0.70242417817	0.0	0.0	0.0	0.0	-0.269496960752	0.0	1.6070647276	0.0	0.0	-1.01860360874	0.0	0.0	1.15898779536	0.0	0.0	-0.80321563223	0.0
dosg178	0.0	0.0	0.0	0.0	0.0	0.0	0.0	0.0	-1.70182195986	0.0	0.0	0.0399150935046	0.0810216723061	0.0	-2.79877729083	-0.360925859187	0.0	0.0	0.0	0.171920274802
dosg179	0.0	0.0	0.0	0.0	0.0	0.0	0.0	0.0	-0.329310771306	0.0	0.0	1.66477647817	0.0	0.0	0.0	-0.669849545742	0.0	0.0	0.0	0.0
dosg180	0.489704189737	0.0	-0.898358643051	0.0	0.0	0.0	0.0	2.75549627223	0.0	0.0	0.0	0.0	0.256950534842	0.0	0.0	0.0	0.0	-0.242127827441	0.0	0.0
dosg181	-1.15485973889	0.0	0.0	0.0	0.0	0.0801287224644	0.0	0.0	0.0	0.0	0.0	-0.420857956365	0.0	0.0	0.0	-1.57893805076	1.54341519308	0.0	0.0	0.0
dosg182	0.0	-2.0045753035	0.0	0.0	0.0	0.0	0.543677907438	-0.918289205492	0.0	0.0	0.0	1.26755895074	0.0	-0.57151693089	0.0	0.0	1.70182508241	1.03413205192	0.0	0.0
dosg183	0.0	-0.124192714478	0.0	0.507426225806	0.0	0.0	0.0	0.0	0.0	0.0	0.632366720537	0.0	0.0	0.0	0.0	-2.04629211482	0.0	1.30245606482	0.0	0.0
dosg184	-0.147531538945	0.0	0.0	-1.35489011298	0.0	0.0	0.100770664823	0.0	-0.634830399517	0.0	0.0	-0.432644139803	0.0	0.0	0.0	0.7016047354	0.0	0.0	-0.162273479863	0.0
dosg185	0.0	0.222991341564	0.0	0.0	0.0	0.0	0.417011265119	0.707464654009	0.0	-0.658144081916	0.0	0.0	0.0	0.621209187846	0.790728928074	0.0	0.0	0.0	0.0	0.0
dosg186	0.0	0.0	0.491423953046	-0.625925243618	0.0	0.0	0.0	0.0	-1.07926186582	0.0	0.0	1.27570364088	0.0	0.0	0.283595340552	0.0	0.0	0.0	0.0	0.0
dosg187	-0.428980367826	0.0	0.0	0.0	0.0	0.0	1.21781039719	0.0	0.0	0.0	0.0	0.0	-1.82002431518	0.0	0.0	0.0	0.0	0.0	0.0	0.0
dosg188	0.0	0.0	-0.680170185214	0.0	0.0	0.0	0.0	0.0	0.0	0.0	0.0	0.0	0.0	0.0	-0.449716461806	0.0	0.0	0.0	0.0	0.0
dosg189	0.0	0.0	0.0	0.0	0.0	0.0	0.0	0.0	-0.642639012614	0.0	0.0	-1.31029985868	0.0	0.0	0.0	0.0	0.0	0.0	-1.29236494409	0.0
dosg190	0.0	0.0	0.0	-0.479547137342	0.0	0.0	0.0	0.0	0.0	0.0	1.97852389672	0.0	0.0	0.0	0.0	-0.481160799315	0.0	-0.541288419932	0.0	0.0420388711175
dosg191	0.0	-0.848790060455	0.0	0.0	0.0	0.0	0.0	0.0	0.0	0.0	-1.80269641793	0.0	0.0	0.0	0.033775494837	0.365482729282	0.0	-0.228275170384	0.0	0.0
dosg192	0.0	0.0	-0.433494588351	-0.351623217074	0.745689128683	0.0	-0.433040442362	0.0	0.0	0.0	0.0	-1.0406930204	0.0	0.0	0.0	0.0	0.0	0.277223544886	-0.243422091063	0.0
dosg193	0.656859768696	-0.806849077362	0.0	0.0	0.0	-1.64583796539	0.0	0.0	0.0	0.0	-1.06708363487	0.346440892107	1.55778579316	0.0	0.787320820101	0.976156478321	1.37788650765	0.0	0.0	0.0
dosg194	0.0	0.0	0.0	0.0	0.0	-1.99782906918	0.0	0.0	0.0	0.0	0.0	0.0	0.0	0.878461660158	0.0	0.0	1.22465953867	0.0	0.0	0.0
dosg195	0.0	0.0	0.0	0.0	0.0	0.0	0.0	0.0	0.0	-1.35767464671	0.0	0.0	0.0	0.0	0.0	0.0	0.0	0.0	0.279369916394	0.955636224985
dosg196	0.0	0.0	0.0	0.0	0.052353109104	-0.186947773048	0.0	0.0	0.776546117574	0.0	0.0	0.0	0.0	0.0	0.0	0.0	0.0	0.0	0.0	0.0
dosg197	0.0	1.42061276007	-1.46156707473	-0.761895109136	0.0	0.0	0.0	0.0	0.0	0.376386376188	0.0	0.0	0.0	1.86196314807	-1.53417972779	0.625911176442	0.0	0.0	0.0	0.0
dosg198	0.0	-0.63479603323	0.0	0.619708660589	0.0	0.0	-0.982313360709	0.0	0.0	-1.07032131771	0.0	0.0	0.0	0.0	0.0	-1.40908014786	0.0	0.759924213811	0.0	1.18463611038
dosg199	0.0	0.0	-1.65394738391	0.0	-0.791024814134	0.0	0.0	-1.97616460612	0.0	0.0	-1.52698804856	-0.708791289545	0.0	0.0	0.0	0.0	-0.256800150906	0.0	0.0	-0.78327191763