unot0	unot1	unot2	unot3	unot4	unot5	unot6	unot7	unot8	unot9	unot10	unot11	unot12	unot13	unot14	unot15	unot16	unot17	unot18	unot19
unot0	0.0	0.0	0.49605952712	1.67688519412	1.29493187032	0.0	0.0	0.0	0.0	0.0	-1.29037292793	-1.61952667186	0.0	0.0	0.0	-1.81582743598	0.0	0.0	0.0	0.0
unot1	0.0	-2.32988508475	0.0	0.0	0.0	0.0	0.0	0.0	0.0	-0.0181893184054	0.0	0.0	0.0	1.82508525104	0.0	0.0	-0.222709567432	0.0	1.18477273458	0.468918058521
unot2	-1.36543884314	0.0	0.0	0.0	0.0	0.0	-1.29991870104	0.0	-0.461392512686	0.0	0.0	0.0	0.0	0.265532338821	0.0	0.0	0.0	0.0	0.0	-0.331472947025
unot3	0.0	0.0	0.0	0.0	0.0	0.0	0.0	0.0	0.0	0.0	0.0	-0.225127925472	0.0	1.11299886724	0.0	0.0	0.0	0.0	0.0	0.0
unot4	0.0	-1.22127786447	0.0	0.0	0.0	0.0	-1.56986633099	0.0	0.0	0.0	0.943422163808	0.0	0.0	0.0	-0.131758415514	-0.84410955507	-0.304195271246	0.0	0.0	2.14598706522
unot5	0.0	0.0	0.0	0.0	0.0	0.0	-0.428518080226	-1.68795272855	0.0	0.0	0.0	0.0	0.362303031064	0.0	0.367926717281	0.0	-0.514187898816	-1.19810856338	0.0	-1.81700529863
unot6	0.0	0.0	0.0	0.532302343684	0.0	0.0	-0.492528412788	1.40505345399	0.0	1.57768578033	0.0	0.0880397748381	-0.804860697276	0.0	0.0	0.0	0.0	0.0	0.0	0.0
unot7	0.238659393249	-1.4733387023	-0.87690914863	0.0	0.0	0.0	0.0	0.0	0.0	0.0	0.0	0.0	0.645223120932	0.0	0.0	0.0	0.0	0.0	0.0	0.0
unot8	-0.362020697863	-2.14775635292	0.0	0.0	-0.287296642716	0.690031091949	0.622548581429	0.0	-0.962046341441	0.0	0.0	0.0	0.0	0.0	0.0	0.0	0.0	-0.708888924505	0.954715514226	0.700773821455
unot9	1.10895329623	0.0	0.0	0.0	-1.68762137925	0.0	0.0	-0.444865404425	0.0	0.0	0.0	0.0	0.0	-0.0863586726401	0.0	0.0	-0.126184675775	0.0	0.0	0.0
unot10	0.0	0.0	0.0	0.0	-1.03656622388	0.0	0.0	0.0	0.0	0.0	0.0	0.0	0.0	0.0	0.0	0.0	0.0	0.0	0.0	0.0
unot11	0.0	0.0	-0.756184207532	0.0	0.0	0.0	0.0	0.0	0.0	0.0	0.0	-0.000817506830963	0.0	0.0	-1.73514770996	0.0	0.311975518894	0.0	1.96430741505	0.0
unot12	0.0	0.0	0.0	0.0	0.495231325725	0.0	0.0	0.0	-0.23633692677	0.776734446797	0.0	0.0	1.70778608094	1.06076882683	0.0	-0.0177347135048	0.0	0.228887692011	-0.151664867084	0.0
unot13	0.0	0.0	0.0	0.0	0.217531782522	-0.636262117196	0.0	0.0	0.0	-0.594434562855	0.0	0.0	0.0	0.0	-2.23523886071	-0.127516486285	0.0	0.0	0.0	0.0
unot14	0.0	-0.349680816123	0.0	0.0	0.0	0.0	0.0	1.67904795076	0.0	0.0	0.0	0.0	0.0	0.0	0.0	0.180447260497	0.0	0.0	-0.206513462664	0.0
unot15	-0.00682548604344	0.187444802181	-0.637127456857	0.0	0.0	0.0	0.0	0.0	0.0	0.0	0.0	0.394160988338	0.0	0.0	0.0	0.0	0.0	0.0	0.0	0.0
unot16	0.0	0.0	0.0	0.0	0.0	3.15312167718	0.519286948045	1.52146966362	0.0	0.0	0.0	0.0	-0.209748923098	0.0	0.0	-1.04867966467	0.0	0.0	0.0	0.0
unot17	0.0	0.0	0.615097844598	0.0	0.0	0.0	0.0	0.0	0.0	0.0	-0.186098956782	0.0	0.0	0.0	0.0	0.0	0.0	0.0	-0.726085502938	0.0
unot18	-1.12392188144	-0.792765731786	0.0	0.0	0.0	0.0	0.0	0.0	0.0	0.00124811308407	0.0	0.0	0.0	0.805895900282	0.0	0.0	0.0	0.0	0.0	0.0
unot19	0.374000913687	0.0	0.0	0.0136717018913	0.0	0.0	0.0	0.0	0.0	0.0	0.0	0.0	0.0	0.0	-0.764763500559	-0.570201099117	0.0	0.0	0.0	0.327326670304
unog0	0.0	0.0	0.0	-0.15907045093	0.0	-0.206685213148	0.0	0.0	0.0	0.0	0.0	0.0	0.0	0.0	-1.61466635978	0.0	0.0	0.0	0.0	0.0
unog1	-0.729485313413	0.0	0.0721459930106	0.658383789892	-0.57366839654	0.0	-0.426841513981	-1.06278035761	0.0	0.0	0.0	-1.19517150382	0.0	0.0	-0.966925315277	0.0	0.0	0.0	-1.07927539182	0.0
unog2	0.0	0.0	0.0	0.0	0.0	0.0	0.0	0.0	-0.364935033541	0.0	0.0	0.0	0.0	-0.775287346368	0.0	-1.1310724245	0.0	0.0	0.155667894222	-1.06313588037
unog3	0.0	0.0	0.0	0.514267121549	0.0	0.0	0.0	0.0	0.0	0.0	-1.1049038467	0.0	0.0	0.0	0.0	0.0	0.0	0.0	-0.61827384658	0.0
unog4	0.0	0.0	0.0	0.0	0.0	0.98239107121	0.0	-1.23157845124	-0.0182195567716	0.0	0.0	0.0	0.0	0.0	0.0	0.0	0.0	0.393185892243	-0.260454299341	0.0
unog5	0.0	0.0	0.0	-2.35674831723	0.764526066747	0.0	0.0	0.0	0.0	0.0	0.0	0.0	0.0	0.0	-0.269254056558	0.0	0.0	-0.822890229439	0.0	0.0
unog6	0.0	1.86095995244	1.31592440721	0.0	0.0	0.0	0.0	0.0	0.0	0.0	0.0	0.0	0.0	-1.02931140523	0.0	0.0	0.0	0.0	0.0	0.0
unog7	0.0	0.0	-0.380566718308	0.0	0.0	0.0	0.0	0.0	0.0	0.0	0.0	0.0	0.0	0.0	0.0	0.0	0.0	0.0	0.0	0.0
unog8	0.0	0.0	0.0	-0.48672826308	0.0	-0.127678295482	0.0	1.9217704662	-2.07291929418	0.0	0.0	0.0	0.0	-0.287523725143	0.0	0.0	0.426933589255	0.751286477062	0.298657995446	0.0
unog9	0.0	-1.53229065301	-0.242112281892	0.0	0.0	0.0	0.0	0.0	0.0	-1.53121594874	0.0	1.17022466384	0.0	0.0	0.0	0.0	0.0	0.611931917055	0.0	0.0
unog10	0.0	0.0	-1.22185617644	0.0	-0.132659306538	0.0	0.224026172108	0.0	0.0	0.0	-0.131810938222	1.9855867311	0.0	0.0	0.0	0.0	-0.101801997825	1.15990183422	0.0	-1.9706764128
unog11	0.0	0.0	0.308917967888	0.0	0.0	0.0	0.0	0.0	0.966283067865	0.0	0.0	0.0	0.0	0.0	0.0	0.0	-0.106286867366	0.199053981617	0.962715475479	0.0
unog12	0.0	0.964123661896	-0.82866320854	-0.818740864017	0.0	0.0	0.0	0.0	-0.856662866911	0.0	0.0	0.0	0.0	-0.0508229174071	0.0	0.0	0.0	-1.3319900758	0.0	0.0
unog13	-1.30288749839	-0.21843721744	0.0	0.0	0.0	0.0	0.265436738172	0.0	-0.0850690940692	0.0	0.0	0.0	0.0	0.0	-0.588242822293	0.0	0.0	0.0	0.0	0.389699491908
unog14	0.0	0.0	0.0	-0.208483571083	-2.06259801746	0.0	0.0	0.598184819757	0.0	0.783392150819	0.0	0.0	0.0	-2.01263583616	0.0	0.0	0.0	-0.56367041546	0.0	0.0
unog15	-0.550357630308	0.0	0.0	-0.149769777004	0.652935694342	-0.646064530929	0.0	0.0	0.0	0.0	-0.546596148409	1.22344759487	-2.6753561969	0.0	0.0	0.0	0.0	0.0	0.0260470793612	0.0
unog16	0.0	0.0	0.0	-0.393026047056	0.0	0.0	0.0	0.0	1.9290188626	0.0	0.0	0.0	0.0	0.0	0.0	0.0	1.59673195999	0.0	0.0	0.0
unog17	-0.424862439254	0.0	0.0	0.0	0.0	0.547058467341	0.0	-0.0356568997866	0.0	0.0	1.80281268066	0.0	0.0	0.0	0.0	0.0	0.0	0.0	0.0	0.0
unog18	0.0	0.0	1.76255276817	0.0	1.2004992577	0.0	-0.118724293973	0.678824427554	0.0	0.0	-0.820954760531	0.0	0.0	-0.221855795414	0.0	0.669675791485	0.0	0.0	0.0	1.32842694084
unog19	0.0	-3.27860037043	0.0	0.0	0.0	0.061429820755	0.0	0.0	-1.5824233693	0.0	0.0	0.0	0.0	0.0	0.0	0.0	0.0	0.0	0.0	0.0
unog20	0.0	1.49107355104	0.0	-0.569656204001	0.0	0.0	0.0	0.0	-1.90644065561	0.0	-1.27690086043	0.0	-1.93155752744	0.0	0.508381577706	0.0	1.42144011571	-0.557787062958	0.0	0.0
unog21	0.162409583153	0.0	1.22527726219	0.0	0.0	0.0	0.0	-0.679479271944	0.0	0.0	0.0	0.0	0.0	0.0	0.0	1.37078697469	0.0	0.0	0.0	0.0
unog22	0.0	0.0	0.0	0.0	0.0	0.0	0.0	0.0	0.0	0.0	1.43936704504	0.0	0.0	0.0	-1.26614088639	0.0	-0.684717048971	-1.98919539471	0.0	0.0
unog23	0.113518776085	0.0	-0.475843255059	0.0	0.0	0.0	0.0	0.0	0.0	0.0	0.0	2.1435759139	-1.46977132969	0.0	-0.641873128228	0.0	0.0	-1.30925148662	0.0	0.0
unog24	-0.956233445625	0.0	0.0	0.0	0.0	0.0	0.0	0.140217064223	0.0	0.0	0.0	1.94954872963	-0.0916219788346	0.37373582471	0.0	-1.6840784843	-1.80996125921	0.0	0.0	0.0
unog25	0.0	0.0	0.0	0.380482891521	0.0	-1.02074421145	1.25020989331	0.0	0.0	0.0	0.0	0.0	0.0	0.0	-0.349940420857	0.0	0.0	-0.130324631499	0.0	0.0
unog26	0.0	0.0	0.0	0.0	-1.83799882133	1.65749979042	0.0	-2.5481726929	0.0	0.0	0.0	-1.20973556477	0.0	0.0	0.0	0.0	0.0	0.0	0.0	0.0
unog27	0.325693217325	-0.644337114178	0.0	0.0	0.0	-0.474682310649	0.0	1.1277470249	0.0	0.0	0.0896738379844	0.0	0.0	0.0	-0.372634535104	0.0	0.0	0.0	0.0	1.1803923454
unog28	0.0	0.0	0.0	0.0	0.540855098713	0.0	1.69251793295	0.0	0.0	0.0	0.0	0.859143708853	0.0	0.661956167224	0.0	0.0	0.0	0.0	0.300103360784	0.0
unog29	0.0	0.0	-0.361097282134	0.0	0.0	0.0	0.0	0.0	0.0	0.0	0.0	-1.35263229187	0.0	0.0	-0.106301161923	0.0	0.0	0.0	0.0	0.0
unog30	0.0	0.0	-2.04719008107	1.95759466513	0.0	0.0	0.0	0.0	0.0	0.0	0.0	0.0	0.0	0.995972753813	0.0	0.0	0.0	0.0	0.0	0.0
unog31	0.0	-0.493725504899	0.0	0.0	0.0	1.86761655031	-0.477796550965	0.0	0.0	0.0	0.0	0.0	0.0	0.0	0.0	0.0	0.0	0.0	0.0	0.0
unog32	0.0	0.0	0.0	0.910801623602	-0.991630979022	0.906491415187	-0.768828664639	0.0	0.184518831421	0.0	0.0	0.0	0.0	0.0	0.0	0.0	0.0	0.0	0.0	0.0
unog33	1.05322690894	0.0	0.0	0.0	1.05309472732	0.0	0.274199821297	0.0	0.0	0.0	0.0	0.0	0.71961843411	0.0	0.0	0.0	0.0	1.09130618439	0.149869769822	-1.2034026169
unog34	0.0	0.0	0.0	0.0	0.0	0.0	0.606383568178	1.51537564983	-0.959819781698	0.0	0.430000500436	-0.720317964958	0.0	0.0	0.0	0.0	1.26214991287	0.0	0.0	0.0
unog35	0.0	0.0	0.53122686943	0.0	0.0	-1.11665739994	0.0	-0.522355436817	0.0	0.0	0.0	0.0	0.0	0.0	0.40542782194	0.0	0.797638098889	0.0	-0.971395380192	0.0
unog36	0.0	0.0	0.0	-0.981655418732	0.0	0.0	0.0	0.0	0.0	0.0	-1.03726638951	0.0	0.0	0.0	0.286801172237	0.596788385844	0.0	0.0	0.0	-1.35808461964
unog37	0.0	0.0	0.0	0.471626347029	0.0	0.0	0.0	0.0	0.0	1.16168591984	0.0	0.0	-1.04496549009	1.46100576116	-0.184656622045	0.0	0.0	-0.464729791137	1.56370383667	-0.0241573939099
unog38	0.0	-0.777407373329	0.0	0.0	-0.454051537803	0.0	0.0	0.0	0.0	0.0	1.34655423594	0.0	0.0	0.0	0.0	-1.51431831521	0.0	0.17307742599	0.0	0.0
unog39	0.0	-2.08953710567	0.0	0.0	0.0	0.0	0.0	0.0	0.0	1.4621585562	0.757413753395	0.0	0.0	0.0	0.0	0.0	1.4024015688	0.0	0.0	0.535906271229
unog40	0.0	0.707031607733	0.0	0.0	0.0	0.0	0.0	-1.31238086041	-0.937664154282	0.0	1.44576243945	0.0	0.0	0.0	0.0	0.0	-0.0918473988903	0.0	1.40589756101	0.0
unog41	0.0	0.0	0.0	0.0	0.0	0.0	0.0	0.152805145188	-1.91092423815	0.04704625993	0.0	0.0	1.11016154188	0.0	0.0	0.0	0.0	0.0	0.0	0.0
unog42	0.0	-0.672127626701	-0.716882698444	0.0	0.0	0.0	0.0	0.0	0.0	0.844158931787	0.0	0.0	-0.437066252746	0.0	0.910582862709	0.0	0.0	0.0	-0.128980163334	0.988276261656
unog43	0.0	0.0	0.0	1.75491485548	-1.10650701681	0.0	-1.05837759691	0.0	0.0	-0.1046285117	0.0	0.0	0.0	0.0	0.0	0.0	0.0	-0.0794287601946	-1.89981205102	0.0
unog44	0.0	0.0	0.0	0.0	0.0	0.0	0.0	0.4964143822	0.0	-0.636238330677	0.0	0.0	0.0	1.60124325246	0.0	0.167000395137	-0.751670601859	0.0	0.0741971240002	0.0
unog45	0.0	0.0	0.0	0.0	0.0	0.0	0.0	0.0	0.0	0.0	0.0	-0.13970076877	-1.63521843182	0.0	0.802436145823	0.0	0.0	0.0	-0.0631024335541	0.0
unog46	0.0	0.0	0.0	0.0	-1.30789698551	0.0	0.0	2.29574535539	0.0	-0.260701912838	0.0	-2.01616173266	0.0	0.0	0.56055529162	0.0	0.0	0.0	0.0	0.0
unog47	0.0	0.0	0.0	-0.0875701368226	-1.23045927399	0.0824847812511	1.03289994591	0.0	0.0	0.0	0.0	0.0929580157411	0.0	0.23208715827	0.0	1.07301422172	0.370611020095	0.0	0.0	0.0
unog48	0.0	1.15262633363	0.0	0.0	0.0	0.13986497719	0.0	0.0	0.0	0.0	0.0	0.0	0.0	0.0	0.0	0.0	0.0	0.0	0.0	0.0
unog49	0.0	0.0	0.0	0.0	0.0	0.0	0.0	0.0	0.0	1.27093578599	0.0	0.0	0.0	0.850848032884	0.0	0.0	0.0	0.0	0.0	0.0
unog50	0.0	0.186990048245	0.0	0.0	0.0	0.0	0.0	0.0	0.0	-0.360170662589	0.0	0.0809561865702	0.0	-1.85692505995	0.0	0.0	-0.156439569951	0.0	0.0	-0.249170237414
unog51	0.0	0.0	-0.539137273677	0.0	0.0	0.0	0.0	0.0	0.0	0.0	0.0	0.0	-0.883564707031	0.0	0.0	0.0	0.0	0.0	0.0	0.0
unog52	2.41079217288	0.0	0.0	0.0	0.0	1.07968613125	0.0	0.0	-1.02781448405	0.0	0.0	-0.31998491678	0.0	0.0	0.0	0.0	-0.799724508673	0.0	0.0	0.0
unog53	0.0	0.0	0.0	0.0	1.24125671441	0.0	-2.23079043883	0.0	0.0	1.4248934387	0.0	0.0	0.0	0.0	0.0	0.0	0.0	0.178645352959	0.0	0.0
unog54	0.0	0.0	0.0	0.0	0.0	0.0	0.0	0.0	0.0	0.0	0.0	0.0	0.0	0.0	1.08983098929	0.0	0.0	0.0	0.0	0.0
unog55	0.0	-1.8856046542	0.0	1.42596616063	0.896050327401	0.0	0.0	0.0	0.0	2.13304421086	0.0	0.0	0.0808948711836	0.0	0.0	0.0	0.0	2.57327630634	0.0	0.154717142764
unog56	0.0	0.0	0.0	0.0	0.0	0.0	0.0	-0.118652556206	-0.76578868119	0.0	0.0	0.824899960317	0.74004533454	0.0	0.0	0.0	0.0	0.0	0.0	0.0
unog57	-0.34666712316	0.0	0.0	0.0	0.111648068859	1.17890664637	-0.909455189779	0.0	0.0	0.0	0.0	0.0	0.0	0.0	0.0	0.0	0.0378475393277	0.0	0.0	0.110218716309
unog58	2.24807736692	-0.457119161842	0.835284180763	0.0	0.0	-0.504574537572	0.0	0.0	0.0	-0.989949343776	0.0	0.0	0.0	0.0	0.0	0.0	-0.178565866291	0.0	0.0	0.0
unog59	0.0	1.22671873804	0.297865111522	0.0	0.0	0.0	0.0	0.0	-1.13228978505	0.0	0.0	0.0	-0.0760839387072	0.0	0.0	0.0	-0.205107878814	0.0	0.0	1.94075051941
unog60	0.0	0.0	0.0	0.785957325083	0.0	0.0	0.386820409178	0.0	0.0	0.0	-1.14369552909	0.0	0.0	0.0	0.0	-1.8725439732	0.0	0.0	0.0	0.832618075404
unog61	0.0	0.0	0.0	0.0	0.0	0.0	0.0	0.0	0.0	0.0	0.0	-0.462651356677	0.0	0.0	-0.621160972602	0.0	0.0	0.0	0.0	0.84855855816
unog62	-0.341606992707	0.0	0.0	0.0	0.716313991319	0.0	0.0	0.0	0.0	0.0	-0.610330838177	0.0	0.0	-0.993491010178	0.0	0.0	0.118695296111	0.0	0.0	0.0
unog63	0.0	0.0	-1.86027721757	0.0	1.09484676902	0.0	-0.855680017914	0.0	0.0	1.374088628	0.828320051582	-0.403628862528	0.0	0.0	0.0	0.0	0.0	0.0	1.11743686692	0.0
unog64	0.0	0.0	0.0	0.0	0.0	0.0	0.0	0.0	-0.350830407417	0.0	0.0	0.0	0.0	0.0	0.0	0.0	-0.205537549757	0.845369681856	0.0	0.0
unog65	0.0	-0.102743735237	0.0	0.0	0.890667831074	0.743001186343	0.0	0.0	0.0	0.0	0.0	0.0	0.0	0.377965030685	0.0	0.0	0.0	0.0	0.0	0.0
unog66	0.0	0.0	0.0	0.0	0.794344125649	0.0	0.0	0.0	1.04497610026	-0.0599885445943	0.0	-0.271007371933	0.0	0.0	0.0	0.0	0.0	0.0	0.0	0.0
unog67	-0.467430859033	1.79585972283	0.0	0.0	0.0	0.71470195145	1.04731398283	0.0	0.0	0.0	0.0	0.0	0.0	0.0	0.0	0.0	0.0	0.0	0.0	0.0
unog68	0.528044271105	0.0	0.0	0.0	0.0	0.0	0.0	0.030721055499	2.15058891169	0.0	0.0	0.0	-1.22908749605	0.0	0.0	0.0	0.376614020101	0.0	0.0	0.0
unog69	0.0	0.0	0.0	0.0	0.0	0.0	0.0	0.0	-0.0564958631746	0.0	0.0	0.0	0.0	0.0	0.559877056963	0.0	-0.408070651916	0.0	0.0	0.0
unog70	0.0	0.0	0.0	0.0	0.20206680884	0.0	0.0	0.0	0.14031609864	0.0	0.0	0.0	0.0	0.0	0.0	0.0	0.655302792983	0.0	0.0	0.0
unog71	0.0	0.00141043064964	0.0	0.0	0.0	2.42827799048	0.0	0.0	0.0	0.0	0.0	0.0	0.429636362186	0.0	0.0	0.0	0.997866410229	0.0	0.0	0.0
unog72	-0.762809382781	0.0	-0.619547544907	0.0	-0.341759236109	0.168054999713	0.0	-0.364419172301	0.0	0.0	1.22391230591	0.0	0.0	0.0	0.0	0.0	0.0	0.0921010422091	-1.6487899359	0.0
unog73	0.0	0.0	2.21199285345	0.155651620817	0.0	0.0	0.0	0.672098600118	0.0	0.0	0.0	0.0	0.663286298118	0.0	-0.519955931902	-0.653902990526	-1.73179304527	0.0	0.0	0.0
unog74	0.779474954278	0.0	0.0	0.0	0.0	1.38924246597	0.666202934094	0.0	0.0	0.0	0.0	0.0	0.0	0.0	0.0	0.0	0.0	0.0	1.29599760959	0.0
unog75	0.469884883617	0.0	0.0	0.0	-0.959754472607	0.0	-0.793588112853	-0.491520711762	0.0	0.0	1.55155208515	0.0	0.0	0.0	0.0	0.0	0.0	0.0	0.0	-0.0284948213845
unog76	0.0	-0.0928923950548	0.553685842958	0.0	0.0	0.0	0.0	-1.62943445394	1.99173640042	0.0	0.0	0.0	0.0	0.0	0.0	0.00794252237454	-0.121132567623	0.0	0.822735066558	0.0
unog77	0.0	0.433537605566	0.0	0.0	0.0	-0.150268509992	0.494368659186	0.0	0.0	0.0	0.0	0.0	0.0	0.0	0.0	0.0	0.0	0.0	0.0	0.0
unog78	0.0	0.0	0.0	0.0	0.0	0.0	-0.600816380952	0.517232403849	0.0	0.0	0.0	0.467308732684	-0.59122003078	-0.604001799913	0.0	0.0	0.0	-0.495084039162	0.0	0.0
unog79	0.0	0.0	0.0	-0.377032740007	0.0	0.0	0.0	0.36869136253	0.0	0.285409995906	0.0	0.0	0.0	1.54858201749	1.93374414996	0.0	0.0	0.0	0.0	0.0
unog80	-1.22056104903	0.0	0.0	2.0133045512	0.0	0.0	0.0	0.0	0.771850140871	-1.00956712167	0.0	0.0	0.0	0.0	0.0	0.0	1.4315818716	0.444278055239	0.0	-1.56080874161
unog81	0.0	0.0	0.0	0.0	-1.7671041016	0.0	0.0	0.0	0.813004986985	0.0	0.0	0.0	0.0	0.0	0.0	0.00855759111868	0.0	0.0	0.0	0.322644524521
unog82	-0.642135068001	2.22108700652	0.0	0.0	0.0	0.0	0.0	0.0	0.0	0.371534513772	-1.75420681788	0.0	0.0	0.0	0.420790877828	0.0	0.0	0.0	0.0	0.779125318134
unog83	0.0	0.0	0.0	0.0	0.0	0.0	0.0	-0.440886551092	0.0	0.0	1.5900906862	0.0	-0.241427217969	0.0	0.0	0.0	0.0	0.0	0.0	0.0
unog84	0.0	0.0744878743051	0.0	1.77639194912	0.0	0.0	0.0	-0.382777271719	0.0	0.0	0.180852719535	0.0	0.0	0.0	0.0	0.0	0.0	0.0	0.0	1.32569067617
unog85	0.0	1.1195879146	0.0	0.0	0.0	-0.00822918528927	0.18232992791	0.0	0.0	0.0	0.0	-0.31281894045	0.0	0.0	-1.82353193657	0.0	0.0	0.0	0.0	0.0
unog86	0.42457661542	0.0	0.464587191045	0.0	-1.47786198923	0.0	0.0	0.0	-0.384195666404	0.0	0.0	0.0	-0.425651848614	0.0	0.0	-0.548969392552	0.0	0.0	0.0	0.0
unog87	0.0	0.0	0.0	0.0	0.0	0.0	0.0	0.0	0.0	0.0	0.0	0.0	0.0	-1.2953272342	-0.534513647752	0.0	0.0	0.0	0.0	0.0
unog88	0.0	0.0	0.0	0.0	0.0	0.0	0.0	-1.047196363	0.0	0.0	0.0	-0.0679494352486	0.0	-0.46235931364	0.0	0.0	0.422231975809	0.0	0.0	-1.16376771182
unog89	0.0	0.0	0.0	0.0	0.0	0.0	0.0	0.0	0.0	-0.0745674837356	-0.684709510943	0.0	0.0	0.0	0.0	0.0	0.0	0.0	0.0	0.0
unog90	0.0	0.836981519091	0.0	-0.0748559503569	0.0	0.0	0.0	0.0	0.0	0.0	0.0	0.0	0.0	0.0	0.0	0.0	1.04642084887	0.0	0.0	0.0
unog91	0.0	0.0478588435178	0.0	0.401039999794	0.800148637363	0.0	-0.148767733471	0.0	0.714576653257	0.0	0.0	0.0	0.0	0.0	0.0	-1.13153034501	0.0	0.0	0.0	0.0
unog92	0.0	0.0	-0.0658110447865	0.0	0.24590652074	-1.36861586271	0.0	0.0	-0.108699685078	-1.74349776883	0.0	0.0	0.0	1.25679266203	0.0	0.0	-0.0268781609461	0.0	0.0	0.0
unog93	0.0	0.317802892899	0.0	0.0	-0.722032519425	0.0	0.0	0.0	0.0	0.0	0.0	0.0	-0.0475498020297	0.0	0.0	0.344704229631	0.0	0.0	0.0	-1.27889976184
unog94	0.0	0.0	0.517184749061	0.0	0.0	0.0	0.0	0.539000469086	-0.340521390028	0.0	0.0	0.0	0.0	0.0	0.0	0.0	-0.349685274836	0.0	0.0	0.0
unog95	0.0	-1.62999645826	0.0	-0.939485121256	0.0	0.0	0.0	0.0	0.0	1.50635757865	0.0	-1.86271785127	0.0	0.0	0.0	0.0	0.0	-0.579675879823	0.0	0.0
unog96	0.0	-1.67482806143	0.947111898437	0.0	0.0	0.0	0.0	0.0	0.0	0.0	-0.754707089381	0.0	-0.299358271015	-0.0599026502985	0.0	0.0	0.0	0.0	0.0	0.0
unog97	0.0	0.0	0.0	0.0	-0.559653027126	0.0	-0.235130831646	0.0	0.0	0.0	0.0	0.0	0.0	0.0	0.0	0.0	0.0	0.0	0.0	0.0
unog98	-0.489726038159	-0.338055691918	0.0	0.0	0.0	-0.751496575192	0.0	0.0	-0.986349928099	0.0	0.0	0.0	0.0	0.0	0.0	-1.06409966095	0.0	0.0	0.0	0.0
unog99	0.618219968561	0.664372464603	0.0	0.0	0.0	0.0	0.0	1.40787056048	0.0	0.0	0.933266244819	0.0	0.0	0.0	0.0	-0.0653681144954	0.0	0.0	-1.32206147649	0.807359069791
unog100	0.0	-0.765829097829	0.0	0.0	0.0	0.0	0.0	0.0	-0.697496430149	1.18210147713	0.0	0.0	0.0	0.0	0.448007547576	2.67594882605	0.0	0.0	0.0	0.0
unog101	0.0	0.325346658229	0.138978206314	0.0	0.0	0.0	0.0	-0.0431052498731	0.0	0.0	0.0	-0.462967379278	0.0	0.0	0.0	0.0	0.0	0.759808319298	0.0	-0.196515553566
unog102	0.0	0.0	0.0	0.0	-0.547255872069	0.696566325188	0.0	0.0	0.0	0.531813488762	0.0	0.0	1.71291267799	0.0	0.0	0.0	0.0	1.22641431749	0.0	0.333908758815
unog103	0.0	0.0	0.0	-0.658924542728	0.0	0.0	0.0	-0.690289194809	0.0	-1.32811290081	0.0	0.0	0.0	-1.29272929098	0.0	-1.25105407255	-1.2706124413	-0.756043765325	0.0	0.646537258031
unog104	-0.129683724057	1.15333762894	0.933563502229	0.328080558336	0.0	0.0	0.0	-0.00748360304458	0.0	0.0	0.0	0.838041911014	-0.185083095322	0.0	0.0	0.0	0.0	0.135877407444	0.0	0.0
unog105	0.0	1.01952168702	0.0	0.952552855707	0.0	0.615140851065	0.0	0.0	-0.396183081081	0.0	0.0	-0.109703242845	0.0	0.0	0.0	0.0	0.0	0.0	0.0	0.0
unog106	-0.719535308431	0.0	0.0	0.0	0.0	0.0	-0.150800754047	0.0	0.0	0.543339727212	0.0	0.0	0.0	0.0	0.0	0.0	0.0	0.0	0.0	0.0
unog107	0.0274054217191	0.0	0.0	0.0	-1.25081520691	0.0	0.0	0.0	0.0	0.0	0.0	0.0	0.0	0.0	0.0	0.0	0.0	0.0	0.0	0.0
unog108	0.0	0.0	0.0	0.0	0.0	0.0	0.0	0.0	0.0	0.0	0.0	-0.122544501539	0.0	0.0	0.0	0.0	0.0	0.0	0.0	0.0
unog109	0.0	0.231057373011	0.0	-0.923973652609	0.0	0.0	0.0	0.0	0.0	0.0	-0.53752908761	0.0	0.0	0.0	0.0	0.0	0.0	0.0	-0.259033488415	0.0
unog110	0.0	0.0	0.0	-0.315071425855	0.0	0.0	0.0	1.49598778162	-1.28852045646	1.12265621982	-1.0976556454	0.0	0.0	0.0	0.0	0.275583327222	0.0	0.0	0.0	0.0
unog111	0.0	0.0	0.0	0.496697162409	0.0	0.0	0.109546004793	0.0	0.0	0.0	0.0	0.0	0.0	0.0	0.0	0.0	0.0	-2.86260210901	-0.593893410218	0.0
unog112	0.815909045071	-0.346517744894	0.0	0.488484151676	0.0	0.0	0.0	0.0	1.59041491722	-1.80439185894	1.08089547214	0.0	0.0	0.0	0.0	0.0	0.179117871877	0.48631805653	0.0331787010499	0.0
unog113	-0.254964669466	0.0	0.459505600963	0.0	-0.694627157928	0.0	0.0	0.0	0.0	0.0	-0.57820901577	2.17841288206	0.0	0.0	0.0	0.0	-0.253231891816	0.0	0.0	-0.0362126138486
unog114	-0.371754775968	0.709025640884	0.0	0.0	0.0	3.33607482877	-1.12427003098	0.0	0.0	0.0	0.0	0.0	0.0	-0.623738203964	0.0	-0.0986698180894	0.0	-0.7410505726	0.0	0.0
unog115	0.0	0.0	0.0	0.0	-0.0614679448344	0.0	0.0	0.0	0.0	0.0	0.550643183636	0.0	0.0	0.0	-0.0433954790228	0.0	-0.876430621542	0.0	0.0	0.0
unog116	0.0	0.0	0.0	0.0	0.0	0.0	0.0	0.0	-0.21234591456	0.0	0.397807168737	0.0	0.0	-0.867000670156	0.0	0.0	-0.33236004324	0.0	0.0	0.0
unog117	0.751916051855	0.0	0.0	0.0	0.866891131262	0.0	0.0	0.0	0.0	0.0	0.0	0.0	0.0	-0.197851308592	0.0437938540071	-1.10740699961	-1.07541395864	0.0	-0.417194610527	0.0
unog118	0.688930410313	0.0	0.0	0.0	0.0	0.0	0.0	0.0	0.0	-0.101096841471	0.0	0.0	0.0	0.456939795711	0.0	-0.263294629084	0.0	0.0	0.0	0.0
unog119	0.0	0.310670909984	0.0	0.0	0.0	-0.158240856047	0.0	-0.458703806251	0.0	-1.25973765711	0.0	0.0	0.0	0.0	0.0	0.0	0.0	0.0	0.0711544155987	0.0
unog120	-0.855047723403	0.0	0.0	0.0	0.800364797581	-0.192807634272	0.0	0.0	0.0	0.0	0.0	-0.667503891403	0.0	0.0993824636434	0.0	0.0	0.0	1.24450493088	0.0	0.0
unog121	0.0	-0.363391326294	0.0	0.0	0.0	0.0	0.0	0.0	0.0	0.0	0.0	0.0	0.0	0.0	0.0	0.0	0.0196412031556	0.0	0.0	0.0
unog122	-1.17258249686	0.0	0.0	0.0	0.0	0.0	-1.79156288144	-2.1646952417	0.0	0.593019842851	0.0	0.0	0.0	2.18192334894	0.0	0.521415170564	0.0	-0.0197903143784	0.0	0.0
unog123	-0.379416753379	0.0	0.0	0.0	0.0	-0.0541438359231	0.0	0.0	-0.154104261725	0.0	0.0	0.0	0.0	0.0	-0.571601618907	0.0	-1.8248746931	0.794626031536	0.0	0.0
unog124	0.0	0.0	0.0	0.0	0.0	-0.260647694372	1.29852769175	1.0372547388	0.0	0.0	0.0	0.0	0.0	0.0	0.0	0.0	0.0	-0.145161775807	0.0	-0.0953871791816
unog125	0.0	0.243213952008	-1.37118275389	0.531215095876	0.0	-0.426623485938	0.0	0.0	0.181801140755	0.0	0.882255436313	1.43601811442	0.0	1.27722495315	0.0	0.0	-1.06805121901	1.6194459599	0.0	0.0
unog126	0.0	1.89594129332	0.0	0.0	0.0	0.0	0.0	0.0137136887242	0.0	1.22006457535	1.2103178794	0.0	0.0	0.0	-0.227294272174	0.0	0.0	0.0	0.0	0.0
unog127	0.0	-1.80922790617	0.0	0.420947675077	0.0	0.0	0.0	0.0	0.0	0.0	-0.46242286867	0.0	0.0	-1.90238344118	0.441502010622	0.0	0.0	0.0	-0.0141020813813	0.0
unog128	0.0	-0.332151146757	1.83777103463	0.0	0.0	0.0	0.0	0.0	0.0	0.777700254051	0.0	0.0	0.563244992871	0.0	0.0	-0.529935971649	0.0	0.0	2.1178427845	0.0
unog129	0.0	0.0	0.0	-0.636037310413	0.0	0.0	0.0	0.0	0.0	0.0	0.0	0.0	0.0	0.616134498193	0.0	1.28078082935	0.149303400202	0.0	0.0	0.0
unog130	0.0	0.580093415065	0.0	-0.560410631693	0.0	0.0	-0.101438361002	0.0	-1.51606550254	0.0	0.0	0.0	0.638486322444	1.11122315126	0.0	0.0	0.0	0.0	0.0	0.0
unog131	0.0	-0.992924314489	0.0	0.0	0.0	0.0	0.0	0.0	0.0	0.0	0.0	0.0	1.04660880321	0.0	0.0	0.0	0.975217465418	1.1387458351	0.0	1.37735146672
unog132	0.0	-0.0308515948802	0.0	0.0	0.0	0.0	0.0	0.0	0.0	0.0	0.0	-0.0317896496099	-1.00584466343	0.0	0.0	-1.21315332381	0.0	1.04744798949	0.0	0.0
unog133	-0.610293018729	-0.760313922889	0.0	0.0	0.0	0.0	0.0	-0.816092232945	0.0	0.504937637499	0.0	-0.877452164408	-0.936701316677	0.898972441206	0.0	0.0	0.0	0.0	0.0	-0.887074623328
unog134	-1.21265231365	-0.195133142942	0.0	0.967559523352	0.0	1.29916204082	0.0	0.0	0.430555390178	0.0	0.0	1.24349324973	0.0	-0.088291565775	0.0	0.0	0.0	0.0	0.0	0.0
unog135	0.0	0.0	1.12062737417	0.0	0.0	0.0	0.552823775121	0.309322730878	0.0	0.0	1.05623914266	0.0	0.0	0.0	0.0	0.0	-1.78071352606	0.0	0.0	0.0
unog136	0.0	0.0	0.0	-0.263761719334	0.0	0.0	0.0	0.0	0.0	0.0696889730093	0.0	0.0	0.0	0.0	0.0	0.0	0.0	0.0	1.59909469679	0.0
unog137	0.0	0.0	0.0	0.0	-1.08605352034	1.48231124344	0.0	0.827746038592	0.0	0.287972778216	0.0	-0.19195923675	0.0	0.0	0.0	0.0	0.0	0.406837367483	0.0	-0.146359492296
unog138	0.0	0.0	0.0	-0.209009683701	0.594519127458	1.64859576587	1.94038816087	0.0	0.0	0.0	0.0	0.0	-0.633285575769	0.0	0.919530195141	0.23098564337	0.0	-0.15307749947	0.0	0.0
unog139	0.733631163966	0.0	0.0	0.0	0.0	0.0	0.0	0.197321194871	0.0	-1.54933106391	0.0	0.0	0.0	0.0	0.0	0.0	-0.331452952975	0.0	0.0	0.0
unog140	0.558145070258	0.0	0.0	0.0	0.0960702209177	0.0	0.0	0.0	0.0	0.0	2.02353446837	0.0	0.0	-0.677304148428	0.0	0.0	0.0	0.0	0.0	0.0
unog141	0.0	-0.729012561607	0.0	0.0	0.0	0.0	-1.3958155925	0.0	0.578159028453	0.0	1.61414513094	-0.790836059807	0.0	0.0	-0.329961732171	0.0	0.0	0.0	0.0	0.0
unog142	-0.249728910293	0.0	0.0	0.0	-0.345533526843	0.0	-0.11106541094	0.0	0.0	0.0	-0.451320898645	-0.544540546881	0.0	0.0	0.296131501487	0.0	0.0	0.0	0.0	0.0
unog143	0.0	0.0	0.0	1.54187970595	0.0	-0.981176314163	0.0	-0.218701401215	1.72529684867	0.0	0.698849519981	-0.58226307646	0.0	0.0	0.0	0.0	0.973760843603	0.0	0.0	0.0
unog144	0.0	-0.302978098124	0.0	0.0	-2.02624439061	-1.09697440367	0.0	0.0	0.0320853631923	0.0	-0.29373332671	0.0	-0.335858407011	0.0	0.0	0.0	0.0	0.67660993111	0.0	-0.158836493314
unog145	0.0	0.0	0.0	-1.48465541169	0.0	0.184690908297	0.274146319027	0.0	0.0	0.0	0.0	0.0	0.0	0.0	0.0	-0.72563717275	-0.598159153411	0.0	0.0	0.286339634479
unog146	0.0	0.0	0.0	0.0	0.0	0.208384935856	0.0	0.182426129876	0.0	0.0	-0.130358910402	1.09317328929	0.0	0.0	0.0	0.0	0.0	0.0	0.0	0.0
unog147	0.0	0.0	0.0	0.0	0.0	0.0	0.0	0.0	0.0	0.0	0.0	-1.18789597049	0.0	0.0	0.0	2.4042476727	0.0	0.294500329016	0.0	0.0
unog148	1.24118770458	-0.506681820139	0.0	0.0	0.10401701721	0.0	0.0	0.0	0.0	0.0	0.0	0.0	0.0	0.0	0.0	-0.623599563822	0.0	-1.11133576719	0.0	0.0
unog149	0.0	0.0	0.0	0.0	0.0	1.67206346498	0.377578671185	0.582094729192	0.0	0.0	0.0	-0.643880953587	0.0	-2.10851164652	0.0	0.265257116768	0.0	0.0	0.0	0.0
unog150	1.7432530668	1.0487546135	0.0	0.0	0.0	0.0	0.0	0.0	0.0	0.0	0.0	-0.644920553146	0.0	0.0	-0.838408817567	0.413101366124	0.0	0.0	-0.530114013259	0.0
unog151	-1.1931250413	0.0	0.561282771974	0.0	0.0	0.0	0.0	0.0	0.0	-0.461547946803	1.40225540179	0.0	0.0	0.0	0.0	0.37703609873	0.0	0.0	0.0	0.0
unog152	0.0	-1.02595874867	0.0	0.0	0.0	0.88197366049	0.0	0.0	0.0	0.0	0.0	0.0	0.0	0.505982912083	0.0	0.0	0.80840945204	0.0	0.704723633744	0.0
unog153	0.0	-2.0582697354	0.0	-0.886881072521	0.0	0.0	0.0	1.22982636125	0.0	-0.115612674265	0.0	0.0	0.0	0.0	0.0	0.0	0.0	0.0	-1.26818880412	0.0153732809747
unog154	0.0	-0.708155051078	0.158872313089	0.0	0.568456196945	0.0	-0.314199072746	0.0	0.0	0.0	0.0	0.0	0.920023539428	0.0	0.0	0.0	0.0	0.00580160765404	0.0	0.0
unog155	0.0	0.0	0.0	0.0	-0.513277566062	0.0	0.853239333787	0.0	0.0	0.0	0.0	0.0	0.0	0.310665732627	0.0	0.0	0.0	0.0	0.0	0.0
unog156	0.0	0.326969803541	0.0	1.11596551249	0.0	0.0	0.0	0.0	0.0	0.0	0.0	0.196597781166	0.0	0.0	0.0	0.0	0.0	0.0	0.907904296716	0.0
unog157	0.0	0.0	0.852774969951	0.0	0.0	0.0	0.419096908574	0.0	-0.00227855461717	0.0	0.0	0.0	0.0	0.0	1.33367058979	0.0	0.0	0.0	0.0	0.0
unog158	1.19371068942	0.0	0.0	-0.895666652922	0.0	0.0	0.0	0.0	0.0	0.434853306519	0.0	0.0	0.0	0.0	1.68416652357	0.0	-0.399106343591	1.39280680043	0.0	0.0
unog159	0.0	0.0	-1.87462955545	0.0	0.0	0.0	0.0	0.0	0.0	0.0	0.0	0.0	0.0	0.0	0.0	0.548002381836	0.0	0.0	0.0	0.0
unog160	0.0	0.0	0.0	0.0	0.0	0.0	0.0	0.0	-1.09314607491	0.0	0.0	0.0	-0.576251064726	0.972131720213	0.0	0.0	0.0	0.0	0.0	0.0
unog161	0.0	0.0	0.0	0.0	0.0	0.0	0.0	0.0	0.0	0.0	0.0	0.0	0.0	-1.14819331015	0.0	0.868446525638	0.0	0.0	1.71447197968	0.0
unog162	0.0	0.0	0.0	0.0	-0.259030319998	-1.2680998779	0.0	0.546790917421	0.0	0.0	0.546645557053	0.0	0.0	0.0877163368384	-0.378458722726	0.0	0.0	0.0	-2.02406929193	0.0
unog163	0.0	0.0	0.0	0.72997212534	0.0	0.319596717422	0.0	-0.0379989783867	0.0	0.0	-0.619983857128	-0.443732029128	0.0	0.0	0.0	1.93480321742	-0.0649239462033	-1.65506109533	0.0	-0.942651065377
unog164	0.0	0.315731100627	0.0	-0.961864631283	0.0	0.0	0.0	0.0	0.0	0.0	0.0	0.0	0.0	-0.0175306871585	0.0	0.0	0.792733233307	0.0	0.0	0.0
unog165	0.0	0.0	0.0	0.0	0.320015694914	0.0	1.69100299822	-0.290186566481	0.0	0.0	0.0	-2.2544585811	-2.88444416738	0.0	0.0	0.0	0.0	0.0	-0.163502154679	-1.13967059212
unog166	0.124494291661	-0.679080591166	-0.515539007426	0.0	-1.28965893251	0.0	0.0	-0.452396052255	0.0	1.49411656831	0.0	0.0	0.437294067911	1.42145200545	-0.907015466561	0.71878982691	0.0	0.0	0.0	0.0
unog167	0.0	1.43355715124	0.0	0.0	1.05736316509	0.0	0.0	-1.0098084456	0.0	0.0	0.0	-1.52593699445	0.0	0.0	0.0	0.0	0.0	0.0	-1.93410572829	0.0
unog168	0.0	0.0	0.0	0.502445187631	0.0	0.0	0.0	0.0	0.0	0.82494019634	0.0	0.0	0.0	1.93193785448	0.0	0.0	0.0	0.0	0.0	-0.138365303649
unog169	0.0	0.0095745887185	0.0	0.0	1.21658744689	1.29769137893	3.09153403086	0.0	0.0	0.0	0.641380037636	0.0	0.0	0.0	-0.399934476183	0.0	0.0	0.298206539751	0.0	0.0
unog170	0.0	0.0	0.0	0.0	0.0	0.0	0.0	0.0	0.0	0.0	0.0	0.0	0.0	-0.40845440942	0.0	0.0	0.0	0.0	0.0	0.0
unog171	0.100484127956	0.0	0.0	0.0	0.475411586393	0.0	1.49398756262	0.0	0.0	-0.419209307673	1.11294599757	0.0	0.0	0.0	0.0	0.0	0.0	-1.0763712978	0.0	-0.0340159930875
unog172	0.0	0.0	0.0	0.896472937878	0.0	0.0	-1.34456960087	0.0	0.0	0.0	0.0	0.0	0.0	0.0	-0.864312174786	0.0	0.0	0.0	-0.58992829039	1.00308460702
unog173	0.0	0.0	0.0	0.890355901542	-1.9618462054	0.0	-1.05039983688	-0.705591303682	0.0	0.0	0.0	-0.516256618792	0.0	0.0	0.0	0.0	0.0	0.0	0.0	0.0
unog174	0.0	0.852363760827	0.0	0.0	0.0	0.0	0.0	0.457887024094	0.0	0.0	0.317306748431	0.0	0.0	1.38652463399	0.0	0.0	0.0	0.0	0.0	0.0
unog175	0.0	1.18957868773	0.0	0.0	0.0	0.0378702560139	0.0	0.0	0.0	0.0	0.0	0.0	0.0	0.0	0.0	0.0	0.0	0.0	0.0	0.0
unog176	0.0	0.0	0.0	0.0	0.0	0.0	-0.78858446905	0.0	0.304080468713	0.0	-0.370792883518	0.0	0.80267037158	0.0	0.0	0.621327930912	0.0	-0.314492316629	0.0	-0.216830891578
unog177	0.0	0.573440422218	0.0	0.0	0.0	0.0	-0.219927068127	0.0	0.0	0.0	0.0	0.0	0.0	1.55703646266	0.176788019126	1.26229516043	0.0	0.0	0.0	0.0
unog178	0.0	1.0458720481	0.0	0.0	0.0	0.0	0.0	0.0	0.0	0.0	-0.12978621856	0.0	0.206820314183	0.0	0.0	0.0	0.0	-0.988947144381	0.0	0.070404965468
unog179	0.0	0.0	1.16926596618	-0.984734143773	0.0	0.0	0.0	0.226791211504	0.0	0.160456849942	0.0	0.0	0.00771715287657	0.0	0.0	0.0	0.0	0.0	0.0	0.0
unog180	0.0	-0.162670301335	0.0	0.0	-1.29697078033	0.0	-0.245488124899	-0.816343881288	0.0	0.0	-0.340577664679	0.0	0.0	-1.19042596036	0.0	0.0	-0.24522639049	-0.887432783806	0.0	-0.883999541522
unog181	-0.456881767781	-0.268910561455	0.0	0.0	0.0	0.0	0.0795032504984	0.0	0.0	0.0	0.0	0.0	0.888607600714	0.0	0.0	0.0	0.0	-0.839588684168	0.0	0.0
unog182	0.0	0.0	0.0	0.0	0.0	1.94924328304	0.0	0.0	0.0	0.471633904312	0.372791871191	0.0	0.0	1.03875050283	-0.241907748987	0.0	0.0	0.0	0.0	0.0
unog183	0.40549288931	0.0	0.0	0.0	0.0	0.0	-1.56153614304	0.844289711001	0.0	0.0	0.0	0.0	-0.244084790892	-0.278021689253	0.0630616139445	0.0	0.0	0.0	0.766540300837	0.0
unog184	0.0	0.0	-1.29615022001	0.198623715702	-0.788545736458	0.0	0.0	0.0	0.0	0.0	0.0	0.0	0.0	0.0	0.0	0.0	0.726734613094	0.0	0.0	0.0
unog185	0.0	0.363253197041	0.0	-0.197113184849	0.0	0.0	0.0	0.0	-0.0464216335836	0.0	0.0	0.0	0.0	0.271996651001	0.0	0.0	0.0	0.0	0.0	0.0
unog186	-0.0437560399137	0.0	0.9145569661	0.0	0.0880068497057	0.0	-0.082224460191	-0.651279884983	0.0	0.0	0.404525409609	0.0	0.0	0.0	0.0	0.0	0.132914807039	2.25873636717	0.0	0.0
unog187	0.0	0.0	0.0	0.0	0.0	0.0	0.0	0.0	0.0	0.0	0.0	0.0	0.0	0.0	0.0	0.0	0.0	0.0	0.0	0.0
unog188	0.0	0.0	0.0	-0.416292121329	0.0	0.0	0.0	0.0	0.0	0.0	0.0	0.950824445392	1.54174124406	0.0	0.0	1.9542024001	-0.757449190159	0.0	0.0	0.0
unog189	0.0	0.0	-0.668517290304	0.0	0.0	0.0	0.0	0.560980887087	-0.88856537127	0.0	0.0	-0.489978222318	-0.19314658928	0.0	0.0	0.500816671269	0.0	0.0	0.0	0.0
unog190	-1.07765439887	0.0	0.0	0.0	-0.0208301200623	0.0	0.0	0.0	-0.0288497808572	-0.271435935916	0.0	0.0	0.0	0.0	0.0	0.0	0.0	-0.0592283140568	0.0	1.62144028686
unog191	0.0	0.0	0.0	0.0	0.0	0.0	0.0	0.0	0.0	0.0	0.0	-0.491518310362	0.0	0.0	1.3089231508	-0.880604606661	0.0	0.160616173248	-0.791988837491	0.0
unog192	0.0	-1.20866639082	0.0	-0.87707136541	0.0	-0.272337601372	0.0	0.0	0.0	0.0	0.0816714532775	1.49823141279	0.0	0.0	0.0	0.0	0.0	0.0	0.94710582581	0.0
unog193	1.3763502186	-0.59470311589	0.0	0.0	-0.457347707635	0.0	0.0	-0.243374425867	0.0	0.0	0.0	0.0	0.554892775537	1.37010857467	-0.437396246968	0.0	0.0	-0.426392483622	0.0	0.0
unog194	-0.972598121803	0.0	-1.27045678069	-0.747258294205	0.0	0.0	0.0	0.0	-0.808423876445	0.0	0.0	-0.247178934996	0.0656741978611	0.0	0.0	0.0	0.0	0.0	0.0	0.0
unog195	0.0	0.739929869815	0.0	0.253717881031	0.0	-0.174167445814	0.0	1.33779176089	-1.40441613146	0.0	0.0	-0.428656883054	0.0	0.0	0.0	-0.280845915125	0.0	0.0	0.0	0.0
unog196	0.0	1.18411937498	0.631825788998	0.0	0.0	0.0	0.0	0.59638150583	1.88720040829	0.0	0.0	0.0	0.0	-0.88527319541	-0.996155303324	-0.00550105136424	0.0	0.0	0.714123776565	0.0
unog197	0.0	0.0	0.0	0.0	-0.480102155334	0.765317465264	0.0	0.0	0.0	0.0	0.0	0.0	0.0	0.0	0.0	0.0	0.0	0.0	2.11473915158	0.0
unog198	0.364777928941	0.0	0.0	0.0	0.0	-0.225494760115	0.0	0.0	0.694548602902	0.0	0.0	0.914948369841	0.0	0.0	-0.0599585274845	0.0	0.0	-0.220132090581	0.0	0.0
unog199	0.0	0.0	0.0	0.0	0.0	0.0	0.0	0.643644549232	0.0	0.0	0.0	0.0	0.0	1.32661392668	0.0	0.0	0.0	0.0	0.0	0.0