dost0	dost1	dost2	dost3	dost4	dost5	dost6	dost7	dost8	dost9	dost10	dost11	dost12	dost13	dost14	dost15	dost16	dost17	dost18	dost19
dost0	0.0	0.0	0.49605952712	1.67688519412	1.29493187032	0.0	0.0	0.0	0.0	0.0	-1.29037292793	-1.61952667186	0.0	0.0	0.0	0.0	-2.30215584978	0.0	0.0	0.0
dost1	0.0	-2.32988508475	0.0	0.0	0.0	0.0	0.0	0.0	0.0	-0.0181893184054	0.0	0.0	0.0	1.82508525104	0.0	0.0	0.0	0.0	0.0	1.04634120898
dost2	-1.36543884314	0.0	0.0	0.0	0.0	0.0	-1.29991870104	0.0	-0.461392512686	0.0	0.0	0.0	0.0	0.265532338821	0.0	1.7747526563	0.0	0.0	-0.090131463362	0.0
dost3	0.0	0.0	0.0	0.0	0.0	0.0	0.0	0.0	0.0	0.0	0.0	-0.225127925472	0.0	1.11299886724	0.0	0.171590237463	0.0	1.60597442753	-1.155385783	0.0
dost4	0.0	-1.22127786447	0.0	0.0	0.0	0.0	-1.56986633099	0.0	0.0	0.0	0.943422163808	0.0	0.0	0.0	-0.131758415514	1.75776961575	-1.14416476481	-0.250742888482	0.283314118682	0.0
dost5	0.0	0.0	0.0	0.0	0.0	0.0	-0.428518080226	-1.68795272855	0.0	0.0	0.0	0.0	0.362303031064	0.0	0.367926717281	0.0	-0.498576231102	-1.19602450513	0.0	0.0
dost6	0.0	0.0	0.0	0.532302343684	0.0	0.0	-0.492528412788	1.40505345399	0.0	1.57768578033	0.0	0.0880397748381	-0.804860697276	0.0	0.0	0.0	0.0	0.0	-0.909342133081	2.23684205072
dost7	0.238659393249	-1.4733387023	-0.87690914863	0.0	0.0	0.0	0.0	0.0	0.0	0.0	0.0	0.0	0.645223120932	0.0	0.0	-0.245521336808	0.0	0.0	0.0	0.0
dost8	-0.362020697863	-2.14775635292	0.0	0.0	-0.287296642716	0.690031091949	0.622548581429	0.0	-0.962046341441	0.0	0.0	0.0	0.0	0.0	0.0	0.0	0.0	0.0	0.794116984367	-1.61790826437
dost9	1.10895329623	0.0	0.0	0.0	-1.68762137925	0.0	0.0	-0.444865404425	0.0	0.0	0.0	0.0	0.0	-0.0863586726401	0.0	0.680388108877	-1.42088989214	0.0	-1.02973053376	0.0
dost10	0.0	0.0	0.0	0.0	-1.03656622388	0.0	0.0	0.0	0.0	0.0	0.0	0.0	0.0	0.0	0.0	-0.887292974201	0.0	0.0	0.0	0.0
dost11	0.0	0.0	-0.756184207532	0.0	0.0	0.0	0.0	0.0	0.0	0.0	0.0	-0.000817506830963	0.0	0.0	-1.73514770996	0.0	0.0	0.0	0.0	0.0
dost12	0.0	0.0	0.0	0.0	0.495231325725	0.0	0.0	0.0	-0.23633692677	0.776734446797	0.0	0.0	1.70778608094	1.06076882683	0.0	0.0	0.0	0.0	0.0	0.489652074855
dost13	0.0	0.0	0.0	0.0	0.217531782522	-0.636262117196	0.0	0.0	0.0	-0.594434562855	0.0	0.0	0.0	0.0	-2.23523886071	-1.71286352456	0.0	0.0	0.0	0.0
dost14	0.0	-0.349680816123	0.0	0.0	0.0	0.0	0.0	1.67904795076	0.0	0.0	0.0	0.0	0.0	0.0	0.0	0.0	0.0	-0.195651884727	0.0	0.0
dost15	1.22370903554	0.0	1.13484165413	0.0	0.0	0.383169405572	0.0	0.0	0.0	1.75694346026	0.0	0.0	0.0	0.0	-0.735558933597	3.25123045314	0.11542481643	0.121311960663	0.0	0.0
dost16	0.0	0.0	0.0	0.772910205737	0.0	0.0	0.0	0.0	0.0	-1.58487471169	-1.01837586279	-2.91554125921	1.49597988042	0.0	-1.28590550149	0.0	0.0	0.0	-1.20913743161	0.0
dost17	0.0	0.0	0.0	0.0	0.0	0.0	-0.758608831734	0.0	0.0	0.0	0.0	0.0	-0.441438922076	-1.2393952196	0.0	0.0	0.0	0.0	0.0	0.0
dost18	0.0	0.0	0.0	0.0	1.79592948668	0.0	0.0	0.0	0.0	0.0	0.0	0.0	0.0	0.0	0.0	0.0	0.651937389278	0.0	0.0	0.0
dost19	-0.572732491466	0.0	0.573989532547	0.0	0.0	1.49253883664	0.0	0.0	0.0	0.0	0.0	-1.56709607534	0.0	0.0	0.0	0.0	0.0	0.0	0.999187347059	0.0
dosg0	0.0	0.0	0.0	-0.15907045093	0.0	-0.206685213148	0.0	0.0	0.0	0.0	0.0	0.0	0.0	0.0	-1.61466635978	0.0	0.0	0.0	0.0	0.0
dosg1	-0.729485313413	0.0	0.0721459930106	0.658383789892	-0.57366839654	0.0	-0.426841513981	-1.06278035761	0.0	0.0	0.0	-1.19517150382	0.0	0.0	-0.966925315277	0.0	-0.316142144269	0.0	0.0	0.0
dosg2	0.0	0.0	0.0	0.0	0.0	0.0	0.0	0.0	-0.364935033541	0.0	0.0	0.0	0.0	-0.775287346368	0.0	0.0	-0.260764066223	0.0	0.0	-0.80928890098
dosg3	0.0	0.0	0.0	0.514267121549	0.0	0.0	0.0	0.0	0.0	0.0	-1.1049038467	0.0	0.0	0.0	0.0	-0.987600305605	0.0	-1.0512298925	0.0	0.0
dosg4	0.0	0.0	0.0	0.0	0.0	0.98239107121	0.0	-1.23157845124	-0.0182195567716	0.0	0.0	0.0	0.0	0.0	0.0	0.0	0.0	0.0	-0.0504213176469	-0.60610878869
dosg5	0.0	0.0	0.0	-2.35674831723	0.764526066747	0.0	0.0	0.0	0.0	0.0	0.0	0.0	0.0	0.0	-0.269254056558	0.0	0.0	0.0	0.0	0.0
dosg6	0.0	1.86095995244	1.31592440721	0.0	0.0	0.0	0.0	0.0	0.0	0.0	0.0	0.0	0.0	-1.02931140523	0.0	0.0	0.0	0.0	0.0	0.249415871457
dosg7	0.0	0.0	-0.380566718308	0.0	0.0	0.0	0.0	0.0	0.0	0.0	0.0	0.0	0.0	0.0	0.0	0.0	0.0	0.0	0.0	0.0
dosg8	0.0	0.0	0.0	-0.48672826308	0.0	-0.127678295482	0.0	1.9217704662	-2.07291929418	0.0	0.0	0.0	0.0	-0.287523725143	0.0	0.0	0.341805850248	0.0	0.0	0.0
dosg9	0.0	-1.53229065301	-0.242112281892	0.0	0.0	0.0	0.0	0.0	0.0	-1.53121594874	0.0	1.17022466384	0.0	0.0	0.0	0.0	0.0	0.0	0.0	0.145399283381
dosg10	0.0	0.0	-1.22185617644	0.0	-0.132659306538	0.0	0.224026172108	0.0	0.0	0.0	-0.131810938222	1.9855867311	0.0	0.0	0.0	2.22937506462	-0.21923480246	0.409807256827	0.0	-1.98307219978
dosg11	0.0	0.0	0.308917967888	0.0	0.0	0.0	0.0	0.0	0.966283067865	0.0	0.0	0.0	0.0	0.0	0.0	0.0	0.0	0.0	0.0	0.0
dosg12	0.0	0.964123661896	-0.82866320854	-0.818740864017	0.0	0.0	0.0	0.0	-0.856662866911	0.0	0.0	0.0	0.0	-0.0508229174071	0.0	0.0	0.0	0.0	0.0	0.0
dosg13	-1.30288749839	-0.21843721744	0.0	0.0	0.0	0.0	0.265436738172	0.0	-0.0850690940692	0.0	0.0	0.0	0.0	0.0	-0.588242822293	-0.346871730679	0.0	0.0	-0.919967013136	0.0
dosg14	0.0	0.0	0.0	-0.208483571083	-2.06259801746	0.0	0.0	0.598184819757	0.0	0.783392150819	0.0	0.0	0.0	-2.01263583616	0.0	0.0	0.0	0.0	0.0	0.0
dosg15	-0.550357630308	0.0	0.0	-0.149769777004	0.652935694342	-0.646064530929	0.0	0.0	0.0	0.0	-0.546596148409	1.22344759487	-2.6753561969	0.0	0.0	0.0	-0.0259763507244	0.0	0.659660254453	-1.75241208225
dosg16	0.0	0.0	0.0	-0.393026047056	0.0	0.0	0.0	0.0	1.9290188626	0.0	0.0	0.0	0.0	0.0	0.0	0.0	0.0	0.0	0.0	0.0
dosg17	-0.424862439254	0.0	0.0	0.0	0.0	0.547058467341	0.0	-0.0356568997866	0.0	0.0	1.80281268066	0.0	0.0	0.0	0.0	0.0	0.0	0.0	0.0	0.0
dosg18	0.0	0.0	1.76255276817	0.0	1.2004992577	0.0	-0.118724293973	0.678824427554	0.0	0.0	-0.820954760531	0.0	0.0	-0.221855795414	0.0	0.0	0.0	0.0	0.0	0.0
dosg19	0.0	-3.27860037043	0.0	0.0	0.0	0.061429820755	0.0	0.0	-1.5824233693	0.0	0.0	0.0	0.0	0.0	0.0	0.0	0.0	0.0	0.0	0.819962374504
dosg20	0.0	1.49107355104	0.0	-0.569656204001	0.0	0.0	0.0	0.0	-1.90644065561	0.0	-1.27690086043	0.0	-1.93155752744	0.0	0.508381577706	0.0	0.590721996732	0.0	0.0	0.885709622414
dosg21	0.162409583153	0.0	1.22527726219	0.0	0.0	0.0	0.0	-0.679479271944	0.0	0.0	0.0	0.0	0.0	0.0	0.0	0.0	-1.20934366211	0.0	0.0	0.0
dosg22	0.0	0.0	0.0	0.0	0.0	0.0	0.0	0.0	0.0	0.0	1.43936704504	0.0	0.0	0.0	-1.26614088639	0.0	0.0	0.0	-0.640889674887	0.0
dosg23	0.113518776085	0.0	-0.475843255059	0.0	0.0	0.0	0.0	0.0	0.0	0.0	0.0	2.1435759139	-1.46977132969	0.0	-0.641873128228	0.0	0.0	0.0	-0.582533080679	0.0
dosg24	-0.956233445625	0.0	0.0	0.0	0.0	0.0	0.0	0.140217064223	0.0	0.0	0.0	1.94954872963	-0.0916219788346	0.37373582471	0.0	0.0	0.0	0.0	-2.73778775433	0.0
dosg25	0.0	0.0	0.0	0.380482891521	0.0	-1.02074421145	1.25020989331	0.0	0.0	0.0	0.0	0.0	0.0	0.0	-0.349940420857	0.0	0.566322051244	0.0	0.0	0.0
dosg26	0.0	0.0	0.0	0.0	-1.83799882133	1.65749979042	0.0	-2.5481726929	0.0	0.0	0.0	-1.20973556477	0.0	0.0	0.0	1.25272139392	0.0	0.0	0.111785176291	0.0
dosg27	0.325693217325	-0.644337114178	0.0	0.0	0.0	-0.474682310649	0.0	1.1277470249	0.0	0.0	0.0896738379844	0.0	0.0	0.0	-0.372634535104	0.0	0.0	0.0	0.0	0.0
dosg28	0.0	0.0	0.0	0.0	0.540855098713	0.0	1.69251793295	0.0	0.0	0.0	0.0	0.859143708853	0.0	0.661956167224	0.0	0.0	0.0	0.0	-0.906050835793	0.0
dosg29	0.0	0.0	-0.361097282134	0.0	0.0	0.0	0.0	0.0	0.0	0.0	0.0	-1.35263229187	0.0	0.0	-0.106301161923	0.0	0.0	0.0	0.0	0.0
dosg30	0.0	0.0	-2.04719008107	1.95759466513	0.0	0.0	0.0	0.0	0.0	0.0	0.0	0.0	0.0	0.995972753813	0.0	0.0	0.0	0.0	0.0	0.0
dosg31	0.0	-0.493725504899	0.0	0.0	0.0	1.86761655031	-0.477796550965	0.0	0.0	0.0	0.0	0.0	0.0	0.0	0.0	0.0	-0.0201862353262	0.0	0.0	0.0
dosg32	0.0	0.0	0.0	0.910801623602	-0.991630979022	0.906491415187	-0.768828664639	0.0	0.184518831421	0.0	0.0	0.0	0.0	0.0	0.0	-1.07008176899	1.14024172729	0.0	0.0	0.0
dosg33	1.05322690894	0.0	0.0	0.0	1.05309472732	0.0	0.274199821297	0.0	0.0	0.0	0.0	0.0	0.71961843411	0.0	0.0	0.0	-0.454455697683	0.280764701495	0.438005922294	0.0
dosg34	0.0	0.0	0.0	0.0	0.0	0.0	0.606383568178	1.51537564983	-0.959819781698	0.0	0.430000500436	-0.720317964958	0.0	0.0	0.0	0.0	0.52020032939	0.0	0.0	0.0
dosg35	0.0	0.0	0.53122686943	0.0	0.0	-1.11665739994	0.0	-0.522355436817	0.0	0.0	0.0	0.0	0.0	0.0	0.40542782194	0.0	0.0	-1.10529694931	0.0	-0.129133770965
dosg36	0.0	0.0	0.0	-0.981655418732	0.0	0.0	0.0	0.0	0.0	0.0	-1.03726638951	0.0	0.0	0.0	0.286801172237	0.0	-0.426354219655	-1.06641961138	-1.65520361333	0.0
dosg37	0.0	0.0	0.0	0.471626347029	0.0	0.0	0.0	0.0	0.0	1.16168591984	0.0	0.0	-1.04496549009	1.46100576116	-0.184656622045	-0.9122804878	0.0	0.511394239818	0.0	-0.520780445603
dosg38	0.0	-0.777407373329	0.0	0.0	-0.454051537803	0.0	0.0	0.0	0.0	0.0	1.34655423594	0.0	0.0	0.0	0.0	0.0	0.0	0.0	0.0	0.0
dosg39	0.0	-2.08953710567	0.0	0.0	0.0	0.0	0.0	0.0	0.0	1.4621585562	0.757413753395	0.0	0.0	0.0	0.0	0.0	0.0	0.0	0.0	0.0
dosg40	0.0	0.707031607733	0.0	0.0	0.0	0.0	0.0	-1.31238086041	-0.937664154282	0.0	1.44576243945	0.0	0.0	0.0	0.0	0.0	0.0	0.0	2.20956247351	0.0
dosg41	0.0	0.0	0.0	0.0	0.0	0.0	0.0	0.152805145188	-1.91092423815	0.04704625993	0.0	0.0	1.11016154188	0.0	0.0	0.0	0.0	0.0	0.0	-0.12911736947
dosg42	0.0	-0.672127626701	-0.716882698444	0.0	0.0	0.0	0.0	0.0	0.0	0.844158931787	0.0	0.0	-0.437066252746	0.0	0.910582862709	0.0	0.0	0.0	0.0	0.0
dosg43	0.0	0.0	0.0	1.75491485548	-1.10650701681	0.0	-1.05837759691	0.0	0.0	-0.1046285117	0.0	0.0	0.0	0.0	0.0	0.0	0.0	1.16861352375	0.0	1.26685366556
dosg44	0.0	0.0	0.0	0.0	0.0	0.0	0.0	0.4964143822	0.0	-0.636238330677	0.0	0.0	0.0	1.60124325246	0.0	0.0	0.0	-0.627878737303	0.0	0.0
dosg45	0.0	0.0	0.0	0.0	0.0	0.0	0.0	0.0	0.0	0.0	0.0	-0.13970076877	-1.63521843182	0.0	0.802436145823	0.0	0.0	0.0	0.0	0.29382959171
dosg46	0.0	0.0	0.0	0.0	-1.30789698551	0.0	0.0	2.29574535539	0.0	-0.260701912838	0.0	-2.01616173266	0.0	0.0	0.56055529162	1.32368866156	0.0	0.0	0.0	0.0
dosg47	0.0	0.0	0.0	-0.0875701368226	-1.23045927399	0.0824847812511	1.03289994591	0.0	0.0	0.0	0.0	0.0929580157411	0.0	0.23208715827	0.0	0.0	0.0	0.0	0.0	0.0
dosg48	0.0	1.15262633363	0.0	0.0	0.0	0.13986497719	0.0	0.0	0.0	0.0	0.0	0.0	0.0	0.0	0.0	0.306453515045	0.0	0.0	0.0	0.0
dosg49	0.0	0.0	0.0	0.0	0.0	0.0	0.0	0.0	0.0	1.27093578599	0.0	0.0	0.0	0.850848032884	0.0	0.169607046184	0.0	0.484720466147	0.0	-0.531614608298
dosg50	0.0	0.186990048245	0.0	0.0	0.0	0.0	0.0	0.0	0.0	-0.360170662589	0.0	0.0809561865702	0.0	-1.85692505995	0.0	0.0	0.0	0.430278948407	1.25817526901	0.0
dosg51	0.0	0.0	-0.539137273677	0.0	0.0	0.0	0.0	0.0	0.0	0.0	0.0	0.0	-0.883564707031	0.0	0.0	0.055662261865	0.0	0.0	-0.250363886055	0.0
dosg52	2.41079217288	0.0	0.0	0.0	0.0	1.07968613125	0.0	0.0	-1.02781448405	0.0	0.0	-0.31998491678	0.0	0.0	0.0	0.0	-2.77016429941	-0.829683839251	0.0	0.0
dosg53	0.0	0.0	0.0	0.0	1.24125671441	0.0	-2.23079043883	0.0	0.0	1.4248934387	0.0	0.0	0.0	0.0	0.0	0.0	0.0	1.18176429409	0.0	0.0
dosg54	0.0	0.0	0.0	0.0	0.0	0.0	0.0	0.0	0.0	0.0	0.0	0.0	0.0	0.0	1.08983098929	0.0	0.0	0.0	0.0	0.0
dosg55	0.0	-1.8856046542	0.0	1.42596616063	0.896050327401	0.0	0.0	0.0	0.0	2.13304421086	0.0	0.0	0.0808948711836	0.0	0.0	-1.3057768912	0.0	0.0	-1.66834497193	0.0
dosg56	0.0	0.0	0.0	0.0	0.0	0.0	0.0	-0.118652556206	-0.76578868119	0.0	0.0	0.824899960317	0.74004533454	0.0	0.0	-0.401650670277	0.0	0.0	0.0	0.0
dosg57	-0.34666712316	0.0	0.0	0.0	0.111648068859	1.17890664637	-0.909455189779	0.0	0.0	0.0	0.0	0.0	0.0	0.0	0.0	0.0	0.0	0.0	0.0	0.0
dosg58	2.24807736692	-0.457119161842	0.835284180763	0.0	0.0	-0.504574537572	0.0	0.0	0.0	-0.989949343776	0.0	0.0	0.0	0.0	0.0	0.0	0.0	-1.97313210546	0.0	0.0
dosg59	0.0	1.22671873804	0.297865111522	0.0	0.0	0.0	0.0	0.0	-1.13228978505	0.0	0.0	0.0	-0.0760839387072	0.0	0.0	0.0	0.0	0.0	0.0	0.0
dosg60	0.0	0.0	0.0	0.785957325083	0.0	0.0	0.386820409178	0.0	0.0	0.0	-1.14369552909	0.0	0.0	0.0	0.0	0.0	0.0	0.0	0.0	0.0
dosg61	0.0	0.0	0.0	0.0	0.0	0.0	0.0	0.0	0.0	0.0	0.0	-0.462651356677	0.0	0.0	-0.621160972602	0.0	0.0	-0.0478169102319	0.0	0.0
dosg62	-0.341606992707	0.0	0.0	0.0	0.716313991319	0.0	0.0	0.0	0.0	0.0	-0.610330838177	0.0	0.0	-0.993491010178	0.0	0.0	0.0	0.0	0.0	1.74973629709
dosg63	0.0	0.0	-1.86027721757	0.0	1.09484676902	0.0	-0.855680017914	0.0	0.0	1.374088628	0.828320051582	-0.403628862528	0.0	0.0	0.0	0.0	0.0	0.0	0.0	0.0
dosg64	0.0	0.0	0.0	0.0	0.0	0.0	0.0	0.0	-0.350830407417	0.0	0.0	0.0	0.0	0.0	0.0	0.0	0.0	0.340185227035	0.0	0.0
dosg65	0.0	-0.102743735237	0.0	0.0	0.890667831074	0.743001186343	0.0	0.0	0.0	0.0	0.0	0.0	0.0	0.377965030685	0.0	0.357264007628	0.598185120371	0.0	0.0	0.0
dosg66	0.0	0.0	0.0	0.0	0.794344125649	0.0	0.0	0.0	1.04497610026	-0.0599885445943	0.0	-0.271007371933	0.0	0.0	0.0	0.525721622384	0.0	0.0	0.0	0.0
dosg67	-0.467430859033	1.79585972283	0.0	0.0	0.0	0.71470195145	1.04731398283	0.0	0.0	0.0	0.0	0.0	0.0	0.0	0.0	0.0	0.0	0.0	0.0	0.0
dosg68	0.528044271105	0.0	0.0	0.0	0.0	0.0	0.0	0.030721055499	2.15058891169	0.0	0.0	0.0	-1.22908749605	0.0	0.0	0.0	0.0	0.0	-0.953214176035	0.0
dosg69	0.0	0.0	0.0	0.0	0.0	0.0	0.0	0.0	-0.0564958631746	0.0	0.0	0.0	0.0	0.0	0.559877056963	0.0	0.0	0.695543804746	0.0	0.0
dosg70	0.0	0.0	0.0	0.0	0.20206680884	0.0	0.0	0.0	0.14031609864	0.0	0.0	0.0	0.0	0.0	0.0	0.716726459835	0.0	0.0	0.0	0.0
dosg71	0.0	0.00141043064964	0.0	0.0	0.0	2.42827799048	0.0	0.0	0.0	0.0	0.0	0.0	0.429636362186	0.0	0.0	0.0	0.0	2.50628204019	0.0	0.0
dosg72	-0.762809382781	0.0	-0.619547544907	0.0	-0.341759236109	0.168054999713	0.0	-0.364419172301	0.0	0.0	1.22391230591	0.0	0.0	0.0	0.0	0.0	0.0	0.0	0.0	0.0
dosg73	0.0	0.0	2.21199285345	0.155651620817	0.0	0.0	0.0	0.672098600118	0.0	0.0	0.0	0.0	0.663286298118	0.0	-0.519955931902	0.0	0.0	0.0	0.0	0.711426393436
dosg74	0.779474954278	0.0	0.0	0.0	0.0	1.38924246597	0.666202934094	0.0	0.0	0.0	0.0	0.0	0.0	0.0	0.0	0.0	-1.2547164323	0.0	0.0	0.0
dosg75	0.469884883617	0.0	0.0	0.0	-0.959754472607	0.0	-0.793588112853	-0.491520711762	0.0	0.0	1.55155208515	0.0	0.0	0.0	0.0	0.0	-1.85199245554	0.0	0.0	0.0
dosg76	0.0	-0.0928923950548	0.553685842958	0.0	0.0	0.0	0.0	-1.62943445394	1.99173640042	0.0	0.0	0.0	0.0	0.0	0.0	0.161040171457	0.0	0.0	0.0	-0.962450875634
dosg77	0.0	0.433537605566	0.0	0.0	0.0	-0.150268509992	0.494368659186	0.0	0.0	0.0	0.0	0.0	0.0	0.0	0.0	0.0	0.0	0.0	0.0	0.0
dosg78	0.0	0.0	0.0	0.0	0.0	0.0	-0.600816380952	0.517232403849	0.0	0.0	0.0	0.467308732684	-0.59122003078	-0.604001799913	0.0	-1.72793250016	0.0	0.0	-0.711027103065	0.0
dosg79	0.0	0.0	0.0	-0.377032740007	0.0	0.0	0.0	0.36869136253	0.0	0.285409995906	0.0	0.0	0.0	1.54858201749	1.93374414996	0.0	0.0	0.0	0.0	-0.535841206023
dosg80	-1.22056104903	0.0	0.0	2.0133045512	0.0	0.0	0.0	0.0	0.771850140871	-1.00956712167	0.0	0.0	0.0	0.0	0.0	0.0	0.0	0.0	0.0	1.25100467824
dosg81	0.0	0.0	0.0	0.0	-1.7671041016	0.0	0.0	0.0	0.813004986985	0.0	0.0	0.0	0.0	0.0	0.0	0.0	0.740173017787	0.0	0.0	0.0
dosg82	-0.642135068001	2.22108700652	0.0	0.0	0.0	0.0	0.0	0.0	0.0	0.371534513772	-1.75420681788	0.0	0.0	0.0	0.420790877828	0.0	0.0	0.0	1.12913495127	0.0
dosg83	0.0	0.0	0.0	0.0	0.0	0.0	0.0	-0.440886551092	0.0	0.0	1.5900906862	0.0	-0.241427217969	0.0	0.0	0.0	0.0	-1.08573876938	0.0	0.0
dosg84	0.0	0.0744878743051	0.0	1.77639194912	0.0	0.0	0.0	-0.382777271719	0.0	0.0	0.180852719535	0.0	0.0	0.0	0.0	0.0	0.0	0.0	0.0	0.0
dosg85	0.0	1.1195879146	0.0	0.0	0.0	-0.00822918528927	0.18232992791	0.0	0.0	0.0	0.0	-0.31281894045	0.0	0.0	-1.82353193657	0.0	0.0	0.0	0.0	-0.017628946941
dosg86	0.42457661542	0.0	0.464587191045	0.0	-1.47786198923	0.0	0.0	0.0	-0.384195666404	0.0	0.0	0.0	-0.425651848614	0.0	0.0	0.0	0.0	0.0	0.0	0.0
dosg87	0.0	0.0	0.0	0.0	0.0	0.0	0.0	0.0	0.0	0.0	0.0	0.0	0.0	-1.2953272342	-0.534513647752	0.442369624046	0.0	0.0	0.0	0.0
dosg88	0.0	0.0	0.0	0.0	0.0	0.0	0.0	-1.047196363	0.0	0.0	0.0	-0.0679494352486	0.0	-0.46235931364	0.0	0.0	0.0	0.0	0.0	0.0
dosg89	0.0	0.0	0.0	0.0	0.0	0.0	0.0	0.0	0.0	-0.0745674837356	-0.684709510943	0.0	0.0	0.0	0.0	0.0	0.772175560306	0.0	0.0	0.0
dosg90	0.0	0.836981519091	0.0	-0.0748559503569	0.0	0.0	0.0	0.0	0.0	0.0	0.0	0.0	0.0	0.0	0.0	0.0	0.0	0.0	0.0	0.0
dosg91	0.0	0.0478588435178	0.0	0.401039999794	0.800148637363	0.0	-0.148767733471	0.0	0.714576653257	0.0	0.0	0.0	0.0	0.0	0.0	0.989266128692	0.0	0.0	0.0	0.0
dosg92	0.0	0.0	-0.0658110447865	0.0	0.24590652074	-1.36861586271	0.0	0.0	-0.108699685078	-1.74349776883	0.0	0.0	0.0	1.25679266203	0.0	0.0	0.0	0.411634547005	0.0	0.0
dosg93	0.0	0.317802892899	0.0	0.0	-0.722032519425	0.0	0.0	0.0	0.0	0.0	0.0	0.0	-0.0475498020297	0.0	0.0	0.0	1.22315215997	0.0	0.0	0.0
dosg94	0.0	0.0	0.517184749061	0.0	0.0	0.0	0.0	0.539000469086	-0.340521390028	0.0	0.0	0.0	0.0	0.0	0.0	0.0	0.0	-1.24375825577	0.0	0.0
dosg95	0.0	-1.62999645826	0.0	-0.939485121256	0.0	0.0	0.0	0.0	0.0	1.50635757865	0.0	-1.86271785127	0.0	0.0	0.0	0.31168974806	0.0	0.0	0.0	0.0
dosg96	0.0	-1.67482806143	0.947111898437	0.0	0.0	0.0	0.0	0.0	0.0	0.0	-0.754707089381	0.0	-0.299358271015	-0.0599026502985	0.0	-0.0556554293443	0.0	-0.0435072623812	-0.351325378671	0.0
dosg97	0.0	0.0	0.0	0.0	-0.559653027126	0.0	-0.235130831646	0.0	0.0	0.0	0.0	0.0	0.0	0.0	0.0	0.0	0.0	0.721090455627	0.0	0.0
dosg98	-0.489726038159	-0.338055691918	0.0	0.0	0.0	-0.751496575192	0.0	0.0	-0.986349928099	0.0	0.0	0.0	0.0	0.0	0.0	0.0	0.0	0.0	-0.562405860292	0.0
dosg99	0.618219968561	0.664372464603	0.0	0.0	0.0	0.0	0.0	1.40787056048	0.0	0.0	0.933266244819	0.0	0.0	0.0	0.0	0.0	-1.13555380115	0.0	0.0	0.0
dosg100	0.0	-0.765829097829	0.0	0.0	0.0	0.0	0.0	0.0	-0.697496430149	1.18210147713	0.0	0.0	0.0	0.0	0.448007547576	0.0	0.0	0.0	0.0	0.0
dosg101	0.0	0.325346658229	0.138978206314	0.0	0.0	0.0	0.0	-0.0431052498731	0.0	0.0	0.0	-0.462967379278	0.0	0.0	0.0	-0.28584455442	0.0	0.0	0.0	0.0
dosg102	0.0	0.0	0.0	0.0	-0.547255872069	0.696566325188	0.0	0.0	0.0	0.531813488762	0.0	0.0	1.71291267799	0.0	0.0	0.0	-1.94188891854	-0.206512380069	0.0	0.0
dosg103	0.0	0.0	0.0	-0.658924542728	0.0	0.0	0.0	-0.690289194809	0.0	-1.32811290081	0.0	0.0	0.0	-1.29272929098	0.0	0.0	0.925364960282	0.0	0.0	0.0
dosg104	-0.129683724057	1.15333762894	0.933563502229	0.328080558336	0.0	0.0	0.0	-0.00748360304458	0.0	0.0	0.0	0.838041911014	-0.185083095322	0.0	0.0	0.0	0.0	0.0	-1.99809505855	0.0
dosg105	0.0	1.01952168702	0.0	0.952552855707	0.0	0.615140851065	0.0	0.0	-0.396183081081	0.0	0.0	-0.109703242845	0.0	0.0	0.0	0.0	0.0	-0.621086241046	0.0	0.0
dosg106	-0.719535308431	0.0	0.0	0.0	0.0	0.0	-0.150800754047	0.0	0.0	0.543339727212	0.0	0.0	0.0	0.0	0.0	0.0	-0.721547670855	0.0	0.0	0.0
dosg107	0.0274054217191	0.0	0.0	0.0	-1.25081520691	0.0	0.0	0.0	0.0	0.0	0.0	0.0	0.0	0.0	0.0	1.61216257533	-1.96722568611	0.0	0.606354697083	0.0
dosg108	0.0	0.0	0.0	0.0	0.0	0.0	0.0	0.0	0.0	0.0	0.0	-0.122544501539	0.0	0.0	0.0	0.0	-0.0723286769923	0.0	0.0	0.0
dosg109	0.0	0.231057373011	0.0	-0.923973652609	0.0	0.0	0.0	0.0	0.0	0.0	-0.53752908761	0.0	0.0	0.0	0.0	-1.5326018752	0.814874761882	0.0	0.0	0.0
dosg110	0.0	0.0	0.0	-0.315071425855	0.0	0.0	0.0	1.49598778162	-1.28852045646	1.12265621982	-1.0976556454	0.0	0.0	0.0	0.0	0.0	1.06899732478	0.0	0.0	0.0
dosg111	0.0	0.0	0.0	0.496697162409	0.0	0.0	0.109546004793	0.0	0.0	0.0	0.0	0.0	0.0	0.0	0.0	-0.365865226382	0.459682666688	0.0	0.0296816078178	1.16825916629
dosg112	0.815909045071	-0.346517744894	0.0	0.488484151676	0.0	0.0	0.0	0.0	1.59041491722	-1.80439185894	1.08089547214	0.0	0.0	0.0	0.0	0.0	0.0	0.0	-1.12810021952	0.0
dosg113	-0.254964669466	0.0	0.459505600963	0.0	-0.694627157928	0.0	0.0	0.0	0.0	0.0	-0.57820901577	2.17841288206	0.0	0.0	0.0	0.0	0.0	0.0	0.0	0.0
dosg114	-0.371754775968	0.709025640884	0.0	0.0	0.0	3.33607482877	-1.12427003098	0.0	0.0	0.0	0.0	0.0	0.0	-0.623738203964	0.0	-2.9640907085	0.0	0.0	0.0	0.0
dosg115	0.0	0.0	0.0	0.0	-0.0614679448344	0.0	0.0	0.0	0.0	0.0	0.550643183636	0.0	0.0	0.0	-0.0433954790228	0.0	0.244010422067	0.557130101554	0.0	0.0
dosg116	0.0	0.0	0.0	0.0	0.0	0.0	0.0	0.0	-0.21234591456	0.0	0.397807168737	0.0	0.0	-0.867000670156	0.0	0.596846312055	0.913268157774	0.0	0.0	0.0
dosg117	0.751916051855	0.0	0.0	0.0	0.866891131262	0.0	0.0	0.0	0.0	0.0	0.0	0.0	0.0	-0.197851308592	0.0437938540071	1.24499291104	-0.746170718835	0.0	-1.04938890725	-0.87845283145
dosg118	0.688930410313	0.0	0.0	0.0	0.0	0.0	0.0	0.0	0.0	-0.101096841471	0.0	0.0	0.0	0.456939795711	0.0	0.0	0.0	0.0	-0.438848718334	1.52575215709
dosg119	0.0	0.310670909984	0.0	0.0	0.0	-0.158240856047	0.0	-0.458703806251	0.0	-1.25973765711	0.0	0.0	0.0	0.0	0.0	0.0	0.0	0.0	0.62762919581	0.0
dosg120	-0.855047723403	0.0	0.0	0.0	0.800364797581	-0.192807634272	0.0	0.0	0.0	0.0	0.0	-0.667503891403	0.0	0.0993824636434	0.0	0.0	0.445237033942	0.0	0.0	0.0
dosg121	0.0	-0.363391326294	0.0	0.0	0.0	0.0	0.0	0.0	0.0	0.0	0.0	0.0	0.0	0.0	0.0	2.10271201415	0.0	0.0	0.0	0.0
dosg122	-1.17258249686	0.0	0.0	0.0	0.0	0.0	-1.79156288144	-2.1646952417	0.0	0.593019842851	0.0	0.0	0.0	2.18192334894	0.0	0.0	0.894785485333	1.44221764539	0.0	0.0
dosg123	-0.379416753379	0.0	0.0	0.0	0.0	-0.0541438359231	0.0	0.0	-0.154104261725	0.0	0.0	0.0	0.0	0.0	-0.571601618907	0.0	0.0	-1.00794613368	0.0	0.0
dosg124	0.0	0.0	0.0	0.0	0.0	-0.260647694372	1.29852769175	1.0372547388	0.0	0.0	0.0	0.0	0.0	0.0	0.0	0.245540705687	0.0	0.0	0.0	0.0
dosg125	0.0	0.243213952008	-1.37118275389	0.531215095876	0.0	-0.426623485938	0.0	0.0	0.181801140755	0.0	0.882255436313	1.43601811442	0.0	1.27722495315	0.0	0.989152338057	0.0	0.0	0.0	0.0
dosg126	0.0	1.89594129332	0.0	0.0	0.0	0.0	0.0	0.0137136887242	0.0	1.22006457535	1.2103178794	0.0	0.0	0.0	-0.227294272174	0.0	0.0	0.0	0.0	0.0
dosg127	0.0	-1.80922790617	0.0	0.420947675077	0.0	0.0	0.0	0.0	0.0	0.0	-0.46242286867	0.0	0.0	-1.90238344118	0.441502010622	0.0	0.0	1.23749001723	0.539584695862	0.0
dosg128	0.0	-0.332151146757	1.83777103463	0.0	0.0	0.0	0.0	0.0	0.0	0.777700254051	0.0	0.0	0.563244992871	0.0	0.0	-0.0154532879839	0.0	0.0	-0.102555235674	0.0
dosg129	0.0	0.0	0.0	-0.636037310413	0.0	0.0	0.0	0.0	0.0	0.0	0.0	0.0	0.0	0.616134498193	0.0	0.0	-0.153981995496	0.0	0.0	0.0
dosg130	0.0	0.580093415065	0.0	-0.560410631693	0.0	0.0	-0.101438361002	0.0	-1.51606550254	0.0	0.0	0.0	0.638486322444	1.11122315126	0.0	-0.19734873958	0.0	0.0	0.111606157496	0.0
dosg131	0.0	-0.992924314489	0.0	0.0	0.0	0.0	0.0	0.0	0.0	0.0	0.0	0.0	1.04660880321	0.0	0.0	-1.28279697903	-0.46654532568	0.0	0.0	0.718085013284
dosg132	0.0	-0.0308515948802	0.0	0.0	0.0	0.0	0.0	0.0	0.0	0.0	0.0	-0.0317896496099	-1.00584466343	0.0	0.0	0.910918329473	0.0	0.0	0.0	0.0
dosg133	-0.610293018729	-0.760313922889	0.0	0.0	0.0	0.0	0.0	-0.816092232945	0.0	0.504937637499	0.0	-0.877452164408	-0.936701316677	0.898972441206	0.0	0.0	0.0	0.0	-0.815776573271	0.0
dosg134	-1.21265231365	-0.195133142942	0.0	0.967559523352	0.0	1.29916204082	0.0	0.0	0.430555390178	0.0	0.0	1.24349324973	0.0	-0.088291565775	0.0	0.723159538716	0.0	0.0	-0.399046412857	0.0
dosg135	0.0	0.0	1.12062737417	0.0	0.0	0.0	0.552823775121	0.309322730878	0.0	0.0	1.05623914266	0.0	0.0	0.0	0.0	-0.016972059003	0.0	-0.118340337088	0.0	0.0
dosg136	0.0	0.0	0.0	-0.263761719334	0.0	0.0	0.0	0.0	0.0	0.0696889730093	0.0	0.0	0.0	0.0	0.0	0.0	1.13835022157	0.0	0.0	-0.0190671335154
dosg137	0.0	0.0	0.0	0.0	-1.08605352034	1.48231124344	0.0	0.827746038592	0.0	0.287972778216	0.0	-0.19195923675	0.0	0.0	0.0	0.0	0.279623748169	0.0	0.0	0.0
dosg138	0.0	0.0	0.0	-0.209009683701	0.594519127458	1.64859576587	1.94038816087	0.0	0.0	0.0	0.0	0.0	-0.633285575769	0.0	0.919530195141	0.0	0.0	0.0	0.0	1.47790378652
dosg139	0.733631163966	0.0	0.0	0.0	0.0	0.0	0.0	0.197321194871	0.0	-1.54933106391	0.0	0.0	0.0	0.0	0.0	0.00283720109324	0.0	0.0	0.0	0.0
dosg140	0.558145070258	0.0	0.0	0.0	0.0960702209177	0.0	0.0	0.0	0.0	0.0	2.02353446837	0.0	0.0	-0.677304148428	0.0	0.0	0.0	0.0	0.0	0.0
dosg141	0.0	-0.729012561607	0.0	0.0	0.0	0.0	-1.3958155925	0.0	0.578159028453	0.0	1.61414513094	-0.790836059807	0.0	0.0	-0.329961732171	-0.619557174006	-0.122013492205	-0.620618044572	0.0	0.0
dosg142	-0.249728910293	0.0	0.0	0.0	-0.345533526843	0.0	-0.11106541094	0.0	0.0	0.0	-0.451320898645	-0.544540546881	0.0	0.0	0.296131501487	0.0	-0.125993303416	0.0	0.0	0.0
dosg143	0.0	0.0	0.0	1.54187970595	0.0	-0.981176314163	0.0	-0.218701401215	1.72529684867	0.0	0.698849519981	-0.58226307646	0.0	0.0	0.0	0.0	0.0	0.221927926117	0.0	0.0
dosg144	0.0	-0.302978098124	0.0	0.0	-2.02624439061	-1.09697440367	0.0	0.0	0.0320853631923	0.0	-0.29373332671	0.0	-0.335858407011	0.0	0.0	-0.451242531049	0.321363633906	0.427735099643	0.0	0.0
dosg145	0.0	0.0	0.0	-1.48465541169	0.0	0.184690908297	0.274146319027	0.0	0.0	0.0	0.0	0.0	0.0	0.0	0.0	0.0647058288006	0.0	0.0774778487621	0.0	0.0
dosg146	0.0	0.0	0.0	0.0	0.0	0.208384935856	0.0	0.182426129876	0.0	0.0	-0.130358910402	1.09317328929	0.0	0.0	0.0	-0.455170391336	0.0	0.0	-0.440299597134	0.0
dosg147	0.0	0.0	0.0	0.0	0.0	0.0	0.0	0.0	0.0	0.0	0.0	-1.18789597049	0.0	0.0	0.0	0.0	0.0	0.0	0.0	0.0
dosg148	1.24118770458	-0.506681820139	0.0	0.0	0.10401701721	0.0	0.0	0.0	0.0	0.0	0.0	0.0	0.0	0.0	0.0	0.0	-0.577940416923	0.0	0.0	-0.749120630199
dosg149	0.0	0.0	0.0	0.0	0.0	1.67206346498	0.377578671185	0.582094729192	0.0	0.0	0.0	-0.643880953587	0.0	-2.10851164652	0.0	0.0	0.0	0.0	0.0	-0.869646121518
dosg150	1.7432530668	1.0487546135	0.0	0.0	0.0	0.0	0.0	0.0	0.0	0.0	0.0	-0.644920553146	0.0	0.0	-0.838408817567	0.0	0.0	0.0	0.0	0.0
dosg151	-1.1931250413	0.0	0.561282771974	0.0	0.0	0.0	0.0	0.0	0.0	-0.461547946803	1.40225540179	0.0	0.0	0.0	0.0	0.0	0.0	0.0	-1.12882032994	0.0
dosg152	0.0	-1.02595874867	0.0	0.0	0.0	0.88197366049	0.0	0.0	0.0	0.0	0.0	0.0	0.0	0.505982912083	0.0	0.0	0.0	0.0	0.271316809301	0.0
dosg153	0.0	-1.4765464852	2.45854465529	0.152099930239	0.471154162835	0.0	-2.69767265602	0.556190887874	-2.22623066018	0.0	0.0	0.0	-0.49724651838	0.0	0.0	0.0	0.0	0.0	0.0	-1.92633455509
dosg154	0.81619674773	-1.3493771933	0.0	1.12682930048	0.0	0.0	0.0	0.0	0.0	0.0	0.0	0.0	1.24834839229	0.0	1.03154993515	0.0	0.0	0.0	0.0	0.0
dosg155	0.0	0.0	0.0	-0.589425009854	0.0	0.0	0.0	0.0	0.0	0.0	0.0	-0.14875108551	0.0	0.0	0.0	1.5677681371	-0.825149073584	-0.374938998225	0.0	0.612235543533
dosg156	0.0	-0.311342761406	0.326375864461	0.0	0.463502838414	0.0	2.03755001369	0.0	0.0	0.0	0.0	0.0	0.727909553882	0.0	-1.23907765451	0.0	0.0	-0.378683628881	0.347635035471	0.0
dosg157	0.0	0.0	0.0	0.0	1.3254056792	-1.68699935038	0.176361361656	0.373389058501	0.0	0.0	0.0	0.0	0.0	0.0	0.0	0.0	-1.08626773366	0.0	-0.908189061912	0.0
dosg158	0.0	-0.576001386908	0.0	0.0	0.0	0.0	0.0	0.0	-0.610091145526	0.0	0.0	-0.724780086961	0.0	0.202812324177	0.559166218053	0.0	0.0	0.277151560884	0.328424902698	0.0
dosg159	0.0	0.0	0.0	0.0354131691628	0.0	0.0	0.0	0.0	-0.773113803544	0.0	0.0	1.18191242382	0.0	0.0	0.0	0.0	0.0	-0.93473023346	0.0	0.0
dosg160	0.629883750041	0.0	1.02876538759	0.0	0.0	0.0	0.0	0.0	0.0	1.92451213384	0.0	0.0	0.12099091306	1.02335658133	0.0	0.0	0.0	0.0	-0.668854910989	0.0
dosg161	0.0	0.0	0.0	0.0	0.0	1.88278674159	-0.101175998964	0.0	0.0	0.0	-0.730268277646	-1.48671442174	0.202396570228	0.0	0.0	0.0	0.0	0.0	0.0	0.0
dosg162	0.0	0.0	0.0	0.0	0.0	0.0	0.0	0.0	0.0	0.0	0.0	0.0	0.0	0.0	0.0	0.0	0.0	-0.536101903838	0.952740764383	0.0
dosg163	0.0	0.263953639061	0.0	0.449683729501	0.0	0.0	0.0	-0.0459825047836	0.0	0.0	-0.219835957715	0.0	0.0	0.0	-0.567377136129	0.0	2.05144481065	0.0	0.0	1.13949884398
dosg164	1.40549468589	0.0	0.0	0.0	0.0	-0.125036012546	0.0	0.0	0.0	0.0	0.0	0.0	0.18447701373	0.0	0.0	0.221897461992	1.31328732454	0.0	0.0	0.0
dosg165	0.0	0.0	0.0	0.0	0.0	0.0	0.0	0.571807253721	0.0	0.0	1.19387810762	0.0	-0.828159823928	1.19121199944	0.0	0.0	0.0	0.0	1.61917329391	0.0
dosg166	0.0	-0.586486189834	0.60992460771	0.0	-1.72511245586	0.0	0.0	0.0	0.0	0.1424868528	-0.760804922326	0.0	0.0	0.0	0.0	0.0	0.882009435284	0.0	0.0	0.0
dosg167	0.0	0.46359642071	0.0	0.0	0.0	0.0	0.719691880003	0.0	0.0	-0.783877668905	0.437757394402	0.0	0.0	0.0	0.0	-0.221682790675	-0.905952202611	-0.554429442221	0.0	0.0
dosg168	-2.18091364352	0.0	0.0	0.0	-1.25739466285	0.0	0.0	-1.6621033734	-0.856557793403	-0.462929996177	0.0	0.0	0.347733156116	0.0	0.0	0.0	0.0	0.0	-0.486311264681	0.0
dosg169	0.0	0.0	0.0	0.0	0.188304376782	0.0	0.0	0.0	-0.324687722999	1.09426511655	0.0	0.0	-0.229616514107	0.0	0.0114410526537	0.0	0.0	0.0	0.0	-0.076274939116
dosg170	-0.879269104029	0.0	0.0	0.414146883228	0.0	0.0	0.0	-0.0841352807368	0.794679536826	0.0	0.0	-0.154299922059	1.34867602707	0.0	0.0	0.744859022715	0.0	0.0	0.0	0.0
dosg171	-0.75750385124	0.0	-0.0202356377237	0.0	0.0	0.0	0.0	0.0	0.0	1.17238289114	0.0	0.0	0.0	0.0	0.0	0.0	0.0	0.0	0.0	0.0
dosg172	0.0	2.83364278027	0.0	0.310922804092	0.0	-0.434968930426	0.0	0.0	0.0	0.0	1.00690935995	0.0	0.0	-0.0691376542822	0.0	0.0	0.0	0.0	-1.19645422361	0.0
dosg173	0.0	0.0	-0.00285809012287	0.0	0.0	0.308367434799	1.22682075063	0.0	0.0	0.0	-0.19149928675	0.0	0.0	0.0	0.0	0.0	0.0	0.0	0.0	0.0
dosg174	-0.906211262724	0.0	0.0	0.0	0.0	0.0	0.237664738339	-1.09416193798	1.11749195113	0.0	-0.0121863240159	0.0	0.571694009602	0.0	0.0	0.0	0.0	0.0	0.0	0.0
dosg175	0.0	1.21404055905	0.0	0.0	-0.556963315625	0.0	0.0	0.0	0.0	-0.215287945555	0.48825828235	-0.273014539464	1.49932709243	0.0	0.0	0.0	0.0	0.0	0.0	0.297574978037
dosg176	0.0	0.0	0.0	0.0	0.0	0.0	0.0	0.0	0.0	0.0	-1.67434831533	-1.28501768714	0.0	0.0	-1.79010848525	0.0	0.41554655155	0.0	0.0	-1.03335786873
dosg177	-0.973736228989	0.0	-0.350719123586	0.0	0.0	0.0	-0.917922480522	0.0	0.0	0.0	-0.387035147733	0.0	-0.86659451074	0.0	0.0	-1.48558755052	-1.42456970402	0.0	-1.41776296833	0.0
dosg178	0.0	0.0	0.989959445936	0.0	0.0	0.0	0.0	0.0	0.0	0.176012109428	0.0	2.55253120582	1.19199778978	0.356458690181	0.0	0.0	0.0	0.0	0.0	0.0
dosg179	0.0	0.0	0.0	0.0	1.20249004817	0.0	0.274449690036	0.0	0.0	0.0	-0.497129269678	0.0	0.0	0.0	0.0	0.442503959559	-1.94087753294	-0.152497814107	1.35538216857	0.0
dosg180	0.876615090517	0.0	0.0	0.0	0.0	0.0	0.0	0.0	0.330757997114	0.0	0.0	0.0	0.0	0.0	0.0	0.0	0.0	0.0	0.0	0.0
dosg181	0.0	-1.37745905494	0.217846042748	0.0	0.0	0.440164694832	-0.641845405897	-0.685792045363	0.0	0.0	1.56037793158	0.0	0.0	0.0	0.0	0.0	0.0	2.21901974689	0.0	0.0
dosg182	0.0	0.0	0.0	0.0	0.0	0.0	-0.373712432655	0.0	0.0	0.0	1.01090731064	0.0	2.03912198283	0.0	0.0	0.0	0.0	0.0	-0.680920265459	0.0
dosg183	0.0	0.0	1.48754122771	0.866665781087	-0.698626579091	0.0	0.0	0.0	0.0	0.0	0.0	0.0	0.0	0.0	0.0	0.762397233243	0.0	1.52958915017	0.0	0.0
dosg184	0.0	0.0	0.0	-1.08480931295	0.0	-0.271189236786	0.815310481368	0.0	0.802253394206	0.0	0.0	0.0	0.0958979475457	0.979339870919	0.0	0.460986995493	-0.19564327757	0.0	0.0	0.0
dosg185	0.0	0.0	0.126361582505	0.546586769362	0.0	0.0	0.0	-0.457728153898	0.0	0.0	0.0	-0.344671185934	0.0	-1.67774564811	-1.27093529123	0.0	-1.12693240472	0.0	0.0	-1.84900907741
dosg186	0.0	0.0	0.730267937077	-0.965970034465	0.0	1.66384635506	0.0	0.0	0.0	0.0	0.0	0.0	0.0	0.0	0.0	0.0	0.0	0.0	0.987308659473	0.0
dosg187	0.0	0.0	0.0	1.61392041245	0.0	0.0	0.0	0.0	0.0	-0.601613429881	0.0	0.0	0.0	1.92558663375	0.787236341114	0.0	1.26312679067	0.00866040483634	0.358217756446	0.0
dosg188	0.0	-0.523745078772	0.0	-0.290803788571	0.0	0.0	0.0	0.0	0.0	-0.551129355461	0.0	0.0	0.531686565954	0.0	0.0	0.0	0.0	0.0	-0.465989826823	1.13501301203
dosg189	0.0	2.47728001741	0.0	0.0	0.0	1.07132747359	0.0	0.0	0.0	0.0	-0.0956767449212	0.0	0.0	0.0884515510318	0.500916865003	0.0	-1.15342229881	0.0	0.0	0.0
dosg190	0.0	0.0	0.622798490495	0.0	0.0	0.0	0.540366906643	0.0	0.0	0.0	0.0	0.0	0.0	0.0	0.0	0.0	0.0	0.315107655318	0.0	0.0
dosg191	-0.610341835809	0.0	0.0	0.0	1.20432030859	0.0	0.808863595199	0.0	0.287270354992	0.0	0.0	0.803286776333	0.0	1.21145135725	-0.625896683841	0.0	0.0	0.481647241331	0.0	0.0
dosg192	0.0	0.0	0.0	0.0	0.0	0.0	0.0	0.0	0.0	-1.78005685144	0.858771093976	0.574021217687	0.0	0.0	0.0	0.0	0.274670466493	0.0	-1.1406396073	0.0
dosg193	-0.625624529962	0.304427322378	0.0	0.275064575658	0.0	0.0	-1.13867527041	1.78603153798	-0.0412284117196	-1.01193623348	0.0	0.0	0.0	0.0	0.0	0.0	0.0	0.350073548346	0.0	1.08392528295
dosg194	0.0	-0.41755059949	-0.195712588738	0.0	0.0	0.0	0.0	-0.195345524714	0.0	0.0	0.0	0.0	0.0	0.0	0.0	0.0	0.0	0.0	0.0	0.0
dosg195	0.0	0.0	0.0	0.0	0.0	0.0	0.0	-0.985280484324	0.0	0.0	0.0	1.0046224669	1.95709570872	0.0	0.0	0.0	0.0	-0.986480124538	0.0	0.0
dosg196	0.0	0.0	0.0	0.0	0.0	0.0	0.0	0.0	0.0	0.0	0.0	0.0906319900029	0.0	0.0	0.0	-2.35268709865	1.36443028098	-0.926002571342	-1.3164476945	0.0
dosg197	0.0	0.0	0.0	0.0	0.0	0.0	-0.349389652462	0.454751134372	1.35109817835	0.463730325804	0.0	0.0	0.585231004065	0.0	0.0	0.0	-0.543979121473	0.0	0.0	0.0
dosg198	0.0	0.0	-1.32575275787	0.0	-0.533941865373	0.0	0.0	0.0	2.30414771124	1.11388634317	0.34911966097	0.0	0.985737326553	0.0	0.0	-1.02759598221	0.0	-1.90238309734	0.0	0.0
dosg199	0.0	0.0	0.0	1.05387116764	0.490572582226	-0.710562737416	0.0	1.86962194214	0.384243557297	0.0	0.0	0.0	0.181486596303	0.0	0.206713819105	0.0	0.0	0.0	0.0	0.0