dost0	dost1	dost2	dost3	dost4	dost5	dost6	dost7	dost8	dost9	dost10	dost11	dost12	dost13	dost14	dost15	dost16	dost17	dost18	dost19
dost0	0.0	0.0	0.0	0.0	0.0	0.556322074051	0.0	0.0	0.0	0.0	0.0	0.0	0.0	0.352602047071	0.832284743561	0.0	0.0	0.0	0.0	0.0
dost1	0.0	0.0	0.0	0.0	0.0	0.0	0.0	0.0	0.0	0.0	0.312008421714	0.0	0.0	0.0	0.0	0.0	0.0	0.0	-1.65672873393	0.0
dost2	0.0	0.0	0.0	0.0	0.0	-0.424090144162	-0.852236545198	0.0	-1.70829017115	0.0	0.480812941908	0.0	0.0	0.0	0.998567696043	0.0	1.05236993528	0.0	-0.533719758273	0.0
dost3	-1.30738665695	0.0	-1.32831958495	0.0	0.517320305719	0.0	-0.448781280854	0.0	0.46905196552	0.0	0.0	0.0	0.0	0.0	0.883431485657	0.0	0.0	0.0	0.0	-0.371555814394
dost4	0.0	0.0	0.0	0.0	0.0	0.0	0.0	0.0	0.0	0.0	0.0	0.0	0.0	0.0	0.0	0.0	0.0	0.0	0.220388214731	0.0
dost5	-0.435858159584	-1.12937907421	0.0	0.0	0.0	0.0	0.0	1.04581986337	0.0	0.0	0.0	0.648829933549	0.0	0.0	-0.614103138188	0.0	0.0	0.170665395635	-1.27872497317	0.0
dost6	0.0	0.0	0.0	0.0	0.0	0.0	0.968682902073	0.0	0.0	0.0	0.0	0.0	0.0	0.0	0.0	0.0	0.0	0.0	0.0	0.0
dost7	0.0	0.0	0.0	0.0	0.0	0.0	0.0	1.71666063898	0.0	0.0	0.0	0.0	0.0	0.0	0.0	0.865209665424	0.0	-2.3906306744	0.0	-1.05537381603
dost8	0.754857814787	0.0	0.0	0.0	0.0	0.0	0.0	0.0	0.0	0.0	0.661282947834	0.0	0.242664118171	-0.142372534063	0.0	0.0	0.0	0.0	0.0	0.68246132622
dost9	0.0	0.0	0.0	1.18330575821	0.0	0.0	0.0	0.0	0.0	0.0	0.0	0.0	-0.336222701088	0.0	1.8870440157	0.0	0.0	0.0	0.0	0.0
dost10	0.0	0.0	0.0	0.0	0.705108777628	0.0	0.0	0.0	0.0841683950943	0.277735003745	0.0	0.0	0.0	0.815202304318	-1.60894352022	0.183468497644	0.0	1.29598251828	0.0	0.0
dost11	0.0	0.0	0.893149447884	0.0	-0.146025097597	1.67258178407	0.0	0.0	0.0	0.0	0.0	0.0	0.0	0.0	0.0	0.343475821919	0.0	0.0	0.0	0.0
dost12	0.0	0.0	0.0	-0.368011520323	0.0	0.0	-0.436396872657	0.0	0.561371887129	-0.45283560948	1.08178166036	0.0	0.0	0.0	0.0	0.0	0.0	0.0	0.0	0.479879443686
dost13	0.0	0.0	0.0	0.0	0.0	0.0	0.0	0.0	0.0	0.231941028237	-0.328245749799	0.0	0.0	0.0	0.0	0.0	0.0	2.54901739004	0.0	0.0
dost14	-0.089905961159	0.0	0.0	0.0	0.0	0.0	0.0	0.0	0.0	-0.21307660651	0.0	0.0	-0.134203887598	0.766022329553	0.0	-0.386011335736	0.0	0.0	0.0	0.0
dost15	0.0	0.0	0.0	0.0	0.0	1.36696933931	-0.461585448643	0.0	0.0	0.77530625425	0.0	0.0	0.0	0.0	0.0	0.0	0.0	-1.17274316902	0.0	0.0
dost16	0.0	0.0	0.0	0.286658596016	0.0	0.680643263062	1.10560187511	0.0	0.0	0.0	0.0	0.0	0.0	0.0	-0.577982596014	0.0	0.0	0.0	0.0	0.0
dost17	0.0	0.60330191785	0.0	2.53166686084	0.0	0.0	0.0	0.0	0.0	0.0	-0.435600721547	0.0	0.0	0.0	0.0	0.0	0.0	0.0	0.0	0.0
dost18	0.0	0.0	0.0	0.0	-1.49993187233	0.96154612971	0.210319064569	1.25359412942	0.0	0.79964567678	-0.525547475178	0.0	-0.293751239564	0.0	0.0	0.0	0.0	0.0	0.0	0.0
dost19	0.0	0.0	0.0	0.0	0.0	-0.386812223121	0.0	0.295623194122	0.0	0.0	0.0	0.0	0.0	0.0	-1.24046793218	0.0	0.0	0.0	0.0	0.0
dosg0	0.0	0.0	0.0	0.0713688964541	-0.716898036961	0.0	0.0	0.0	0.512569065759	0.0	0.0	0.0	0.543153304932	0.0	0.0	0.0	0.0	0.0	0.0	0.0
dosg1	-0.777065635515	0.0	0.0	2.6148283263	0.0	0.0	0.0	0.0	-0.173597539269	-1.24385225043	-0.819309855724	2.90435091931	1.09619785085	0.0	0.0	0.0	0.0	0.0	0.0	-0.234903847538
dosg2	0.0	0.0	-1.15010117951	2.45233263232	0.0	0.0	0.0	0.0	1.35131930673	0.0	-0.654833031272	0.0	0.0	0.0	0.0	0.0	-0.875797782612	-1.26070180541	0.0	0.175270194389
dosg3	0.0	-0.63161654455	0.889911664382	-0.261038832208	-0.173567979072	0.0191756372789	0.0	0.0	0.0	0.0	0.0	0.0	0.0	0.0	0.312485626106	0.0	0.0	0.0	-0.942178450821	0.0
dosg4	0.0	-0.822413815292	0.0	0.064337804444	0.0	0.0	0.0	0.0	0.202786495523	0.0	0.0	0.0	0.0	0.0	0.0	0.0	0.0	0.254555927802	0.383553948159	0.0
dosg5	0.0	-1.3565773581	0.0	0.0	0.0	1.85806370659	0.0	0.0	0.0	-0.345117557267	0.0956472411195	0.0	0.0	0.239977480067	0.0	0.0	0.0	-0.565432285852	0.0	-0.868640360129
dosg6	0.0	0.0	0.0	0.0	0.0	0.0	-0.779094029933	0.0	1.64161060601	0.0	0.0	0.627482752689	0.0	0.0	0.0	0.0	0.0	0.0	-1.00137574153	0.0
dosg7	1.38610155819	0.0	0.0	0.472503161119	0.0	0.0	0.0	0.0	0.0	0.0	0.0	0.0	0.0	0.528240809848	0.0	0.0218464427907	0.0	0.0	0.0	0.0
dosg8	0.0	0.915678117262	1.48226682537	0.0	0.0	-0.646361811555	0.0	-0.861203366057	0.0	0.0	0.0	0.0	0.0	-1.3301618658	0.0	0.0	0.0	0.0	0.0	0.0
dosg9	0.0	0.0	0.0	0.0	0.0	0.0	0.0	0.0	0.0	0.0	0.0	0.719563370358	0.489094809634	0.0	0.0	0.0	0.0	0.0	0.0	0.0
dosg10	0.0	0.0	0.0	0.0	0.0	0.0	0.0	0.0	0.0	0.602284001785	-1.22552984395	0.0	0.0	0.0	-0.250313002487	0.0	0.0	0.0	0.0	0.0
dosg11	0.0	0.0	0.0	0.0	0.369353791446	0.0	0.0	0.0	1.75342496449	0.902008929925	0.0	0.324971448164	0.0	0.0	0.0	0.52248208396	0.0	0.0	0.0	0.0
dosg12	0.0	0.0	0.0	0.0	0.0	0.0	-0.568094907277	0.0	0.0	0.17790504207	0.0	0.0	-0.77624030298	0.0	0.0	0.403619455124	0.0	0.0	0.0	0.0
dosg13	0.0	0.0	0.0	0.0	0.0	-0.527663593206	0.0	0.0	0.0	0.0	0.0	0.0	-1.39248317547	0.0	0.0	0.0	0.0	0.0	0.0	0.72982114313
dosg14	0.0	0.0	0.0	0.0	-0.17161507308	0.0	0.0	-1.51476487246	0.0	0.0	0.0	1.76082276443	0.0	0.0	0.0	0.0	0.0	-1.72279813997	0.0	-0.552071078376
dosg15	0.0	0.0	0.0	0.0	0.0	0.0	0.0	-1.37220095068	0.0	0.0	0.0	0.0	0.0	0.0	0.0	-0.586487358652	-0.731128560492	-1.75395345631	0.0	0.0
dosg16	0.0	0.0	0.0	0.0	0.32824061387	-0.223560093975	-0.322223309764	0.62049516588	0.206645076303	0.0914049121647	0.0	0.0	0.0	0.0	0.0	0.0	0.0	0.0	0.0	0.0
dosg17	0.0	0.0	-1.11455629558	0.0	0.0	0.0	0.0	0.0	0.0	0.0	1.03533771342	0.0	0.0	0.0	0.0	0.0	0.0	0.0	0.0	0.0933843689661
dosg18	0.0	0.0	0.0	0.0	0.0	2.07505952399	0.0	0.0	0.0	-0.193615851022	-0.723389171768	0.0	1.29405922704	0.0	0.0	1.0251463186	-1.99653805712	0.0	0.0	0.0
dosg19	-1.16432082541	0.0	0.0	-1.10207783004	0.0	0.897310657197	0.0	0.691474728349	-0.106874302179	0.0	0.0	0.0	0.0	0.0	0.459134381098	0.307387963741	0.0	0.0	-0.820744616083	0.0
dosg20	0.0	0.69793112181	0.0	0.0	0.0	0.0	0.0	0.0	0.0	0.0	0.0	-1.35393302374	-1.44871745872	0.0	0.0	0.0	0.0	0.0	0.0	0.0
dosg21	0.933459813376	-0.753215221791	-0.848534812672	0.0	0.0	0.21528072442	0.324472947441	0.0	0.0	-1.30253272496	-0.887890545942	0.0	-0.451219652652	0.0	0.0	-1.00277365919	0.0	0.168301257108	0.0	0.0
dosg22	-0.103685247625	0.0	0.0	0.0	0.0	0.0455364374467	0.0	0.0	0.0	0.816093743818	0.0	0.0	0.0	0.0	0.0	0.0	0.0	0.0	0.0	0.0
dosg23	0.0	0.0	0.0	0.304570199839	0.0	0.714642872448	0.0	0.0	0.0	0.0	-0.0185534632822	0.600717737646	0.0	-0.533453344245	0.0	0.0	0.0	0.0	0.0	0.0
dosg24	0.0	0.848085467453	0.0	0.0	1.06183809383	0.0	0.0	0.0	-0.284712494004	0.0	0.0	0.0	0.0	0.0	0.0562109476643	0.188028527289	-0.263975707163	0.0	0.0	0.0
dosg25	0.586032818624	-0.106002462457	0.0	0.0	0.0	0.0	0.0	0.493524787625	0.0	0.0	0.0	0.0	0.0	0.0	0.0	0.0	0.754970254096	0.0	0.0	0.0
dosg26	-0.0660050899745	0.0	-1.00154463751	0.0	-1.30992893679	0.206726113937	0.0	0.0	0.0	0.0	0.0	0.459578950769	0.0	0.0	0.0	0.48044135277	0.504887416951	0.0	0.0	0.0
dosg27	0.0	0.0	0.0	0.0	0.0	0.0	1.97825090125	0.0	-0.99948143014	0.0	0.0	0.0	0.0	-0.472999516885	0.0	0.0	0.0	0.0	0.0596887408152	0.0
dosg28	0.0	0.0	-0.240056804457	-0.923019009889	0.0	0.0	0.0	0.0	0.0	0.0	0.0	0.0	0.0	0.0	-0.676079534837	0.0	0.0	0.0	0.0	0.28139763537
dosg29	0.0	0.0	0.0	0.0	0.0	-0.434338139081	0.333714842125	0.0	0.0	0.0	0.0	-0.301647030932	0.0	0.0	0.0	0.0	0.409962503592	-1.53895758831	0.0	0.0
dosg30	0.0	0.0	0.959955663019	0.0	0.0	0.0	0.0	-1.36743397484	0.0	0.0	0.0	0.0	0.0	0.0	0.0	-0.445857117536	0.0	-1.44779738522	0.0	0.0
dosg31	0.0	-2.12598201504	0.0	0.0	0.0	0.0	0.0	0.0	0.0	0.0	0.0	-2.27292516341	0.450525962087	0.0544871439581	1.48146739082	0.47938920067	0.0	0.0	0.0	0.0
dosg32	0.0	0.0	0.0	0.0	1.61649548115	0.0	0.0	0.0	0.0	0.0	0.0	-0.989293367415	0.0	0.0	0.0	0.0	-0.62976506496	0.0	0.0	1.10642280019
dosg33	-0.784940651326	-0.15934140851	-0.19436781139	0.0	0.0	0.637960454255	-0.0982497475824	0.0	0.0	0.0	0.0	0.0	0.0	-0.729703992081	0.0	0.0	0.0	0.0	0.0	-0.165355817642
dosg34	0.0	-0.0194935631684	0.0	0.0	0.0	0.0	0.0	-1.07439762651	0.0	0.0	0.0	0.0	-1.56553312213	1.65558981461	0.198364771695	-0.731255913689	0.0	0.0	-0.412360173909	-0.466491092471
dosg35	1.68503979391	0.0	0.0	0.0	1.86666015506	-0.457613239619	-0.392498277953	-0.826341262341	0.0	-1.20548190875	0.0	0.0	0.0	-0.896327687809	0.0	0.0	0.0	0.0	0.601875992201	0.0
dosg36	0.0	0.0	0.0	0.0	-2.61156395631	0.399961108949	0.0	1.37287168416	0.0	0.0	1.58628705467	0.0	0.0	-1.7338884332	0.704718106395	0.0	0.0	0.0	0.805192202457	0.0
dosg37	0.0	-0.393424647141	-1.87360865659	0.0	0.122660814687	-0.423411006762	0.0	0.0	0.0	0.0	0.0	0.0	0.0	0.0	0.0	0.0	1.05586254925	0.0	-0.490684378619	0.0
dosg38	-0.221070632322	0.0	0.0	0.0	0.0	-0.0832636343309	0.0	0.0	0.0	0.0	0.0	0.0	0.0	0.0	0.0	0.0	0.0	0.0	0.0	0.0
dosg39	-0.0677342843144	0.0	0.30955249133	0.0	0.0	1.44711302763	0.0	-0.128342302782	0.0	0.0	1.33508371314	0.0	0.0	0.0	-0.269995956229	0.0	0.0	0.0	0.349275200192	-1.03952909786
dosg40	0.0	1.56986599985	0.0	0.0	0.0	0.0	0.0	0.0	0.0	1.15414727047	0.0	0.0	2.94172199516	0.0	0.0	-0.569366581479	0.447407984429	0.0	0.0	0.0
dosg41	-0.297368078913	0.0	-1.52642335093	0.0	0.0	0.0	0.0	0.00335670959343	0.0	0.0	0.0	0.0	0.0	-0.491965195701	0.0	0.0	-0.817134818989	0.0	0.0	0.0
dosg42	0.0	1.98936730023	0.0	0.0	0.0	-0.956710028652	0.0	0.0	-0.626328361248	-0.647075720231	0.0	0.0	0.0	0.0	0.0	0.0	0.0	0.0	0.0	0.0
dosg43	0.0	0.0	0.0	-0.781966808123	0.0	0.0	0.157553342141	1.54227909006	0.0	0.0	0.142820291295	0.0	-0.73973579304	0.0	0.0	0.0	0.737805056934	0.0	0.0	-0.54679098074
dosg44	0.0	-0.25287033636	0.0	0.0	0.0	0.0	0.0	0.0	0.0	0.0	0.393534781337	0.0	0.0	-0.479198572183	0.624400873634	0.148867735172	0.0	0.0626599247299	0.0	-0.0269944769723
dosg45	0.0	0.0	-0.63651024634	0.0	0.0	0.0	-0.98856800981	0.0	0.0	0.0	0.0	0.0	0.0	0.0	0.0	0.0	0.0	-0.0877807730467	0.0	0.0
dosg46	-0.462564216662	0.0	0.0	0.0	-0.243639250925	-0.431517641444	-0.76958744524	1.4221810295	-0.748935465115	0.0	0.0	0.0	-1.00207000051	0.0	-1.15077317577	0.0	0.0	0.0	0.0	0.0
dosg47	0.0	0.0	0.0	-0.90819702025	0.0	0.0	0.0	0.0	0.968893899432	0.0	0.780488544521	0.0	0.0	0.0	0.0	1.14035641696	0.659139221834	0.0	0.0	0.0
dosg48	0.0	0.0	0.0	0.0	0.0	0.0	0.0	0.0	-1.50256923768	-0.0716906849751	0.0	-0.87566009615	0.0	0.0	0.0	0.0	0.0	0.54374595497	0.0	0.0
dosg49	-1.31195023663	0.0	0.0	0.0	0.0	0.0	0.0	0.0	0.0	0.0	0.0	-0.43403251283	0.0	0.0	0.0	0.0	0.174112406493	0.0	-0.734915033328	0.0
dosg50	0.0	0.0	0.0	0.0	0.0	0.0	0.0	-0.222877999279	0.0	0.0	0.0	0.0	0.0	0.0	0.0	0.173101963197	0.0	0.0	0.0	0.0
dosg51	0.0	0.0	0.0	-0.515179426849	0.0	-1.03729991093	0.0	0.0	0.0	0.0	0.0	-0.174440083126	-1.03508297736	0.0	0.0	0.0	0.0	0.0	0.850387414087	0.0
dosg52	0.0	0.0	0.0	0.0	0.0	0.0	1.3371027216	0.0	0.0	0.0	1.76757629128	-1.01198466696	0.0	-0.85528451143	-1.04281576129	-0.437806656038	0.0	0.0	0.0	0.0
dosg53	0.0	0.0	0.0	1.1526381726	0.0	-0.784306773003	-0.559202385015	0.0	0.0	0.0	-1.19784911759	0.0	0.0	0.0	0.0	0.0	0.0	0.0	0.0	0.0
dosg54	0.0	0.0	0.0	0.0	-0.253894365901	0.0	0.0	0.0	0.0	0.0	0.0	0.0	0.128139149899	0.457115194416	0.183710322896	0.0	0.0	0.0	-1.04917524478	0.0
dosg55	0.0	0.0	0.0	0.0	0.0	0.0	0.0	0.0	-0.420613947496	-1.67358211103	0.0	0.0	0.0	0.010328406957	0.0	0.0	-0.217528711156	-0.671701165437	0.909024529139	0.0
dosg56	0.0	0.0	0.0	0.0427324406289	0.921416186497	-0.939860294497	0.0	0.0	0.0	0.0	0.0	0.0	0.217235545175	0.0	0.0	0.811081450883	0.0	1.42326108856	0.00346608687277	0.0
dosg57	0.0	0.0	0.0	0.0	1.95597141573	-0.110534206473	0.0	0.0	0.0	0.0	-0.00721450687434	0.0	0.0	0.0	1.44476838475	0.0	-0.607733466058	-0.913306782373	0.0	0.0
dosg58	0.0	0.0	0.0	0.0	-1.00142929078	0.0	0.0	0.0	0.0	1.15156407846	0.0	0.0	0.0	0.0	0.0	0.0	0.0	0.0	-0.526277777714	0.0
dosg59	0.0	0.0	0.0	-0.197090558495	1.7582729301	0.0	0.0	0.0	0.0	0.0	-0.493930989091	0.0	0.0	-0.412955875538	0.0953509631017	-0.163460560205	-0.384034315181	0.0	0.0	0.0
dosg60	0.0	0.0	0.434473666327	0.0	0.25319319906	0.174571990684	0.0	0.0	0.798018370706	0.0	1.29387156986	0.0	0.0	0.0	0.0	0.0	-0.134230621286	0.0	0.0	0.0
dosg61	0.0	0.0	0.0	0.0	0.0	0.0	0.0	0.0	1.52288893931	0.0	0.0	-0.0885540358545	1.6693839101	0.0	0.0	0.0	0.0	0.0	-0.224924009012	-0.108112753951
dosg62	-0.177361669338	0.148918915337	0.0	0.0	-0.213223223561	0.0	0.0	0.0	0.126839648267	0.0	0.0	0.0	0.0	-0.111052427024	0.0	0.0	0.0	0.0	0.0	0.0
dosg63	0.0	0.0	0.0	0.0	0.0	0.0	0.861054724355	0.0	-0.151274999602	0.0	0.0	0.0	0.0	-0.0857311837312	0.0	-0.0941471252422	-1.29248494824	0.0	0.0	0.114296076434
dosg64	0.0	0.0	0.0	0.0	0.0	0.0	1.37002257267	0.0	0.0	0.0	0.0	0.0	0.882421521032	0.0	0.0	-0.428489421588	0.0	0.0	0.0	0.0
dosg65	0.0	0.0	0.0	-0.0245258256458	0.0	-0.348939121018	0.0	0.0	0.390310696678	0.0	0.0	0.0	-0.416222015604	0.0	0.118858388012	0.0	0.0	0.0	2.25766274058	-1.50475484309
dosg66	0.0	-1.42461201523	0.0	0.0	0.0	0.446909764076	1.64876549694	0.0	-0.527127855959	1.38112742143	0.0372536320337	0.0	1.19378794257	0.0	0.0	0.0	0.0	0.0	0.0	0.0
dosg67	0.0	0.0	0.0	0.0	0.0	0.0	0.0	-0.200857062378	0.0924305064772	0.0	0.0	0.0	0.0	-0.439301178671	0.0	0.0	0.0	0.0	0.0	0.0
dosg68	0.0	0.0	0.0	0.0	0.0	0.0	0.0	0.0	1.89024135262	0.0	0.0	0.0	0.0	-0.388120924805	0.0732817210262	-0.11111915206	0.008782371876	0.818840865976	0.0	0.0
dosg69	0.0	0.0	0.0	-0.0675082834087	0.0	0.136989456214	0.0	0.0	0.0	0.0	0.0	0.0	0.0	0.0	-0.340029528708	0.0	1.47894296503	0.0	0.0	0.0
dosg70	0.0	0.0	0.0	0.0	0.0	0.0	0.0	-0.367345971916	0.0	0.0	-0.215707385214	0.0	0.0	0.0	0.0	0.0	0.0	0.0	0.0	0.0
dosg71	-0.924147440347	0.0	0.0	0.0	0.0	0.0	0.0	0.0	-0.787636835011	0.0	0.0	-0.580191978346	0.0	0.0	0.0	0.0	0.0	0.0	0.0	0.0
dosg72	0.31263669108	0.0	0.694041427883	0.0	0.0	0.318181692209	0.0	0.0	0.0	0.0	0.0	0.0	0.0	0.0	-0.258058193449	0.0	0.0	0.0	0.0	-0.907204755096
dosg73	1.81881511863	0.0	0.0	0.49492452459	0.0	0.0	-0.677128256388	0.0	1.21037989657	0.0	0.0	0.0	0.0	0.0	0.0	-0.629877027012	0.730694709742	0.0	0.900548530198	0.0
dosg74	-1.57927208594	0.0	1.09376984795	-1.0136300343	0.0	0.0	0.0	-0.222684628946	0.0	-1.09173465378	0.0	0.0	0.0	0.0	0.0	0.0	0.0	0.0	0.0	0.0
dosg75	0.0	0.00425192537572	0.0	0.0	0.0	0.0	0.0	-0.918542817375	0.0	0.0	1.56300233485	-0.298488486472	0.285568604735	0.0	0.0	0.0	0.0	0.595682171137	0.0	0.0
dosg76	0.0	-1.97335467785	0.0	0.0	0.0	0.0	0.0	2.15313502193	0.0	0.0	0.611677551259	0.0	1.56947605345	0.0	0.0	0.0	0.0	0.0	-0.514064845291	0.0
dosg77	0.0394622363287	-1.07556921163	0.0	0.0	0.0	0.0	0.0	0.0	0.0	-0.755924954487	0.345341589777	0.0	0.0	0.0	0.0	0.0	0.0	0.758314194938	0.0	0.0
dosg78	0.0	0.67821804428	-1.11541263568	0.0	0.0462573186499	-0.020018199788	0.0	0.0	0.0	0.0	0.0	0.0	0.0	0.0	0.0	0.0	0.701402166938	0.0	0.0	0.0
dosg79	0.0	0.0	0.0	0.0	0.101634170784	0.0	0.0	0.0	0.221813079006	0.0	0.0	0.0	-0.749825973654	0.0	0.0	0.0	0.0	0.0	-1.48508898306	0.0
dosg80	0.0	0.0	0.605530095715	0.0	0.0	1.23135278319	-1.10842785349	0.0	1.31716610373	0.0	0.0	0.0	0.0	0.0	0.0	0.494594685528	-2.52596345338	-1.97575798697	0.0	0.0
dosg81	0.0	0.0	0.0	0.0	0.0	0.0	0.0	0.0	0.0	0.0	0.0	0.224307373001	0.0	0.0	0.0	0.0	0.0	0.0	0.70433176447	0.0
dosg82	0.250089791759	0.0	0.0	0.0	0.0	0.0	-0.463640788621	0.0	0.0	0.0	0.0	0.0	0.0	-0.569696505102	-0.276825510849	-0.843147530102	0.103815141727	0.0	0.0	0.0
dosg83	0.0	0.0	0.0	0.0	0.0	0.0	-0.0171129535133	0.0	0.0	0.0	-0.90662908986	0.919917676587	0.0	0.0	0.0	0.0	0.0	0.0	0.727456415977	0.0
dosg84	0.496196271372	0.0	0.0	0.0	0.0	0.0	-1.06992580368	0.0	0.0	0.0	0.0	0.0	-0.611982331435	0.0	0.0	0.0	0.0	0.358805053812	0.0	0.0
dosg85	0.916247757071	0.0	0.0503371862026	0.0	0.0	0.0	0.0	0.0	0.0	0.0	0.0	0.0	0.0	0.267792751549	-0.311143726752	0.0	0.0	0.0	0.0	0.0
dosg86	0.0	0.0	1.59617588511	0.0	0.0	0.0	0.0	0.0	0.359280348071	0.286669727716	0.0	0.0	0.533949916676	0.0	0.0	0.0	0.220946295795	-2.14675927145	0.0	0.0
dosg87	0.634608212786	0.0	0.901768934259	0.0	0.0	-0.377128619255	0.0	0.0	0.0	0.0	0.639831685251	0.0	0.839189252218	0.0	0.144928500362	0.0	0.0	0.0	0.0	-0.230006160537
dosg88	0.0	0.0	0.0	0.0	0.0	0.0	0.0	0.0	0.0	0.389842292455	0.0	0.0	0.0	0.0	1.92898429652	-0.583711214418	0.0	0.0	0.0	-0.281766924693
dosg89	0.0	0.0	0.0	0.274261316115	0.0	0.0	0.0	0.0	0.0	0.0	0.0	0.0	0.0	0.0	0.0	0.0	0.0	-1.15733525908	0.0	0.0
dosg90	0.0	-0.814871506927	0.0	-0.936551370079	0.0	0.595526189429	0.0	-0.627187915872	0.0	0.0	0.0	0.0	0.0	0.0	0.0	0.0	0.0	0.0	0.0	0.0
dosg91	-0.89435869746	0.0	0.621979547459	0.0	1.1534059865	0.0	0.0	0.079570583896	0.0	0.0	0.0	1.27988404911	0.0	0.0	0.0	0.0	0.0	0.0	0.0	-1.18436393817
dosg92	0.0	0.0	0.0	0.561026270142	0.0	0.0	0.0	0.0	0.0	-0.902746448693	0.67346023124	0.0	0.0	0.0	-1.42749502515	0.0	0.0	0.0	0.949164681789	0.0
dosg93	0.0	0.0	0.0	0.0	0.0	-2.23540268119	0.0	0.0	0.0	-1.79337240065	0.0	0.0	0.0	0.0	0.0	0.0	0.0	0.0	0.0	0.0
dosg94	0.0	0.0	0.0	0.0	0.0	0.0	0.0	0.0	0.0	0.0	0.0	0.0	0.0	0.0	0.0	0.0	0.463720521834	0.0	0.0	0.0
dosg95	0.0	0.0	0.0	0.0	0.0	0.0	0.0	0.0	0.0	0.0	0.913897287535	0.881765079559	0.0	0.0	0.0	0.0	0.870599606983	-0.593461275409	0.136941502294	-1.18465244679
dosg96	0.0	0.0	0.0	0.0	0.0	0.0	0.0	0.0	0.0	0.0	-0.697657572797	0.0	0.0	0.0	-1.54155193992	0.0	0.0	0.0	0.0	0.0
dosg97	0.0	0.0	0.0	0.0	0.0	0.0	0.0	0.0	0.112119118405	0.0	0.0	0.0	0.0	0.0	-0.533565251808	0.0	-0.388669247841	0.0	0.0	-0.505832967217
dosg98	0.0	0.0	0.0	-0.076491544752	0.0	0.0	0.0	0.0	0.0	0.0	0.0	0.0	0.0	0.447669314452	0.0	0.0880177919791	0.0	0.0	0.0	0.0
dosg99	-0.0235817655324	0.0	0.0	0.0	0.0	1.10218709541	1.87666407563	0.0	0.0	0.0	0.0	0.0	-0.189270014341	0.0	0.0	0.0	0.0	0.0	0.0	0.0
dosg100	0.0	0.774076462793	0.0	0.0	0.56618054719	0.0	0.0	0.0711359828345	0.0	0.0	0.0	0.0	0.0	0.928537847869	0.0	0.0	0.0	0.0	0.0	0.0
dosg101	1.95402276554	0.0	0.0	0.0	1.03766805976	0.0	0.0	1.27901596101	0.0	0.0	0.0	0.0	0.0	0.0	0.0	0.0	0.0	0.0	0.0	0.0
dosg102	0.0	0.0	0.0	0.0	0.0	0.0	0.0	0.0	0.0	0.0	0.328257618937	0.0	0.0	-0.0402169707654	0.0	0.0	0.0	0.0	0.383681932491	0.0
dosg103	0.0	2.19770409605	0.0	0.0	0.0	0.0	0.0	0.0	0.0	0.0	0.0	0.0	0.0	0.0	0.0	0.0	0.0	-0.750769680326	0.0	0.0
dosg104	0.0	0.942777871467	-0.843392193606	0.0	0.0	0.0	0.0	-0.74612287387	0.0	0.0	0.0	0.0	0.0	0.0	0.0	0.0	0.0	0.0	-0.17531621058	1.07610830541
dosg105	1.17400704938	0.0	0.0	0.0	-0.569035482531	0.0	0.0	0.0	0.0	0.0	0.00825211481471	0.0	0.0	0.0	0.0	0.0	0.0	0.0	2.01560696408	0.0
dosg106	0.0	-0.0526425889846	0.0	0.0	0.0	0.0	1.18722391503	0.0	0.0	-0.542472596792	0.0	0.0	-0.923829080226	0.0	-0.287067084059	0.707075475153	0.163948511275	-0.84710555692	0.0	0.0
dosg107	0.0	0.0	-1.47868226283	0.0	0.0	0.0	0.0	0.0	0.0	0.135615707812	0.0	0.0	-0.368355601154	0.0	0.0	-0.614597797147	0.0	0.0	0.256584406946	0.0
dosg108	0.537642953981	0.0	0.0	0.0	0.0	-0.233206688337	0.0	0.0	-0.426012272221	-0.709736941615	0.0	0.0	-1.50928162929	0.0	0.0	0.0	0.0	0.101867634368	0.0	0.0
dosg109	0.0	0.0	0.0	0.0	0.0	-1.14775289285	0.0	-0.829819786685	0.0	0.0	0.0	0.0	0.568361784129	0.0	-0.814112461772	0.505316591227	0.0	0.0	0.0	0.0
dosg110	0.0	0.0	0.0	0.0	0.0	0.0	0.0	-0.783049194347	0.0	0.0	0.0	0.0	0.0	0.0	0.0	0.0	0.0	0.0	0.0	0.0
dosg111	0.0	0.0	0.278768827577	0.0	0.0	0.0	0.0	0.0	0.0	-0.853769632575	0.0	0.0	0.311792669715	0.0	0.0	0.0	0.0	0.0	0.0	0.0
dosg112	0.0	0.0	0.0	0.0	0.0	0.0	-0.807353482473	0.0	0.0	0.0	-1.42430966277	0.0	0.0	0.0	0.0	0.0	0.0	0.0	0.0	0.0
dosg113	-0.00945803971365	0.0	0.0	0.0	0.0	0.0	0.0	0.0	0.0	0.0	0.771436344645	0.0	0.0	0.0	0.0	0.0	0.0	0.0	0.0	0.0
dosg114	0.993919179555	-1.12927704165	0.678674641122	0.0	0.0	0.0	0.0	0.0	0.0	0.0	0.0	-1.34894595623	0.0	0.0	-0.478067381559	0.0	0.0	0.0	0.388346161616	0.0
dosg115	0.0	0.0	1.49688262682	0.0	0.0	0.14841746316	0.0	1.79393428045	0.0	0.0	0.0	0.0	0.0	0.0	0.0	0.0	0.0	0.0	0.0	0.0
dosg116	0.0	0.0	0.0	1.7439628672	0.0	0.0	0.0	0.0	0.0	0.0	0.0	0.0	0.0	0.332673034969	0.0	0.0	-2.75596232898	0.0266630001175	0.0	0.0
dosg117	0.0	0.0	-1.03809751499	0.652106320346	0.0	0.0	0.0	0.0	0.0	0.0	0.0	0.0	0.0	-0.894348818382	0.0	-0.893092605274	0.0	0.0	0.265674623404	0.0
dosg118	-2.47405895023	0.0	0.0	0.0	0.0	0.0	0.0	0.0	0.0	0.0	1.35403548815	0.0	0.0	0.0	0.0	0.0	-0.212245868938	0.0	0.0	0.0
dosg119	0.0	0.0	0.0	0.0	-0.533172040777	-0.660054618931	0.0	0.0	-0.497472412054	0.0	0.0	0.0	0.0	1.12736477874	0.0	0.0	0.0	0.0	0.0	0.0
dosg120	0.0	0.0	0.0	0.0	0.0	0.0	-1.04731471496	-0.0240030494455	0.0	0.0	0.0	0.367088778462	0.0	0.0	0.0	1.54182036471	0.0	0.0	0.0	0.0
dosg121	0.0	0.0	0.0	0.0	0.0	0.0	-0.672016607397	0.0	1.77940071599	0.0	-0.47794844184	0.0	0.0	0.462804232334	-0.679219454853	0.0	0.0	1.7773053358	0.0	0.0
dosg122	0.0	0.0	0.0	0.0	0.0	-0.552085496448	0.0	0.0	-0.904378460972	-0.0169282927161	-0.610770304056	-0.528686432821	0.0	0.0	0.0	0.835184931889	0.0	0.0	0.0	1.29999295982
dosg123	-0.073913685461	0.0	-0.166579993097	1.47785339735	0.0	0.0	0.0	0.0	0.0	0.0	0.0	0.0	0.0	0.694889308533	-0.0689365543579	0.0	0.0	0.0	0.0	-1.01591413687
dosg124	-1.00460210143	0.0	0.0	0.0	0.958710372733	0.0	0.0	0.0	-1.21487350113	0.0	1.2922955678	0.0	0.0	0.0	0.0	0.0	0.0	0.0	0.0	0.0
dosg125	0.0	0.0	0.157739130039	0.0	0.0	0.0	0.0	0.0	0.0	0.0	0.0	0.0	0.0	0.0	0.0	0.0	0.0	0.0	0.0	0.0
dosg126	0.323420992605	0.660207967402	0.0	0.0	0.0	0.0	0.0	0.0	0.0	0.0	0.0	0.225699588846	0.0	0.0	0.0	0.0	0.0	0.0	0.0	0.0
dosg127	-0.981260037272	-0.269013117801	0.0	0.0	-1.24610774732	0.0	0.0	1.87457018323	0.0	-0.103561432555	0.0	0.0	0.0	0.0	0.0	0.0	0.0	1.84082370872	0.0	0.0488810255639
dosg128	0.674208547042	0.0	0.0	1.21251403066	0.0	0.0	-1.13777891004	0.0	0.0	0.0	0.0	1.31782684491	0.0	0.0	0.0	0.543598077888	0.0	0.0	0.0	0.0
dosg129	0.0	0.0	0.0	0.274799397743	0.0	0.0	0.0	0.178915098735	0.0	0.0	-0.749709911387	0.0	0.0	-0.799010549806	-0.307497037318	0.0	0.10310027783	0.0	0.0	-2.04002007655
dosg130	0.0	0.0	0.0	0.0	0.0	0.0	0.0	0.0	0.0	0.00065177289407	0.0	0.0	0.0	0.0	0.0	0.0	0.0	-0.36919514605	0.0	0.0
dosg131	0.0	0.0	0.0	0.0	0.0	0.0	0.150414649587	0.289846808726	0.0	0.0	0.0	0.0	0.0	0.0	0.0	-0.126531888708	0.0	0.0	0.0	0.0
dosg132	0.0	0.0	0.0	0.0	0.510035892972	0.0	0.0	0.0	0.0	1.81099913899	0.0	0.0	0.0	0.0	0.0	0.0	0.0	0.0	0.0	0.0
dosg133	0.0	0.0	0.0	0.0	0.0	-0.361579842784	0.0	0.0	0.0	0.0	-0.935846830465	0.0	0.0	-1.723969491	0.0	-0.396542162397	0.0	0.0	0.0	0.0
dosg134	0.0	0.0	0.286073938212	0.511975602053	0.0	0.798821338511	0.0	0.0	0.842329546248	1.33642542208	0.0	0.0	0.0	0.377325425569	0.0	0.0	0.0	2.09789483431	-0.160244603699	0.0
dosg135	0.0	0.0	0.0	0.0	0.602307083649	-2.39862230763	1.52891652862	0.0	0.0	0.0	0.0	0.0	-0.113871475246	0.0	0.0	0.0	0.0	0.0	0.0	0.0
dosg136	0.0	0.0	0.0	0.0	0.0	0.239195012602	0.0	0.0	0.0	0.0	0.0	0.551773742354	0.634889873167	0.0	0.0	0.803467332421	0.0	0.0	0.538489480402	0.0
dosg137	0.0	0.0	0.0	-0.151430277459	1.42371525223	0.0	0.0	0.0	0.0	0.0	0.0	1.1672645532	0.0	-1.48516041014	0.0	0.0	0.0	0.0	-0.0759280888765	0.0
dosg138	0.0	0.213475134938	0.0	-0.696557047641	0.0	0.0	0.0	0.0	0.0	0.0	0.0	-0.428846282772	-0.0843159522203	0.0	-0.391552171871	-0.547593862302	0.0	0.0	0.0	0.692116765535
dosg139	0.0	-1.01577517741	0.0	0.0	1.70167502309	-0.842424457627	-1.4837800688	-0.0873050263361	0.0	0.0	-0.940931588627	0.0	0.0	0.0	0.0	0.889771899117	0.0	0.0	0.0	0.0
dosg140	0.0	0.0	0.0	0.0	0.0	0.0	0.0	0.0	0.0	-0.428082884875	-0.365225909061	0.0	0.0	0.0	0.0	0.0	0.0	0.0	0.0	0.0
dosg141	-0.229269289343	0.0	0.0	0.0	0.0	0.0	-0.731219901974	0.0	0.0	-0.857065721581	0.0	-1.13356604332	0.0	0.0	0.0	0.205583090104	0.0	0.0	-1.1709789856	0.0
dosg142	0.0	0.0	-2.09719137901	0.0	0.0	-0.466724045654	-0.301403573827	0.0	0.0	0.0	1.1972454122	0.0	0.0	0.0	0.0	0.440441258525	1.18654110186	0.0	0.0	0.0
dosg143	0.0	0.0	0.0	0.0	-2.01958300914	0.0	0.0	0.0	0.0	0.0	0.0	0.0	0.0	0.0	0.0	0.0	0.728426806374	-1.40542023716	0.0	0.0
dosg144	-0.32294033973	0.0	0.0	0.596410671187	0.0	0.0	0.0	0.0	0.0	3.19020336834	0.0	0.0	0.0	0.0	0.0	0.0	0.0	0.0	-1.18640797969	-0.2436133406
dosg145	0.0	0.0	0.832688345478	0.0	0.0	0.0	-1.51331000504	0.0	0.0	0.0	0.0	0.0	0.0	-1.76544179652	0.0	0.0	0.0	0.0	-0.528790410002	-0.75366676087
dosg146	0.0	0.0	0.0	-1.50018993018	0.0	0.0	0.0	0.0	0.0	0.0	0.0	0.0	0.0	0.0	-1.309456761	0.0	-0.258133718787	0.0	0.0	0.0
dosg147	0.109791806151	0.0	0.0	0.0661069620638	0.0	0.0	0.0	0.0	0.0	0.0	0.0	0.0	0.0	0.0	-1.38940505793	1.5075394596	0.0	0.0	0.0	0.0
dosg148	0.0	0.0	0.0	0.0	-1.34809693893	0.0	0.0	0.0	0.0	-0.0420381630703	0.0	-2.01321976818	0.0	0.0	0.0	0.0	0.0	0.315358834295	0.0	0.0
dosg149	0.0	-0.089073855947	-1.0506639276	0.0	0.0	0.0	0.0	0.496037413319	0.0	0.0	-0.438477292989	0.0	0.0	0.0	0.0	0.0	0.0	0.0	-1.21753953772	0.952340027183
dosg150	0.0	0.0	0.0	0.0	0.0	0.0	0.0	0.0	0.256750998572	0.0	-1.70644029975	0.0	0.0	0.0	0.0	-2.4458473626	1.15513947901	0.0	0.0	0.0
dosg151	0.0	0.0	0.0	0.0	0.0	0.0	0.0	0.50801251224	0.0	0.0	1.05118129105	0.0	1.20133763285	0.0	0.0	0.0	0.0	0.0	0.0	-0.643034403719
dosg152	0.0	0.0	0.0	0.0	0.0	0.0	0.0	0.981038352362	0.0	0.0	0.0	0.0	0.0	0.563285797074	0.0	0.0	0.147293268837	0.0	0.0	0.0
dosg153	0.0	0.0	0.0	0.0	0.0	0.347905786864	0.0	0.0	0.0	0.0	1.49458625031	0.0	-0.185472890155	0.0	0.0	0.0	0.0	0.0	-1.27924824947	0.0
dosg154	-1.18570932791	0.0	0.0	0.0	0.0	0.0	0.0	0.0	0.0	0.0	0.0	0.0	0.0	0.0	0.0	0.0	1.81136766567	0.0	0.0	0.0
dosg155	0.0	0.0	0.412934816609	0.0	0.0	-1.52101035311	0.0	0.0	0.0	0.0	0.0	0.0	0.0	0.0	0.0	0.0	0.0	0.0	0.0	-0.0941306824235
dosg156	0.339751632239	0.0	0.0	0.0	0.0	0.0	0.0	0.0	0.0	0.0	0.0	0.0	0.0	0.0	0.0	0.0	0.0	0.0	0.0	0.0
dosg157	0.0	0.0	0.0	0.0	0.0	0.0	0.0	-0.738651096235	0.0	0.0	1.43670812537	0.0	0.0	0.0	1.28147414709	0.0	0.0	0.0	0.0	0.0
dosg158	-0.0201944633744	0.0	0.599960691806	-0.287280598217	0.0	0.0	1.01096303609	0.0	0.0	0.0	-0.36205893378	0.0	0.0	0.0	0.0	0.0	0.0	0.0	0.458237824612	0.0
dosg159	0.919813472535	0.0	0.0	0.519774630513	0.0	0.340047149538	0.0	0.0	0.0	0.0	0.0	0.0	0.0	0.0	0.0	0.0	0.0	0.0	0.0	0.0
dosg160	0.0	0.487292541105	0.0	0.0	0.0	0.0	0.0	-0.580431052496	0.0	0.0	0.0	0.0	0.0	0.0	0.0	0.0	0.0	0.0	0.0	-0.538378952466
dosg161	1.35769612486	0.0	-1.13071409504	0.0	0.0	0.0	0.0	0.0	0.0	0.0	0.0	0.0	0.0	0.0	0.0	0.0	0.0	0.0	0.0	0.0
dosg162	0.578462810002	0.0	0.0	-0.467642219049	0.0	1.25924392398	0.0	0.0	0.0	0.0	-0.0250922639951	0.0	-0.33298872202	0.0	0.0	0.0	-0.714915060483	0.887011186574	0.0	0.0
dosg163	0.0	-1.05710068828	0.0	0.0	0.0	0.0	0.0	0.0	0.0	0.0	0.0	0.0	0.0	-2.0258428268	0.0	0.0	0.0	0.0	-0.140902857591	0.0
dosg164	0.0	0.0	0.0	0.0	0.0	0.0	0.0	0.488515232806	0.0	0.0	0.682202375428	-0.251709985734	0.0	2.26442336668	1.66834468836	0.0	-1.38124111535	0.147919494033	0.41517260188	0.0
dosg165	0.0	0.312124458091	0.0	0.0	0.0	0.0	0.0	0.0480644011996	0.0	0.0	0.0	-0.142694552561	-0.307147400173	0.0	0.0	0.0	0.0	0.312682788313	1.99283544478	0.0
dosg166	0.0	0.0	0.0	0.0	-0.328232776062	0.0	0.0	-1.08067323431	0.0	0.0	0.0	0.0	0.0	-1.69241162877	0.0	0.0	0.0	0.0	0.0	0.0
dosg167	0.0	0.0	-0.218490709103	0.0	0.0	0.0	0.0	1.38611604769	1.60039780774	0.0	0.0	0.0	0.0	0.0	0.0	0.496242823523	0.0	0.0	0.254125682815	-0.443997035053
dosg168	1.61688294244	0.0	0.0	0.0	0.0	-0.604744707431	0.845761206867	0.0	-1.03794958374	0.0	1.45907829362	0.0	0.0	0.534721487306	0.0	0.0	0.0	0.0	0.0	-0.992441256272
dosg169	0.0	-0.0689103792631	0.0	0.0	0.0	1.26693299469	1.03036476672	0.0	0.319622797997	0.0	0.0	-0.514157489584	0.0	0.0	0.767928612465	0.0	0.0	0.0	0.115019590485	0.0
dosg170	-0.830551367729	-0.612600885663	0.0	0.0	-0.00556102789757	0.0	0.970701968797	0.0	0.0	0.165688528529	0.367428102081	0.0	0.0	0.0	0.0	0.0	0.0	0.0	0.0	0.0
dosg171	0.0	0.0	-1.06054736455	0.0	0.0	0.0	0.0	0.0	0.0	1.04218112426	-0.110869399906	-0.0547221727749	0.0	2.11408037887	0.0	0.0	0.0	-0.998220278631	-1.10036044974	0.0
dosg172	0.0	-0.317603088437	1.08558567301	0.0	-0.105328590882	0.0	0.814344727906	0.0	1.34650773627	0.0	0.0	0.0	0.0	0.0	0.0	0.0	0.0	0.0	0.0	0.0
dosg173	0.0	1.26525799566	0.0	-1.35175157362	0.0	0.0	0.0	0.0932551314864	0.0	0.842453956702	0.0	0.0	-0.0866675098959	0.0	0.0	0.0	0.0	0.0	0.621736435146	0.0
dosg174	0.0	0.0	0.0	0.0	0.0	0.0	0.0	0.0	0.790590432587	0.0	0.0	0.0	0.0	-0.534183981119	0.223818592692	-0.125324114718	0.0	0.0	0.502710927591	0.0
dosg175	0.0	0.0	0.0	0.0	0.0	0.0	0.0	0.0	0.0167178387239	1.00659408181	-0.248951347095	0.0	0.0	0.0	0.0	0.0	-0.318965981434	-0.974393575918	0.0	0.0
dosg176	0.274399220568	0.0	0.0	0.0	0.0	0.0	0.0	0.0	0.0	-0.485972040661	0.385976346729	0.0	-0.10917162398	0.0	-0.796108608217	0.0	0.0	1.46332790014	0.0	0.0
dosg177	0.0	0.0	0.0	0.0	0.0	0.0	0.0	0.0	0.0	0.0	0.0	0.0	0.0	0.0	0.40226693255	0.0	0.0	0.151975605248	0.0	0.0
dosg178	-1.49780098565	0.0	-0.689806371335	0.0	0.0	0.290468770776	0.0	0.0	0.878501048097	0.0	0.0	0.0	0.630709010032	0.0	-0.366543184109	0.0	0.0	0.0	0.0	0.0
dosg179	0.0	0.0	0.0	0.0	0.0	0.0	0.0	0.0	0.0	-0.289698091839	0.0	0.0	0.0	0.0	-1.0946698615	1.59828872496	1.07868558423	0.0	0.0	0.0
dosg180	0.0	-0.287594519638	0.0	0.0	0.0	-0.803485984402	0.0	0.0	0.126031073426	0.0	0.0	0.0	0.0	0.0	0.0	0.0	0.0	0.0	0.0	-1.16027405719
dosg181	0.0	0.0729408794892	0.0	0.0	0.760904931793	0.0	0.0	0.0	1.2133672746	-0.4942637217	0.0	0.0	0.0	0.0	-0.23420771902	0.0	0.0	0.0	-1.00488397122	0.0
dosg182	0.0	0.0	0.419299198606	0.0	1.71401988707	0.0	0.0	0.0	0.0	-0.683249547965	0.0	0.0	0.0	0.0	0.0	0.0	0.0	-0.677131026258	0.0	0.0
dosg183	0.0	-0.405644784109	0.0	-0.795931683677	0.0	0.0	0.0	0.0	0.00241142430785	0.0	0.0	0.0	0.0	0.0	0.0	-0.61805782394	0.708841415324	0.0	0.0	0.0
dosg184	0.0	0.0	0.0	0.0	0.0	0.526895195421	0.0	0.0	-0.634009667327	0.0	0.0	-2.55699095483	0.0	0.0	0.0	-1.32813650084	0.0	-0.272966156224	0.0	0.0
dosg185	0.0	0.0	0.0	1.29212530618	-0.860099272636	0.0	0.0	0.0	0.686852822789	0.0	0.0	0.0	-0.615054518567	0.0	0.0	0.0	0.0	0.0	0.0	0.0
dosg186	0.0	0.0	-0.0889053834705	0.0	0.0	0.0	0.0	0.0	0.0	0.0	0.0	0.0	0.0	1.38010073819	0.0	0.0	0.0	0.0	0.0	0.0
dosg187	0.0	0.0	0.0	0.0	0.0	0.553313474583	0.0	0.0	0.0	-0.0741726615297	0.0	0.0	-0.850097333895	0.0	0.0	0.0	0.0	0.0	0.0	0.0
dosg188	0.0	0.0	0.122785361533	0.0	0.221930515614	0.0	-2.59791063761	0.0	0.162732679934	-0.712520929403	0.0	0.0	-0.775469891893	0.0	0.0	0.873111530636	0.0	0.0	0.0	1.90336144948
dosg189	0.0	0.0	0.0	0.0	0.0	0.0	1.89257468218	-1.24847396522	0.0	0.0	-0.831820985845	0.0	0.0	0.0	0.0	0.1190289737	0.0	0.0	-0.482751420862	0.1681428979
dosg190	0.914247589405	0.0	0.0	0.0365297662168	0.952538310677	0.0	0.510072066342	0.0	0.0185793454569	0.747465763176	0.0	0.0	0.0	0.0	1.67995968354	0.0	0.0	0.00273691508178	-1.08306855672	0.0
dosg191	-0.554473364794	0.0	0.0	0.478333926606	0.0	0.0	0.0	0.0	-0.249522976574	0.0	0.0	-0.766132519739	-0.0132539418388	0.0	-0.0472430887966	0.0	0.0	-0.0267995949393	0.0	0.0
dosg192	0.511504700462	0.0	0.0	0.0	0.0	0.0	1.19902724787	0.0	0.0	0.0	0.0	0.176698763114	0.0	-0.798356444441	0.0	0.712684254759	0.0	0.0	-0.791626716903	0.0
dosg193	-2.02105874973	0.0	0.0	0.0733512526294	-0.716288386216	0.48085759455	0.0	0.0105458400801	0.0	0.0	-0.8711099259	0.0	0.0	0.0	-0.607045616412	0.0	0.0	0.0	0.287776637697	0.0
dosg194	0.989202739024	0.0	0.0	0.352859837034	0.0	1.84609906515	0.0	0.0	-0.584098865829	0.0	0.0	0.557328327849	0.121370250774	0.0	0.313761789068	0.0	0.0	0.0	0.834930950456	0.0
dosg195	0.0	0.0	0.0	0.0	0.828601884945	0.0	0.0	-0.677551483378	0.0	0.0	0.0	-1.10902888556	0.0	0.0	0.0	0.0	2.16200717577	0.0	0.0	0.0
dosg196	0.0	0.0	0.0	0.0	0.623435315362	-1.77413679827	-0.853277741742	2.1736728541	0.0	0.0	0.0	2.59444236546	0.0	-1.50913975636	0.0	0.0	0.0	0.0	0.0	-0.427536371919
dosg197	0.0	0.0	0.0	0.0	0.0	0.961404625766	2.37201036084	0.0	0.0	0.0	1.94956223453	-0.337128886074	0.0	0.0	0.0	0.0	0.0	0.0	-0.777545899629	0.0
dosg198	0.625754777339	0.0	0.0	0.0	0.0	1.83071091313	-0.971431736014	0.0	0.0	0.0	0.0	0.0	0.0	-0.0923708306943	0.0	0.576340673226	0.0	0.0	0.0	0.501804899329
dosg199	0.0	0.0	0.0	0.0	-0.368793523821	0.0	0.0	0.0	1.08661684381	-0.802873305805	0.797260864168	0.0	-0.487886596849	0.0	0.0	0.0	0.0	0.0	-0.49701979279	0.0