unot0	unot1	unot2	unot3	unot4	unot5	unot6	unot7	unot8	unot9	unot10	unot11	unot12	unot13	unot14	unot15	unot16	unot17	unot18	unot19
unot0	0.0	0.0	0.0	0.0	0.0	0.556322074051	0.0	0.0	0.0	0.0	0.0	0.0	0.373746802623	0.0	0.613006493922	0.0	0.0	0.0	0.0	0.0
unot1	0.0	0.0	0.0	0.0	0.0	0.0	0.0	0.0	0.0	-0.18287162233	0.0	-0.950546510934	0.0	0.0	-0.576696880238	0.0	0.0	0.0	0.0	0.0
unot2	0.0	0.0	0.0	0.0	0.0	-0.424090144162	-0.852236545198	0.0	-1.70829017115	0.0	0.0	0.544894175641	0.0	0.0	-0.834480996755	-1.52256463787	2.21873343	1.86692587309	0.0	0.0
unot3	-1.30738665695	0.0	-1.32831958495	0.0	0.517320305719	0.0	-0.448781280854	0.0	0.46905196552	0.0	0.0	0.0	0.0	1.04797168487	0.0	0.105196788397	0.0	0.0	0.732413929432	-0.163271249868
unot4	0.0	0.0	0.0	0.0	0.0	0.0	0.0	0.0	0.0	0.0	0.0	0.0	0.0	0.0	0.0	0.0	0.0	0.0	0.0	0.0
unot5	-0.435858159584	-1.12937907421	0.0	0.0	0.0	0.0	0.0	1.04581986337	0.0	0.0	0.0	0.0	0.0	-0.831941930056	0.462280634014	0.0	-0.514196663984	0.0	0.0	0.0
unot6	0.0	0.0	0.0	0.0	0.0	0.0	0.968682902073	0.0	0.0	-0.359422764434	-1.20974973101	0.0	1.1690206651	0.0	0.0	0.0	0.0	0.0	0.0	0.0833666767174
unot7	0.0	0.0	0.0	0.0	0.0	0.0	0.0	1.71666063898	0.0	-0.958193587707	0.0	1.76900499662	0.0	0.0	0.0	0.0	1.28679438239	0.0	0.0	0.0
unot8	0.754857814787	0.0	0.0	0.0	0.0	0.0	0.0	0.0	0.0	0.0	0.0	0.0	0.0	1.04353242922	-1.41011233606	0.0	1.29772485691	0.0	0.0	1.89522863833
unot9	0.0	0.0	0.0	0.0	0.0	0.634665753693	0.0	0.0	0.0	0.0	0.0	-0.119943004634	1.21448123287	1.59273426071	0.504234955238	0.0	0.0	0.0	0.0	0.0
unot10	0.0	-0.0366698900631	0.0	0.0	0.0	0.0	1.61847195139	0.691883073323	0.0	0.0	0.0	0.0	0.0	1.28322837937	-0.881360441318	0.972389274641	0.0	0.0	0.0	0.0
unot11	0.0	0.0	0.0	0.0	0.0	0.0	0.0	0.0	0.0	0.0	-0.698039007625	0.0	0.811382368977	0.0	0.0	0.0	0.0	0.0	-1.09590640647	0.0
unot12	0.0	0.0	0.0	0.0	0.0	0.0	0.0	0.0	0.0	0.0	-0.69945754627	0.0	0.80999917134	-0.516798290187	0.0	0.0	0.0	0.0	0.0	0.381835616161
unot13	0.0	0.0	0.0	0.332587403271	0.0	0.260439931175	0.0	0.0	0.0	0.0	1.79209191272	0.0	2.42498310103	0.571951613643	-0.219683218872	0.0	0.0	-1.92344933018	-0.280589154033	0.0
unot14	0.0	0.0	0.0	0.885719633851	0.0	0.0	0.0	0.0	0.0	-1.49388715313	0.0	-0.933970520858	0.0	-0.812401312973	0.0	0.0	0.0	0.0	-1.11189137846	0.0
unot15	0.0	0.0	0.0	0.0	0.0	0.0	0.0	1.07142021963	0.0	0.0	0.0	-0.965764475991	0.575487587413	0.0948335499183	0.0	0.0	0.0	0.0	0.0	0.0
unot16	0.0	-0.914044440913	0.0	-0.798140625079	0.030086631599	-1.72827547932	1.29120416642	0.0	0.0	-0.84549400507	0.0	0.0	0.0	0.0	0.0	0.0	0.0	0.0	-0.271510036007	0.0
unot17	0.0	0.0	0.0	0.0	0.431124704963	0.0	0.0	0.0	0.532368437623	0.0	0.0	0.0	0.0	0.0	0.0	0.0	0.0	0.0	0.0	0.159084773667
unot18	0.0	0.0	0.0	-1.46951988227	0.0	-1.4620693947	0.0	0.110934221909	0.0	0.0	-0.449762614143	0.0	0.0	0.0	0.834705792642	0.0	0.315289814689	0.0	0.0	0.0
unot19	0.0	0.0	0.0	0.0	0.0	0.0	0.0	0.0	0.0	0.0	0.0	0.367479200368	0.0	0.754198921533	0.0	0.0	0.141902449366	0.600742874496	0.0	0.0
unog0	0.0	0.0	0.0	0.0713688964541	-0.716898036961	0.0	0.0	0.0	0.512569065759	0.0	0.0	0.0	0.839521219806	0.0	0.0	0.0	1.35375869661	0.0	0.0	0.0
unog1	-0.777065635515	0.0	0.0	2.6148283263	0.0	0.0	0.0	0.0	-0.173597539269	0.0	0.0	0.0	0.0	0.0	0.0	-0.394100178811	0.0	0.0	0.0	0.0
unog2	0.0	0.0	-1.15010117951	2.45233263232	0.0	0.0	0.0	0.0	1.35131930673	0.0	0.0	0.0	-0.454210363094	0.0	-0.721827505481	0.0	1.55799770976	0.0	0.0	0.0
unog3	0.0	-0.63161654455	0.889911664382	-0.261038832208	-0.173567979072	0.0191756372789	0.0	0.0	0.0	0.0	0.0	0.910236660276	0.022332241177	-1.10085447774	0.0	-0.255044450602	0.0	0.0	0.0	0.0
unog4	0.0	-0.822413815292	0.0	0.064337804444	0.0	0.0	0.0	0.0	0.202786495523	0.0	0.0	0.0	0.0	0.318949841874	-0.190097701013	-0.217216050302	0.0	0.0	0.0	0.0442819114781
unog5	0.0	-1.3565773581	0.0	0.0	0.0	1.85806370659	0.0	0.0	0.0	0.0	0.0	0.0	0.0	-1.02946004246	0.0	0.0	0.0	0.474234018618	0.0	0.0
unog6	0.0	0.0	0.0	0.0	0.0	0.0	-0.779094029933	0.0	1.64161060601	0.0	0.0	0.0	0.0	0.0	0.0	0.751676946316	-0.512916818104	0.0	0.0	0.0
unog7	1.38610155819	0.0	0.0	0.472503161119	0.0	0.0	0.0	0.0	0.0	0.659937712127	0.0	0.0	0.459793112303	0.0	0.0	0.0	0.0	0.38539521555	0.0	-1.99086677494
unog8	0.0	0.915678117262	1.48226682537	0.0	0.0	-0.646361811555	0.0	-0.861203366057	0.0	0.0	0.0	0.0	0.0	0.0	0.0	-1.65115329612	0.0	0.0	0.0	0.0
unog9	0.0	0.0	0.0	0.0	0.0	0.0	0.0	0.0	0.0	0.0	0.0	0.0	0.0	0.0	0.0	0.0	0.0	0.0	0.0	1.24162050256
unog10	0.0	0.0	0.0	0.0	0.0	0.0	0.0	0.0	0.0	0.0	-0.498863635231	0.0	-0.72951376036	0.0	0.0	-0.569798564548	0.0	0.0	0.0	0.0
unog11	0.0	0.0	0.0	0.0	0.369353791446	0.0	0.0	0.0	1.75342496449	0.0	2.09697839143	0.0	0.0	0.0	0.0	0.0	0.0	0.0	-0.135280125089	0.0
unog12	0.0	0.0	0.0	0.0	0.0	0.0	-0.568094907277	0.0	0.0	0.0521263584585	0.119161657471	-1.50407418438	0.0	0.0	0.0	0.0	0.0	0.0	0.0	1.62786249355
unog13	0.0	0.0	0.0	0.0	0.0	-0.527663593206	0.0	0.0	0.0	0.0	0.0	-1.20304072297	-0.606652045621	0.0	1.62354813708	2.47087468528	-0.991172259184	0.0	0.0	0.0
unog14	0.0	0.0	0.0	0.0	-0.17161507308	0.0	0.0	-1.51476487246	0.0	-0.796397366666	0.0	0.0	0.0	0.0	0.0	0.0	0.0	0.0	0.0	0.0
unog15	0.0	0.0	0.0	0.0	0.0	0.0	0.0	-1.37220095068	0.0	0.12335008401	0.0	0.0	0.0	0.0	0.0	0.0	0.0	0.0	-1.0400461232	0.0
unog16	0.0	0.0	0.0	0.0	0.32824061387	-0.223560093975	-0.322223309764	0.62049516588	0.206645076303	0.0	0.0	0.357324728665	0.0	0.0	0.0	0.249983870542	1.39946458421	0.0	0.0	0.0
unog17	0.0	0.0	-1.11455629558	0.0	0.0	0.0	0.0	0.0	0.0	0.86955459162	0.551080207202	0.0	0.0	0.0	0.0	0.0	0.0	0.0	0.0	0.0
unog18	0.0	0.0	0.0	0.0	0.0	2.07505952399	0.0	0.0	0.0	0.0	1.21048361467	0.0	0.0	0.0	0.0	0.0	0.0	0.0	0.0	0.105967942069
unog19	-1.16432082541	0.0	0.0	-1.10207783004	0.0	0.897310657197	0.0	0.691474728349	-0.106874302179	0.0	-1.20368781905	0.0	0.0	-0.17031464306	1.06922886194	0.0	-0.649151413272	0.0	0.0	0.0
unog20	0.0	0.69793112181	0.0	0.0	0.0	0.0	0.0	0.0	0.0	0.0	0.0	-0.769570711591	0.0	0.412836019896	0.0	-1.41472535247	0.0	0.0	0.0	0.0
unog21	0.933459813376	-0.753215221791	-0.848534812672	0.0	0.0	0.21528072442	0.324472947441	0.0	0.0	0.0	0.0	-0.0455030577581	1.1820352008	0.0	-0.918314890968	0.0	0.830826464414	0.0	0.628008644263	0.569551471958
unog22	-0.103685247625	0.0	0.0	0.0	0.0	0.0455364374467	0.0	0.0	0.0	1.63959200478	0.156735234217	-0.381028917662	0.0	0.0	0.0	0.0	0.0	0.0	-0.861774256966	0.116974037443
unog23	0.0	0.0	0.0	0.304570199839	0.0	0.714642872448	0.0	0.0	0.0	0.0	0.0	0.0	0.0	0.0	-0.0905588932549	0.0	0.0	0.0	0.0	0.0
unog24	0.0	0.848085467453	0.0	0.0	1.06183809383	0.0	0.0	0.0	-0.284712494004	0.0	0.0	-1.56762146045	0.0	0.0	0.0	0.0	0.0	0.0	0.0	0.0
unog25	0.586032818624	-0.106002462457	0.0	0.0	0.0	0.0	0.0	0.493524787625	0.0	0.0	0.0	0.0	0.0	0.0	0.0	0.0	0.0	0.931930196933	0.0	0.0
unog26	-0.0660050899745	0.0	-1.00154463751	0.0	-1.30992893679	0.206726113937	0.0	0.0	0.0	0.0	0.0	0.706318493532	0.0	0.0	0.751357939274	0.0	0.649920721639	0.0	0.0	0.0
unog27	0.0	0.0	0.0	0.0	0.0	0.0	1.97825090125	0.0	-0.99948143014	0.0	0.0	0.0	0.0	0.0	0.0	0.0	-1.16065047339	0.0	0.0	0.0
unog28	0.0	0.0	-0.240056804457	-0.923019009889	0.0	0.0	0.0	0.0	0.0	0.227341118107	0.0	0.0	0.0	0.0	0.0	0.0	-0.640917702531	0.0280550028373	1.5098461743	0.0
unog29	0.0	0.0	0.0	0.0	0.0	-0.434338139081	0.333714842125	0.0	0.0	0.0	-0.394413817162	0.499901284331	0.0	0.0	-0.550182649866	0.0	0.0	0.0	0.0	0.0
unog30	0.0	0.0	0.959955663019	0.0	0.0	0.0	0.0	-1.36743397484	0.0	0.0	0.0	0.0	-0.664690219064	0.0	0.0	0.0	0.0	0.0	-0.752251320234	0.0
unog31	0.0	-2.12598201504	0.0	0.0	0.0	0.0	0.0	0.0	0.0	0.0	1.06033521661	0.0	0.0	2.46981589974	0.718888145895	0.0	0.0	0.0	0.0	-0.975434205304
unog32	0.0	0.0	0.0	0.0	1.61649548115	0.0	0.0	0.0	0.0	0.0	0.0	0.0	0.0	0.0	0.0	0.0	0.0	0.0	0.0	0.0
unog33	-0.784940651326	-0.15934140851	-0.19436781139	0.0	0.0	0.637960454255	-0.0982497475824	0.0	0.0	0.0	0.0	0.0	0.0	0.0	-0.320291091074	0.0	0.0	0.0	0.0	0.0
unog34	0.0	-0.0194935631684	0.0	0.0	0.0	0.0	0.0	-1.07439762651	0.0	0.0	0.0	0.393318915656	0.0	0.77833827328	0.0	0.0	0.0	0.0	1.45694763872	0.0
unog35	1.68503979391	0.0	0.0	0.0	1.86666015506	-0.457613239619	-0.392498277953	-0.826341262341	0.0	0.958052583373	0.0	0.0	-1.05179434917	0.0	0.0	0.0	0.0	0.0	0.443863449907	0.0
unog36	0.0	0.0	0.0	0.0	-2.61156395631	0.399961108949	0.0	1.37287168416	0.0	0.0	0.0	0.0	0.0	0.0	0.0	0.0	0.0	0.330513276172	0.0	0.0
unog37	0.0	-0.393424647141	-1.87360865659	0.0	0.122660814687	-0.423411006762	0.0	0.0	0.0	0.0	0.0	0.0	0.0	0.0	0.0	-0.552060820599	0.0	0.752175689139	0.0	0.0
unog38	-0.221070632322	0.0	0.0	0.0	0.0	-0.0832636343309	0.0	0.0	0.0	0.0	0.0	0.0	0.0	0.0	0.0	0.111274693157	-0.143215124175	0.0	0.0	0.0
unog39	-0.0677342843144	0.0	0.30955249133	0.0	0.0	1.44711302763	0.0	-0.128342302782	0.0	0.0	0.0	0.0	0.0	0.0	0.0	0.0	0.0	0.0	-0.871117150028	0.0
unog40	0.0	1.56986599985	0.0	0.0	0.0	0.0	0.0	0.0	0.0	0.0	1.55473250567	0.0	-2.56581093489	0.0	0.0	0.0	0.0	0.0781167804906	0.0	0.0
unog41	-0.297368078913	0.0	-1.52642335093	0.0	0.0	0.0	0.0	0.00335670959343	0.0	0.0	0.0	-1.80544759032	0.0	0.0	0.0	0.0	0.0	0.0	1.01527812103	0.0
unog42	0.0	1.98936730023	0.0	0.0	0.0	-0.956710028652	0.0	0.0	-0.626328361248	0.0	0.0	0.0	0.0	0.0	-1.61421711019	0.0	0.0	0.0	0.439950473338	0.464656766707
unog43	0.0	0.0	0.0	-0.781966808123	0.0	0.0	0.157553342141	1.54227909006	0.0	0.0	0.0	0.0	-0.106605312679	0.882424180648	1.108737406	0.0	-0.229781556522	0.0	0.0	0.0
unog44	0.0	-0.25287033636	0.0	0.0	0.0	0.0	0.0	0.0	0.0	-0.597166888259	0.234990353387	0.0	0.0	0.0	0.0	-0.777863480116	-0.359415458585	0.0	0.0	0.0
unog45	0.0	0.0	-0.63651024634	0.0	0.0	0.0	-0.98856800981	0.0	0.0	0.585254957028	-0.129912342474	0.990561606955	1.03967258205	0.0	0.0	0.358399753899	-0.445087700964	0.0	0.0	0.0
unog46	-0.462564216662	0.0	0.0	0.0	-0.243639250925	-0.431517641444	-0.76958744524	1.4221810295	-0.748935465115	0.0	0.0	0.0	0.0	0.0	0.0	0.0	0.0	0.0	0.0	0.0
unog47	0.0	0.0	0.0	-0.90819702025	0.0	0.0	0.0	0.0	0.968893899432	0.0	0.0	0.0	0.0	0.0	-0.403866701143	-0.397071179514	0.0	0.0	0.0	0.0
unog48	0.0	0.0	0.0	0.0	0.0	0.0	0.0	0.0	-1.50256923768	0.0	0.0	0.0	2.98376312721	0.0283610732559	0.0	0.0	0.0	0.0	-0.171703678214	0.0
unog49	-1.31195023663	0.0	0.0	0.0	0.0	0.0	0.0	0.0	0.0	0.0	0.0	0.0	0.0	1.9007366414	0.0	0.236622420473	0.0	0.0	0.0	0.0
unog50	0.0	0.0	0.0	0.0	0.0	0.0	0.0	-0.222877999279	0.0	0.0	0.195454407306	0.0	2.34708814577	0.0	0.0	0.0	0.0	0.0	0.0	0.0
unog51	0.0	0.0	0.0	-0.515179426849	0.0	-1.03729991093	0.0	0.0	0.0	0.0	0.0	0.0	0.0621053367228	-0.787494919896	1.01939169249	0.0	0.0	0.0	0.0	0.0
unog52	0.0	0.0	0.0	0.0	0.0	0.0	1.3371027216	0.0	0.0	0.0	0.0	-0.8325563851	0.0	0.0	0.386321833209	2.94135111639	0.0	0.0	0.0	0.0
unog53	0.0	0.0	0.0	1.1526381726	0.0	-0.784306773003	-0.559202385015	0.0	0.0	-1.44498284017	0.0	0.0	0.0	-1.01546167021	0.526373770705	0.0	0.0	0.0	0.0	0.0
unog54	0.0	0.0	0.0	0.0	-0.253894365901	0.0	0.0	0.0	0.0	0.632719654907	0.0	0.0	0.0	0.0	0.904531536568	0.0	0.0	0.0	0.0	0.0
unog55	0.0	0.0	0.0	0.0	0.0	0.0	0.0	0.0	-0.420613947496	0.0	0.0	0.0	0.0	-0.735107669025	0.0	0.0	0.0	0.0	-1.73577163742	0.0
unog56	0.0	0.0	0.0	0.0427324406289	0.921416186497	-0.939860294497	0.0	0.0	0.0	0.0	0.0	-0.253704117499	0.425924874265	-1.40312274007	0.0	0.0	0.0	0.0	0.0	0.0
unog57	0.0	0.0	0.0	0.0	1.95597141573	-0.110534206473	0.0	0.0	0.0	0.0	0.0	-0.832833569052	0.499584835151	0.0	0.0	0.0	0.0	0.0	0.0	0.0
unog58	0.0	0.0	0.0	0.0	-1.00142929078	0.0	0.0	0.0	0.0	0.0	0.0	0.0	0.0	-1.08591806027	0.0	0.0	-0.0461884549763	0.73661946772	0.0	0.131902781917
unog59	0.0	0.0	0.0	-0.197090558495	1.7582729301	0.0	0.0	0.0	0.0	-1.31975255361	0.0	0.0	0.0	0.0	-1.09268720639	0.0	0.217746115212	0.0	0.0	-1.02311192563
unog60	0.0	0.0	0.434473666327	0.0	0.25319319906	0.174571990684	0.0	0.0	0.798018370706	0.0	0.0	0.294672039225	-0.0761457692212	1.8617175205	0.0	0.0	0.0	0.0	-1.29468866581	0.0
unog61	0.0	0.0	0.0	0.0	0.0	0.0	0.0	0.0	1.52288893931	0.0	0.0	0.0	-0.554507471957	0.0	0.0	0.0265004313933	0.0	-0.248000093088	0.0	-1.29208235724
unog62	-0.177361669338	0.148918915337	0.0	0.0	-0.213223223561	0.0	0.0	0.0	0.126839648267	0.0	0.0	0.0	0.0	-1.03355773378	0.0	0.0	-0.392764974097	0.0	0.0	0.0
unog63	0.0	0.0	0.0	0.0	0.0	0.0	0.861054724355	0.0	-0.151274999602	0.0	0.0	0.0	0.0	0.0	0.0	0.0	0.0	0.0	0.0	0.0
unog64	0.0	0.0	0.0	0.0	0.0	0.0	1.37002257267	0.0	0.0	0.0	0.0	0.0	0.0	0.0	0.0	0.0	0.430910052787	0.0	0.0	0.0
unog65	0.0	0.0	0.0	-0.0245258256458	0.0	-0.348939121018	0.0	0.0	0.390310696678	-1.80242185552	0.0	0.0	-0.950119235157	0.0	0.0	0.0	0.0	0.0	0.2338314078	0.0
unog66	0.0	-1.42461201523	0.0	0.0	0.0	0.446909764076	1.64876549694	0.0	-0.527127855959	0.0	0.0	0.0	0.0	0.0	0.0	0.0	0.0	0.0	0.0	0.0
unog67	0.0	0.0	0.0	0.0	0.0	0.0	0.0	-0.200857062378	0.0924305064772	0.0	0.0	0.0	0.125182509642	0.0	0.0	-0.45877179217	0.0	0.0	0.0	0.0
unog68	0.0	0.0	0.0	0.0	0.0	0.0	0.0	0.0	1.89024135262	0.0	0.0	0.0	0.0	0.0	0.0	-0.412806012144	-1.37888932841	0.0	0.0	0.0
unog69	0.0	0.0	0.0	-0.0675082834087	0.0	0.136989456214	0.0	0.0	0.0	0.0	0.0	0.0	0.0	0.0	0.0	0.356654352331	0.0	0.0	0.0	0.0
unog70	0.0	0.0	0.0	0.0	0.0	0.0	0.0	-0.367345971916	0.0	0.781947455889	0.0	0.0	0.0	0.0	0.0	0.0	0.0	-1.85148009386	0.0	0.157557308543
unog71	-0.924147440347	0.0	0.0	0.0	0.0	0.0	0.0	0.0	-0.787636835011	0.0	0.0	0.0	0.510900235746	0.577679589355	0.0	0.0	0.0	0.0	0.0	2.47205135301
unog72	0.31263669108	0.0	0.694041427883	0.0	0.0	0.318181692209	0.0	0.0	0.0	0.0	0.0	0.0	0.0	0.0	0.0	0.0	0.0	0.0	0.245987043315	0.719347880797
unog73	1.81881511863	0.0	0.0	0.49492452459	0.0	0.0	-0.677128256388	0.0	1.21037989657	0.0	-0.927507362973	0.0	0.0	0.0	0.0	0.0	-1.16482944415	0.439361830956	0.0	0.261470453611
unog74	-1.57927208594	0.0	1.09376984795	-1.0136300343	0.0	0.0	0.0	-0.222684628946	0.0	0.0	0.0	-0.344300940001	0.0	0.0	0.0	-0.366540743481	0.0	0.0	0.131664639236	0.0
unog75	0.0	0.00425192537572	0.0	0.0	0.0	0.0	0.0	-0.918542817375	0.0	0.0	0.0	0.0	-0.875616838408	0.0	0.0	0.0	0.0	0.0	0.272437004112	0.459618120402
unog76	0.0	-1.97335467785	0.0	0.0	0.0	0.0	0.0	2.15313502193	0.0	0.0	0.0	0.0	0.0	0.0	0.0	0.0	0.0	0.0	0.0	0.0
unog77	0.0394622363287	-1.07556921163	0.0	0.0	0.0	0.0	0.0	0.0	0.0	0.0	0.0	0.951660243454	0.0	0.0	0.0	0.0	0.0	0.0	1.54030491116	-0.0236823365735
unog78	0.0	0.67821804428	-1.11541263568	0.0	0.0462573186499	-0.020018199788	0.0	0.0	0.0	0.0	-0.341470589274	0.662585256892	0.0	0.0	0.943866460001	0.0	0.0	-1.21578598885	0.0	0.426226633828
unog79	0.0	0.0	0.0	0.0	0.101634170784	0.0	0.0	0.0	0.221813079006	0.0	0.0	0.0	0.0	0.693880895813	0.0	0.301268654383	0.0	0.0	1.15820004224	1.39669492673
unog80	0.0	0.0	0.605530095715	0.0	0.0	1.23135278319	-1.10842785349	0.0	1.31716610373	0.0	0.0	-0.898564890381	1.62958854371	0.0	0.0	0.0	-2.10504060277	0.495324915647	0.0	0.0
unog81	0.0	0.0	0.0	0.0	0.0	0.0	0.0	0.0	0.0	0.0	0.0	0.0	-0.699042416059	0.0	0.0	0.0	2.19791749172	0.0	0.0	-0.207828094314
unog82	0.250089791759	0.0	0.0	0.0	0.0	0.0	-0.463640788621	0.0	0.0	2.18619098515	0.0	0.0	0.0	0.0	1.19544731892	0.0	0.0	0.0	0.0	0.0
unog83	0.0	0.0	0.0	0.0	0.0	0.0	-0.0171129535133	0.0	0.0	0.310313415362	-0.605755591128	0.0	0.0	0.381801457343	0.0	0.0	0.0	0.0	0.0	0.0
unog84	0.496196271372	0.0	0.0	0.0	0.0	0.0	-1.06992580368	0.0	0.0	0.0	0.0	0.0	0.0	0.0	0.0	0.0	0.0	0.0	0.0	0.0
unog85	0.916247757071	0.0	0.0503371862026	0.0	0.0	0.0	0.0	0.0	0.0	0.0	0.0	0.0	0.0	0.0	0.0	-0.27724069311	0.0	0.0	0.0	0.0
unog86	0.0	0.0	1.59617588511	0.0	0.0	0.0	0.0	0.0	0.359280348071	0.0	0.0	0.0	-0.994000357089	0.182922403362	0.511463097196	-1.12496811757	-0.362079799872	0.0	0.0	0.0
unog87	0.634608212786	0.0	0.901768934259	0.0	0.0	-0.377128619255	0.0	0.0	0.0	0.0	-1.20700924787	0.0	0.0	0.0	0.0	0.0	0.0	0.0	0.0	0.0
unog88	0.0	0.0	0.0	0.0	0.0	0.0	0.0	0.0	0.0	0.0	0.0	0.0	-1.34603571506	0.0	0.0	0.0	0.0	0.0	0.0	0.0
unog89	0.0	0.0	0.0	0.274261316115	0.0	0.0	0.0	0.0	0.0	0.0	0.0	0.0	0.0	0.0	0.0	0.0	0.0	0.0	0.0	0.0
unog90	0.0	-0.814871506927	0.0	-0.936551370079	0.0	0.595526189429	0.0	-0.627187915872	0.0	0.0	0.0	0.0	2.47950169711	-0.548214738852	-1.12812531916	0.0	0.0	0.0	0.0	0.0
unog91	0.0	-0.0451400087839	0.0	0.0	0.0	0.0	-0.0825902034433	0.0	0.514367968586	0.0	0.0	0.0	0.0	-0.276631922992	0.0	0.0	0.0	0.0	0.0	0.0
unog92	-1.88773628864	0.0	0.0	-0.615748080634	0.0	0.0	0.0	0.0	-0.703306338722	0.0	0.0	0.0	0.0	0.0	0.0	0.0	0.0	0.0	0.0	0.0
unog93	-0.597534769523	0.876877158103	0.0	-0.495505092019	0.0	0.0	0.0	0.0	0.0	0.538755904185	-0.548207377227	0.0	0.0	0.0	0.0	0.0	0.0	0.0	0.0	0.0
unog94	0.0	0.0	0.0	0.0	0.0	0.0	0.0	0.0	0.16959327349	0.342208419096	0.0	0.0	0.308173903505	0.0	0.0	-1.01155142003	0.0	0.0	0.0	0.0
unog95	0.0	0.0	1.13758468137	0.0	0.0	0.0	0.0	0.0	0.0	0.00684155019165	0.0	0.0	0.0	1.32785571651	0.0	0.12281539357	0.0	0.0	0.0	0.0
unog96	0.0	0.0	0.0	0.0	0.0	0.0	-0.167644674784	0.0	0.0	0.0	-1.19187664881	-1.78088468617	-0.482321087173	-2.46223065113	0.0	0.0	0.0	0.0	0.0	0.263433644796
unog97	0.0	0.0	0.0	0.0	-1.83389764724	0.0	0.0	0.0	0.0	0.0	0.0	0.0	-0.184025390488	0.0	0.0	1.9285846531	0.0	0.0	0.213056108043	0.0
unog98	0.399205502055	0.0	-1.72320724989	0.0	-0.108178165879	0.0	0.0	0.0	-0.51437015772	0.0	0.0	0.533899949716	0.0	0.0	0.0	0.0	0.0	0.0	0.0	0.0
unog99	0.0	0.0	0.0	0.0	0.0	0.0	0.0	0.0	0.0	0.0272165911379	0.0	0.0	0.0	0.287929635638	0.0	0.61169963396	1.4558257017	0.563705558136	0.0	0.0
unog100	0.0	0.0	0.0	0.0	-0.317899554584	0.0	0.0	-0.107949405331	0.0	0.0	0.0	0.0	0.0	-1.29905736505	0.0	-1.28084116845	0.0	-0.207098713002	0.0	0.0
unog101	0.0	0.0	0.0	0.0	-0.123643030068	0.0	0.0	-1.03160612871	0.944744418765	0.0	-0.54821044809	0.0	0.0	-0.310146805716	0.0	0.0	-1.03846443477	0.0	0.0	0.219289321592
unog102	-0.559404204814	0.0	-0.761887997523	0.0	0.0	0.0	-2.22996733804	0.0	0.0	-1.93062088104	0.0	0.0	0.0	0.0	0.162784666151	-1.13308420755	-0.300322627072	0.0	0.0	0.765732949553
unog103	-0.0276881916762	-0.660840356303	0.0	0.0	0.0	0.0	-0.297193058011	0.0	0.246270621894	0.0	0.0	-0.137301466699	0.0	0.0	1.15565373975	0.0	0.0	0.0	0.0	0.0
unog104	0.0	0.181677951672	0.0	0.0	-1.28798302276	0.0	0.0	-0.471684214896	-1.57853646774	0.0	0.0	0.0	0.650799706728	0.0	0.0	-0.903455525881	-1.71899076403	0.0	0.0	0.419383738534
unog105	0.0	0.0	0.0	0.0	0.289289353962	-0.778735708918	0.0	0.0	0.0	0.0	0.0	0.753568291259	0.0	0.0	0.0	0.0	0.0	0.0	0.0	0.0
unog106	0.0	0.0	0.0	-1.58580512815	0.0	-0.601112877655	0.0	0.0	0.0	0.0	0.0	-2.02270640394	0.0	0.0	0.0	0.0	0.0	0.180810018636	0.0	0.0
unog107	-0.913715351709	0.0	0.0	0.420729833222	0.964102624054	0.0	0.0	0.0	0.0	0.0	0.0	0.0	-0.541972589137	0.123986684607	0.0	0.0	0.033000348646	1.42623086105	0.0	0.0
unog108	0.0	0.0	0.0	0.0	0.0	0.95358143913	0.0	0.0	0.0	0.0	0.0	0.0	0.0	0.0	0.0	0.0	0.0	0.0	0.0	0.0
unog109	0.0	0.0	0.0	0.0	0.417020271233	0.0	0.0	0.0	-0.169812026013	0.0	0.0	0.0	0.0	-0.774808229939	0.0	0.0	0.0	0.0	0.481401133415	0.0
unog110	0.0	1.03705738267	-0.273802972509	0.0	-1.23997680297	0.0	0.0	0.0	-0.309677831684	0.0	0.0	0.0	0.0	0.0	0.0	0.0	0.0	-1.87527915221	0.0	0.0
unog111	0.0	1.50393927199	0.0	-0.41389729225	0.0	0.0	0.0	0.0	0.0	0.0	2.30158354819	0.0	-0.463437767035	0.0	0.0	0.119833591293	-1.47476315114	0.0	0.0	0.0
unog112	0.0	0.0	0.0	1.29312347577	0.0	0.0	0.0	0.0	0.0	-1.19332609057	1.25243900522	0.0	0.0237025207515	0.0	0.0	0.0	0.0	-0.671075017731	0.513262203035	0.0
unog113	0.0	0.0	0.0	0.0	0.0	0.0	0.0	1.09749130845	-0.576466192499	0.0	0.751107272698	0.0	0.0	0.0	1.80454091226	0.0	0.0	0.181895372374	0.0	0.0
unog114	0.0	0.0	0.0	0.0	0.0	0.0	0.0	0.0	-1.40193658727	0.702253094304	0.0	0.0	1.55680395266	1.36187936559	0.0	0.0	0.0	0.0	0.0	0.0
unog115	0.0	0.0	0.0	0.0	-1.51059586291	0.0	0.0	0.0	0.0	0.0	0.0	0.0	0.0437698449833	0.0	0.0	0.0	0.0	0.0	0.0	-0.24340682566
unog116	0.0	0.0	0.0	0.0	0.0	0.0	0.0	0.248017531134	1.37634163863	1.44381766899	0.0	0.0	0.0	0.0	0.0	1.31418139916	0.0	0.0	1.926255167	0.0
unog117	0.0	0.268832203692	0.0	0.0	0.0	-0.840978617158	0.0	0.0	0.0	0.0	0.0	-1.59812845854	-0.725825205204	0.889678305495	0.0	0.0	0.0	0.527617602854	0.0	0.0
unog118	0.0	0.0	0.0	0.0	0.0	0.0	0.0729976845708	0.0	0.0	0.0	0.0	0.0	0.666419323562	0.0	0.0	0.0	0.0	0.0	0.266214187876	0.0
unog119	1.57597462752	0.0	0.0	0.0	0.0	0.0	0.0	0.89117994319	0.0	0.0	0.0	0.125899713077	0.0	0.0	0.0	-0.418114441407	0.0	0.0	0.0	0.0
unog120	0.0	0.0	0.0	0.0	-0.777444264351	0.0	0.0	-0.80044950036	0.0	0.0	0.0	1.15335722922	0.0	0.0	1.11280765201	0.0	0.0	0.0	-1.63684683768	2.10158544148
unog121	-1.56011433592	0.0	0.0	0.0	0.0	0.0	0.0	0.0	0.833903563122	0.0	0.0	-0.677276139901	0.00149800746623	0.0	-0.0192281366268	0.0	0.707071896192	0.0	0.233884707031	0.0548878655909
unog122	0.0	0.0	0.0	0.0	0.0	0.0	0.0	0.0	0.0	1.12177718536	-0.772310880255	0.0	0.0	-0.24884914204	-0.28108486686	0.0	0.0	0.547887740305	0.0	0.213285500794
unog123	0.0	-1.99293862341	0.0	0.0	0.0	0.698853535062	0.0	0.115085890057	0.0	-1.01000533913	0.0	0.0	0.0	0.0	0.444268272411	0.0	0.0	0.0	-0.474891240836	0.0
unog124	0.0	0.0	0.88962825587	-1.50555383578	0.0	0.750144875689	0.0	0.0	0.23894097561	0.463175060135	0.777967692986	0.0	0.0	0.0	0.0	0.0	0.0	0.0	0.0	-0.843436831907
unog125	-1.83333292516	0.0	0.0	0.0	0.0	0.0	0.0	0.0	0.0	0.0	0.0	0.0	-0.596143856654	0.0	-0.103926831783	0.252801535623	0.0	0.0	-2.03379206239	0.0
unog126	0.0	0.0	0.0	0.0	0.0	-0.660591705224	0.587552096044	0.0	0.0	0.0	0.0	0.0	0.0	0.0	0.0	0.0	0.0	0.0	0.0	0.0
unog127	0.0	0.0	-1.76094073165	0.0	0.0	-0.142818280735	0.0	0.0	0.0	0.965090146898	0.0	0.0	0.711297597073	0.0	0.0	-0.204787324116	0.0	1.31471505132	0.335597733431	0.0
unog128	1.05943095873	0.0	0.0	0.0	0.0	0.0	0.0	0.0	0.333666654461	0.0	0.0	-0.649844402467	-0.548245185713	0.0	-0.350032672966	-1.00656805628	0.0	0.0	0.0	0.0
unog129	-0.213336871087	0.0	0.220126728936	0.0	0.0	0.225467530862	0.0	0.0	0.0	0.0	2.16158431754	0.0	0.0	0.0	0.0	0.0	-0.866608147262	-0.622420425913	0.0	-0.00869689980792
unog130	0.0	0.0	0.0	0.0	0.0	0.0	0.0	0.0	0.0	0.0	0.0	-0.399565221184	0.0	0.0	0.0	0.538410823935	0.0	0.0	0.0	0.0
unog131	0.0	0.0	0.0	0.903102646223	0.0	0.0	0.0	0.0	0.0	0.0	0.0	0.0	-1.79401159582	-0.61748092615	0.657498314423	0.0	0.478372543917	0.266442122907	0.480332785829	0.0
unog132	0.932645453511	0.0118108295079	-1.39668318543	0.0	0.0	0.0	0.0	0.0	0.0	0.0	0.0	0.853295970081	0.0	0.0	0.0	0.0	0.0	0.0	0.0	0.0
unog133	0.0	0.351616898825	-1.29481701956	-1.38212854285	0.0	0.0	0.0	0.0	0.321698568004	0.0	0.0	0.0	0.0	0.0	0.0	0.0	0.0	0.0	-0.199776193446	0.341661003743
unog134	-0.236463323814	0.0	0.0	-1.77545587627	0.0	0.503901945455	0.0	0.0	0.0	0.0	0.0	0.0	0.0	0.0	0.0	0.133522702853	0.0	0.0	-0.437676472439	0.0
unog135	0.0	0.0	0.0	0.0	0.0	-1.60265828881	0.0	0.0	0.0	0.0	-2.06902295979	0.0	0.0	0.0	0.0	-0.920055847881	0.352251706533	0.0	1.21637019959	0.0
unog136	0.0	0.0	0.0	0.0	0.0	-0.659044722414	1.05505771983	0.0	0.0	1.30699258036	0.0	0.0	-3.15774481061	0.0	0.0	-0.489967524882	0.0	0.770658226697	0.0	-0.3530482622
unog137	0.0	0.0	0.0	-0.0635815559189	0.0	0.0	0.0	0.0	0.0	-1.57682454317	0.0	0.0	0.0	-1.2303393629	0.0	0.0	0.0	-0.886901002371	0.0	-1.17829885747
unog138	0.0	0.0	0.0	0.0	0.0	0.0	0.0	-1.56389965582	0.0	0.0	0.0	0.0	0.0	0.0	-0.00897848038246	-1.99452462604	0.0	0.0	-0.822621438354	0.0
unog139	0.0	0.0	0.0	0.0	0.0	-1.02332134266	0.0	2.66078973621	0.0	0.602251465324	0.774249365379	0.0	0.0	0.0	0.0	0.0	0.363108839278	0.0	1.38656325212	0.0
unog140	0.0	0.0	0.0	0.370459054733	0.0	0.0	0.0	0.0	0.0	0.0	0.0	0.105948940659	0.0	0.665017072211	0.0	1.01178418489	0.201201996318	0.0	0.0	0.0
unog141	0.0	0.594019088699	0.0	0.0	0.0	0.0	0.0	0.0	0.0	0.0	0.888874292419	-0.971288175043	0.0	0.0	-0.0669498588745	0.0	1.45288674615	0.0	0.0	-0.0507329572966
unog142	0.0	0.0	1.32303881636	0.0	0.0	0.0	0.0	0.0	0.0	0.556940573584	0.0	0.0	0.0	0.0	0.0	-0.0862936086545	0.0	0.0	0.0	0.0
unog143	0.0	0.0	0.0	0.0	1.31456888465	0.0	0.0	-0.795618562444	0.0	0.353430171993	0.0	0.245959405629	-1.81514513573	0.0	0.0	2.16168070913	0.0	0.0	0.601636495992	0.0
unog144	0.0	0.0	0.0	0.0	0.0	0.881362667795	0.0	0.0	0.0	0.207845854229	-0.5762392061	0.0	0.0	0.0	0.0	1.03076804143	0.0	-0.43243017502	0.860995691948	0.0
unog145	0.0	1.65346788821	0.0	0.419954803681	-0.707714227483	0.0	0.718895921195	0.0	1.54536427005	0.0	0.0	-0.121761993784	0.0	0.0	0.0	0.0	0.0	0.00559529521375	0.0	0.0
unog146	0.0	-1.40979829725	0.0	0.0	0.0	-0.749432197485	0.0	-0.696850747658	1.9155404734	0.0	0.0	0.0	0.0	0.0	1.54976586818	1.62487566575	0.0	0.0	0.0	2.25705156706
unog147	0.0	0.0	-1.43911918545	0.0	0.0	0.0	0.0	0.0	0.0	0.0	0.0	-1.43989275406	0.0	-1.06048918741	0.0	0.0	0.0	0.0	0.0	0.0
unog148	0.27791685429	0.0	0.0	0.0	0.0	0.0	1.06397564374	0.114080290527	0.0	1.27111241693	0.0	0.0	0.0	0.219474937515	0.0	0.0	0.0	0.0	0.0	0.0
unog149	-1.27405251686	0.0	0.0	0.0	0.0	-1.26765885732	0.0	0.0	0.0	0.0	0.0	-0.142931087039	0.0	-0.537691008118	0.0	0.0	0.0	0.0	0.0	0.0
unog150	0.0	0.0	0.0	0.0	0.0	0.0	0.0	0.0	0.0	0.0	0.0	0.0	0.874962429176	0.419034368484	0.0	0.0	0.0	0.0	0.0	0.0
unog151	0.0	0.0	0.0	0.410593901505	0.0	0.793734779926	0.0	-1.31342267931	-0.546183968625	-0.386604570135	0.0	0.874381342493	0.0	0.0	0.0	0.0	0.117411950936	-1.88087298103	0.0	0.0
unog152	-1.93258242711	0.79738942147	0.0	-0.597375705749	0.0	0.192524416472	0.432822398195	0.0	0.0	0.602995379199	0.0	0.0	0.0	0.0	0.0	0.0	0.0	0.0	0.0	0.0
unog153	0.0	0.0	-0.41180481236	0.0	-0.392191051879	0.0	0.0	0.0	0.0	0.392284067868	0.0	0.0	0.0	0.0	0.0	0.0	0.0	0.0	0.0	0.0
unog154	-0.252998934265	0.0	0.0	0.0	0.0	0.0	0.0	0.0	0.193222462515	0.0	0.0	0.0	-1.34056427536	0.0	0.0	1.53570834092	0.0	1.04195318237	0.0	0.0
unog155	0.0	0.637161353091	0.0	0.0	0.0	0.0	-0.753401738927	0.0	0.0	0.0	0.0	0.0	0.0	0.0	0.0	0.0	0.0	-0.884299563671	0.0	0.0
unog156	0.0	0.0	0.0	0.0	0.366405193135	0.0	-2.14008848336	0.0	0.0	0.0	1.93548210017	-0.0933643264816	0.868956371453	0.0	0.0	0.0	0.0	0.0	0.126301292134	-0.206229124589
unog157	0.0	0.0	0.0	-0.617517707929	-0.229079687233	0.0	0.0	0.0	0.0	0.674507687849	1.10525689556	0.0	-0.463710754907	0.0	0.0	0.0	0.0	0.0	-1.67427637641	0.0
unog158	0.0	-0.655150175243	0.0	-1.4202612068	0.0	-0.709005653433	0.0	0.0	0.0	0.0	0.0	-0.606844190608	0.0	0.0	0.0	0.0	0.0	0.0	0.0	0.204047524611
unog159	0.0	1.73763428762	0.0	0.0	0.0	0.0	0.0	0.0	0.0	0.0	0.0	0.0	-0.240717275661	0.0	0.0	-0.837727751907	0.0	0.0	0.0	0.0
unog160	-1.35527593571	0.0	0.91013627526	-0.0340522875671	0.0	0.0	0.0	0.0	0.0	-1.15548772838	0.0	0.0	0.0	0.0	0.0	0.0	0.0	-1.32229590103	0.0	0.587568576104
unog161	-0.130071153657	0.0	0.0	0.0	0.0	0.0	0.0	-0.518386742039	-0.279329233637	0.0	0.978081489759	0.0	-0.477896751246	0.0	1.24760651967	-1.05381709517	0.0	0.0	0.0	0.0
unog162	0.233275115257	0.0	-0.159142488042	0.0	0.0	0.0	0.0	0.0	0.0	0.0	0.0	0.0	0.0	2.53073661914	0.0	0.0	0.0	0.484400841208	0.0	0.0
unog163	0.0	-0.323820205458	0.0	0.0	-0.255425054861	0.0	0.0	0.0	0.0	0.0	0.0	0.0	0.0	0.0	0.0	0.0	0.552402421079	0.0	0.0514750976898	1.04763071715
unog164	0.0	0.0	-1.19767074407	0.0	0.0	-0.36900470337	0.0	0.0	0.0	0.0	0.0	0.0	0.0	0.0	0.0	0.0	0.0	0.0	0.0	0.522296624164
unog165	0.0	0.0	0.0	0.0289390071859	0.0	0.0	0.0	0.0	0.0	0.0	0.0	-1.55622850581	0.0	0.0	0.0	0.843212282187	-0.295623984581	-0.912014731777	0.884380402499	0.0
unog166	0.0	0.0	-0.657118264514	0.0	0.0	0.0	0.0	0.0	0.0	0.0	1.04553095795	0.0	0.0822541017523	0.0	0.0	0.0	0.0	-0.00585191138975	0.0	0.0
unog167	-1.45748732579	0.0	-1.82371681872	0.0	0.0	-2.352745207	0.0	0.325588191471	0.0	0.0	0.0	0.0	0.0	0.0	-0.192341075263	0.0	0.0	0.743216666575	0.0	0.0
unog168	0.0	-0.0579472051749	0.0	0.0	-0.497457290803	0.0	0.185355708598	0.0	-2.07539281119	0.0	1.01601225756	0.0	0.0	0.0	0.0	0.0	0.0	0.0	0.0	0.0
unog169	0.0	0.861552276824	0.0	-0.533115701458	0.0162009572945	-1.36769508711	0.0	0.0	0.0	1.1132931215	-0.977969546931	0.0	0.0	-0.28952314329	0.0	0.0	0.0	0.0	0.0	0.0
unog170	0.345225719878	0.0	0.0	0.0	0.0	0.0	0.0	0.0	0.297774370634	0.0	0.0	0.0	0.0	0.0	0.0	0.0	0.0	0.0	-0.416578115727	-0.57779762629
unog171	0.0	0.141042721408	0.0	0.0	0.0	0.0	-0.83760987611	0.0	0.0	0.0	0.0	0.0	0.0	0.0	0.0	-0.6190449475	0.0	0.0	0.0	0.0
unog172	-1.85407980589	0.0	0.0	0.0	0.0	0.0	0.0	0.0	0.0	0.0	0.0	0.0	0.0	0.0	0.513123904056	-0.23471594367	0.0	0.0	0.0	0.594781208918
unog173	0.0	0.0	0.0	0.0	0.0	0.0	0.0	0.0	0.0	0.0	0.705597879631	0.0972116660591	0.0	0.0645984009202	0.0	0.0	0.0	0.0	0.870103694571	0.0
unog174	0.0	0.0	0.0	0.0	0.0	0.0	0.0	0.0	0.0	0.0	0.0	0.810460825224	0.0	0.0	-0.330202143209	0.0	0.0	0.0	1.47968186073	0.0
unog175	0.0	0.0	0.0	0.0	-0.186562531854	0.311626666615	0.0	0.0	1.99653740142	0.0	0.0	0.0	0.0	-1.0812954631	-1.69396368193	-1.49913891307	-0.595053870386	0.0	0.0	2.00217707386
unog176	0.356015797117	0.0	0.0	0.0	-0.323459536741	0.0	0.0	0.0	0.932479332512	0.0	0.0	0.0	1.92590776499	0.0	0.0	0.0	0.0	0.0	0.0	0.0
unog177	-0.88569242999	0.79770111026	0.0	0.0	0.0	0.0	0.0	0.0	0.043390987866	0.0	0.0	0.0	0.0	0.0	-0.167335442255	1.06612484668	-2.1561050011	0.0	0.0	-0.923824256885
unog178	0.0	-1.29027990964	0.0	0.0	0.0	-1.51660901504	0.0	0.0	0.21566894476	0.0	0.0	0.0	-0.129849319839	0.0	0.724173719393	0.0	0.0	0.0	0.0	0.0
unog179	0.0	0.61361772096	0.0	0.0	0.0	0.0	0.0	-0.852116378887	0.0	0.0	0.0	0.0	0.0	0.0	0.0	0.0	0.0	0.202620484947	-2.09604905145	0.0
unog180	0.0	0.507052769045	0.0	0.0	0.0	0.523196987869	0.0	0.0	0.0	0.0	0.0	-1.53792086163	1.10674853276	0.0	0.0	-0.868189416717	0.0	0.0	0.0	0.0
unog181	0.0	0.0	0.0	0.203294571448	0.342306155876	0.0	-0.294150701026	0.0	0.945742124189	0.0	0.0	0.0	0.0	0.0	0.0	0.149114513116	0.0	0.0	1.91922910151	0.0
unog182	0.0	0.0	0.0	0.0	0.212720911793	0.0	0.0	0.0	0.0	-0.3966911373	0.0	0.0	0.0	0.0	0.0	0.0	0.0	0.0	0.0	-1.08887352966
unog183	0.359761360332	0.0	0.0	-0.398741130586	-0.143482235207	0.0	0.0	0.0	-0.283001821092	0.0	0.0	0.0	0.0	0.672724419399	0.0	0.0	0.0	-0.238122333984	0.036588095028	0.0
unog184	0.0	0.0	0.0	0.0	0.0	0.212586199335	0.0	0.0	0.0	0.0	0.0	0.0	-0.278823194974	-0.148646274485	0.0	0.0	1.59230990787	0.0	0.0	0.0
unog185	0.0	-0.857866761933	-2.17020945481	0.0	0.0	0.0	1.56099863189	0.0	0.0	0.0	0.0	0.0	0.0	0.396174611785	0.0	0.0	0.0	-0.132179240708	0.0	0.0
unog186	0.0	0.0	-0.0944060466824	0.41745768103	0.0	0.0	0.0	0.0	-0.335567544562	0.0	0.0	0.241226947552	0.0	-1.14451077911	0.0	-1.0207214293	0.0	0.0	0.0	0.0
unog187	-0.795166581338	0.0	0.0	0.0	0.0	-0.0163028200968	0.0	0.0	-0.542087932579	0.0	0.0	0.0398546573825	0.0	0.0	0.0	1.10378124593	0.0	0.0	0.0	0.0
unog188	0.0	0.0	-0.403368905273	0.0	0.0	0.0	-0.0218272783955	0.0	0.0	0.0	0.0	0.0	0.0	0.0	0.0	0.0	0.0	0.0	0.0	0.720343516918
unog189	0.0	0.0	0.0	0.0	-0.148753150618	0.0	0.0	0.567981157109	0.0	-0.898989130286	0.0	0.0	0.0	0.0	0.0	0.0	0.0	-0.190831543163	0.0	0.0
unog190	0.0	0.0	-1.31591125151	0.0	0.0	0.910725626583	0.0	0.0	0.0	0.0	0.0	0.0	0.0	0.0	0.0	0.0	0.0	0.0	0.0	0.0
unog191	0.0	0.0	0.0	0.0	0.0	0.0	0.0	0.0	0.0	0.0	0.0	0.465940592711	0.0	0.0	0.372370865668	0.0	0.0	0.0	0.0	0.0
unog192	0.0	0.0	0.528875007463	0.0	1.21078921901	-0.778246562503	0.0	0.812088674037	0.0	0.0	-0.864324614882	0.0	0.0	0.0	0.172066199426	0.0	0.0	0.0	-0.644087823621	0.0
unog193	0.0	0.0	-0.487319238654	0.997776294631	0.0	0.0	0.0	0.0	0.0	0.0	0.0	0.0	0.0	-0.57496022143	0.0	0.0	0.0	0.0	1.06646318418	0.0
unog194	0.0	0.582441352791	0.0	0.0	-2.2407176229	0.0	0.0	0.0	0.0	0.0	0.0	0.0	0.0	0.0	0.0	0.0	0.0	0.0	0.0	0.0
unog195	0.0	0.0	0.0	0.0	0.0	0.0	0.0	0.0	0.0	0.0	0.0	0.0	0.0	0.0	0.0	0.0	0.0	-0.402905441054	0.487484006287	0.0
unog196	0.0	1.52396803056	0.0	0.0	0.0	0.101979919929	0.0	0.0	0.0	-1.99758029683	0.772984479925	0.0	0.0	0.0	0.0	0.0	0.210373967348	0.601871503229	0.0	-0.245677707705
unog197	0.0	-0.829480738104	0.0	-0.180048056162	0.0	0.0	0.259762819763	0.0	0.0	0.0	0.0	0.0	0.0	0.0	0.0	0.0	2.23406370877	0.0	0.0	0.0
unog198	0.0892950787597	0.0549092043978	0.0	0.0	0.0	0.0	0.0	-0.43364379022	0.0	0.0	0.366246597593	0.0	0.0	0.0	0.0	0.0	0.804838913163	0.272053457629	0.0	0.0
unog199	0.0	0.0	0.0	0.0	0.0	0.286951580891	0.0	0.0	0.0	0.0	0.0	-0.966592659661	0.0	0.0	-0.229736496249	-0.473772082318	2.14395183905	0.0	0.0	0.0