unot0	unot1	unot2	unot3	unot4	unot5	unot6	unot7	unot8	unot9	unot10	unot11	unot12	unot13	unot14	unot15	unot16	unot17	unot18	unot19
unot0	0.0	0.0	0.0	0.0	0.0	0.0	0.0	0.178274170417	0.848113630631	-0.28407777794	0.0	0.0	0.0	0.0	0.0	0.0	0.0	0.0	-0.356703395672	0.0
unot1	0.0	0.952126476738	0.0	0.0	0.0	0.0	0.0	0.0	0.0	0.0	0.0	0.0	0.0	0.0	0.0	-0.787427720149	0.0	0.395870392133	0.853088014046	0.0
unot2	0.0	0.0	0.0	0.0	0.0	0.0	0.0	0.0	0.330690117819	-1.51456930793	0.0	0.0	0.0	0.728668296247	0.0	0.0	0.0	0.0	0.474924182934	0.0
unot3	0.0	0.0	-1.38664443785	0.0	0.0	-0.616588731865	0.0	0.0	-0.0343639594117	0.0	0.0	-0.593870415842	0.0	0.0	-0.413011920091	0.0	-0.261112475816	0.0	0.0	0.0
unot4	0.742333756841	0.482922848782	0.0	0.0	0.0	0.0	0.0	0.0	0.0	0.0	0.0	-1.34249953868	1.20622982075	0.0	0.489298959705	0.0	1.8320852463	0.0	0.0	-0.597799406781
unot5	0.0	0.0	0.578069040593	0.0	0.0	0.0	0.0	0.0	-1.09483554181	0.00257374682211	0.0	0.0	0.0	-2.64759724167	0.0	0.0	0.0	0.0	0.0	0.0
unot6	0.0	0.0	0.0	0.0	0.0	0.0	0.0	0.0	0.0	0.0	0.0	0.0	0.621875854217	0.0	0.0	-1.66289492263	-0.713217874701	1.52048551708	-0.569670482121	0.0
unot7	0.0	0.0	0.0	0.0	0.0	0.0	0.0	0.0	0.0	-0.253728994581	0.0	0.0	0.0	0.0	0.0	0.0	0.0	0.0	-0.868616380498	0.0
unot8	0.0	0.0	0.0	-1.6606271118	0.0	0.0	0.0	0.0	0.0	-0.531247886422	0.0	0.0	3.59061934844	0.332870173013	0.0	0.0	0.0	-1.1742768119	0.0	0.0
unot9	0.0	0.0	0.0	0.0	0.0	-0.343832175823	0.0	0.0	0.0	-0.143043912995	0.0	-1.39935072567	1.16412515538	0.0	0.0	0.0	-1.31377600538	0.0	0.0	-1.04297387028
unot10	0.983988820438	0.0	-0.223622546808	-0.289372056452	0.0	0.0	0.0	0.0	0.0	0.0	0.0	0.0	0.0	0.0	0.0	0.0	0.0	0.0	0.415133492469	1.66309705046
unot11	-0.945308323184	0.0	0.0	0.0	-1.43664596949	0.0	0.0	0.0	0.0	-0.395169073646	0.0	0.0	0.0	0.785816624614	0.0	0.0	0.0	0.516679358958	0.0	0.0
unot12	0.0	0.0	0.0	0.0	0.0	0.0	0.0	0.491788282476	-1.09767331929	0.0	-0.31620425773	-1.14678535577	0.0	0.0	0.209103750039	0.825913667483	0.0	0.0	0.0	0.0
unot13	0.0	-1.18210801983	0.0	0.0	0.0	0.0	0.0	0.0	0.0	0.0	0.0	0.0	0.0	0.0	0.0	0.0	0.0	0.0	0.0	0.0
unot14	0.0	0.0	0.0	-0.680610761054	-0.135429801866	-1.12157668107	0.0	0.0	0.490030057336	0.0	0.0	0.0	0.0	0.0	0.0	1.61532726584	1.25111216729	0.0	0.0	0.0
unot15	0.0	0.0	-1.21817393093	0.0	0.0	0.383154114509	0.0	0.0	-0.815305406969	0.0	0.0	0.0	0.945214259537	0.0	0.0	0.0	0.0	0.0	0.0	0.0
unot16	0.0	0.0	-0.138564708874	0.39033227473	0.460866451337	0.0	0.0	-0.508156978305	-0.767670433528	0.0	-0.564116211608	0.0	0.0	0.0	0.0	0.770926301215	0.0	0.0	0.0	0.0
unot17	-0.0920944216271	0.0	0.0	-0.794047726308	0.0	0.0	0.0	0.0	0.0	0.0	0.0	0.547303145444	-1.68149218689	0.0	0.664781789485	0.0	0.0	0.0	0.530858042725	0.0
unot18	-0.138894659988	0.0	0.0	0.152147033167	0.0	0.0	0.0	-0.952234929675	0.0	0.0	0.0	0.742641686469	0.0	-1.06818043741	0.0	0.0	0.0	0.0	0.0	0.0
unot19	-0.718281168814	0.0	0.0	0.0	0.0	0.0	-1.47725470959	0.0	0.0	0.0	1.81543841427	0.0	-0.658731856859	0.0	0.0	0.0	0.0	0.0	0.0	1.24958231593
unog0	0.0	0.0	0.0	0.0	0.0	1.12260943823	-0.107498597014	-1.6158614348	0.407184970819	0.0	0.138986360823	0.0	0.0	1.31402082819	0.0	0.0	0.0	0.457807615625	0.0	0.0
unog1	0.0	0.0	0.0	0.0	0.0	0.0	0.0	0.0	1.04238354498	0.0	0.0	0.0	0.0	0.0	1.53973019282	0.0	0.0	0.0	0.0	-0.391758644228
unog2	0.0	-1.20786323662	0.0	0.0	0.0	0.0	0.0	-0.901739621347	-0.0708933413251	0.0	0.848231921902	0.181259921633	0.0	0.0	0.0	0.0	0.118292261172	0.0	1.11601617071	0.0
unog3	0.0	0.0	0.395363891083	0.0	0.0	0.0	-0.940257796475	1.64736349545	0.0	0.0	0.0	0.0	0.156152633597	0.0	0.0	0.0	0.0	0.0	0.0	0.0
unog4	0.200278381258	0.946042514404	0.0	0.0	0.0	0.0	0.0	0.0	-1.06907613034	0.0	0.0	-0.482517159244	0.0	-0.0046502423136	-2.54217685808	0.0	0.0	0.0	0.0	0.0
unog5	0.0	0.0	0.0	0.0	0.0	0.0	0.0	0.0	0.0	0.0	0.0	0.0	0.163377930439	2.55501054489	0.0	-0.202751564802	0.963664449085	0.0	0.0	0.0
unog6	0.0	0.0	0.0	0.0	0.0	1.8663036626	0.0	0.0	-0.787493831215	0.0	0.0	0.0	-0.172094029021	0.0	0.0	0.0	0.0	0.0	0.0	0.0
unog7	0.0	0.0	0.0	1.31491312439	-1.0826771574	0.119072504268	0.0	0.0	0.0	0.0	-0.418559514652	-0.826324208303	0.0	0.0	0.0	0.0	-0.171889445892	0.503955054106	0.0	-0.404986204054
unog8	0.0	0.0	0.0	0.0	0.0	0.0	0.0	0.0	0.0	0.0	0.0	0.0	0.0	0.0	0.350845881867	0.0500624066447	0.0	0.239441523887	0.0	0.0
unog9	0.0	0.0	0.0	0.123839634946	0.0	0.0	-0.316205781175	0.0	0.0	0.0	1.57926885522	-0.969725564248	1.4087665006	0.0	0.0	0.0	0.0	0.0	0.0	0.0
unog10	0.0	0.0	0.169299152273	0.0	0.135280047523	0.0	0.0	0.0	-2.16959487551	0.0	0.0	0.0	0.0	0.0	0.0	0.0	-1.73638608571	0.0	0.0	0.0
unog11	-0.102505795375	0.0	-0.722265880446	0.0	-1.50791955729	-0.861225304925	0.438130761829	0.0	0.0	0.0	0.0	0.0	0.0	-2.23807938189	0.0	-0.0594491404763	0.0	0.0	0.0	-0.21170841506
unog12	0.0	0.384602154186	-1.28057573024	0.0	0.0	0.0	-1.12107673458	0.0	0.0	0.0	-0.44248813833	0.0	0.0802254352319	0.0	0.0	0.0	0.0	0.0	0.0	0.0
unog13	-0.218641510974	0.0	0.0	0.0	0.0	0.677696532417	0.593796945425	0.0	0.391932857589	0.0	0.0	0.0	0.0	0.0	0.0	0.187532294348	0.0	0.0	0.0	0.0
unog14	0.0	0.0	0.0	0.0	0.0	-0.315031988352	0.0	0.0	-1.67676747857	0.0	0.0	0.0	0.341225628451	0.0	0.0	0.0	0.97173095311	0.0	0.0	-0.257919632325
unog15	0.0	1.07660933174	0.0	0.0	0.0	-0.994290838282	0.0	0.0	0.0	0.0	0.0	0.0	0.0	0.0	0.0	0.0	0.0	0.0	0.0	-0.343652381493
unog16	-0.0791521877217	0.0	-0.413864191717	-0.381769141462	0.46292402261	0.0	-0.871432145333	1.17335626654	0.0	0.0	1.06232877357	0.0	0.0	0.54031523131	0.0551943222035	0.0	0.529285490507	0.0	0.0	0.0
unog17	0.160638790846	0.0	0.0	0.0	0.0	0.0	0.0	0.0	0.0	0.867347282623	0.0	0.0669392645417	0.0	0.0	1.48037507429	0.0	0.0	0.0	0.388119068104	-0.988895814192
unog18	0.0	0.0	-1.82539889349	0.725915417871	0.0	0.0	0.0	0.0	-0.777442178176	0.0	0.0	1.11947421407	0.0	-1.22732536349	1.0842098017	0.0	-1.32057466939	0.0	0.0	0.0
unog19	0.329411276745	0.0	0.0	0.118721068986	0.0	0.453669716657	0.490394751071	0.0	0.0	-0.641285809537	0.0	0.0	0.0	0.0	0.0	-0.879660593633	0.0	0.0	0.0	0.0
unog20	0.0	0.0	0.0	0.0	-1.03530865358	0.484105046593	-0.946205045638	0.0	0.154495118699	0.0	0.889402752496	0.0	0.0	1.0562052827	2.20109166604	0.0	0.0	0.0	0.0	0.0
unog21	0.0	-1.61359838095	0.0	0.0	-0.89057828681	-0.111819304915	0.0	0.0	-0.0871087227525	0.0	0.0	0.0	0.29767315745	-0.616830089721	-0.259554730179	0.0	0.0	0.0	0.0	0.0
unog22	0.0	0.0	0.0	0.0	0.0	0.0	-1.64082569988	0.0	0.0	0.0	0.0	0.0	0.0	0.0	0.0	0.0	0.0	0.0	1.14460301518	0.0
unog23	0.0	-0.997563184344	0.0	0.0	0.357934669937	0.0	0.0	0.0	0.0	0.0	0.0	0.0	-1.49058659453	0.0	0.0	0.0	-0.543558603282	0.0	0.137938933348	0.264587731259
unog24	0.0	-2.14157761636	0.0	-0.753338167709	1.43259332122	0.0	0.0	0.658635970539	-0.425139747958	0.0	0.0	0.0	0.0	0.0	0.0	0.0	0.0	0.0	0.0	0.0
unog25	0.0	0.0	0.0	0.0	0.0	0.0	0.0	0.0	0.0	-0.129736750437	0.0	-0.854624876958	1.39522492726	0.0	0.0	0.0	0.0	0.0	0.0	0.0
unog26	-0.612068993559	2.00216363017	0.0	0.0	0.0	0.0	0.295333979148	-1.3860432609	-1.58581412711	0.0	0.0	0.0	0.0	0.0	0.0	0.0	0.0	0.0	0.0	0.0
unog27	0.0	0.0	0.473834618954	0.0	-0.475355675951	0.0	-0.417575084405	0.0	0.0	-0.801436360977	0.859704808278	0.0	0.0	0.0	0.0	0.0	0.442691095598	0.393065312881	-1.29091719947	-1.18410533185
unog28	0.0	0.0	0.0	0.0	0.0	0.0	0.0	0.0	0.0	0.0	0.0	0.0	0.0	-0.13649882157	-0.467082268777	0.0	0.0	0.697428201815	-0.396039674776	0.0
unog29	0.0	-0.169487737389	0.0	0.0	0.0	0.0	-1.1905657846	1.53861489588	0.0	0.0	0.0	0.0	-1.18648878859	0.0	0.0	0.0	-0.89554718714	-0.596741886289	-0.817814619139	0.0
unog30	0.0	0.0	-0.904674026656	-1.65599437005	0.0	0.0	0.0	0.0	0.0	0.0	0.0	0.593883983808	0.0	1.80063353937	0.0	0.0	0.0	0.852198926817	0.0	0.0
unog31	0.0	0.0	0.0	0.0	0.0	0.0	-1.24913112848	0.0	0.0	0.0	2.11576837709	0.0	0.0	0.0	-1.17718433165	0.0	-1.92796235551	0.0	0.0	-0.369303625681
unog32	0.0	0.0	0.731231287518	0.0	0.0	0.0	0.886079162057	0.0	0.0	0.0	0.0	0.0	-0.0119162671864	0.0	0.0	0.0	0.0	0.0	0.0	0.0
unog33	0.452052596481	0.0	0.0	0.0	0.0	0.0	0.0	1.42989339585	0.0	2.75820094296	-1.42770363845	0.0	0.0	0.0	0.0	0.222911233214	0.0	0.0	0.0	0.0
unog34	0.0	0.0	0.0	0.0	0.0	0.0	0.0	0.0	0.0	-1.5931587903	0.0	0.0	-0.816056677921	-0.0423713582273	0.0	0.0	0.0	0.0	0.0	0.0
unog35	1.62262449739	0.0	0.0	0.0	-0.086046165434	0.0	0.0	0.0	0.822663365466	0.0	-1.07760442979	0.0	0.0187122745395	0.0	0.0	0.0	0.0	0.0	0.0	0.0
unog36	0.0	-0.750452504999	0.0	0.0	0.0	0.0	0.0	0.0	0.0	-1.01295783639	0.0	0.0	0.0	0.0	0.0	0.957637597543	0.0	0.0	0.0	0.0
unog37	0.0	0.0	0.0	0.0	0.0	-0.502230672925	0.0	0.0	-1.48485654704	0.0	0.0	0.0	0.0	0.0	0.0	0.0	0.0	-0.515885528905	0.631902142761	0.0
unog38	0.0	0.0	-0.485520377342	0.0	1.15569227544	0.0	0.0	-0.987516539626	-3.16815208322	0.0	0.0	-0.866010524261	0.515237141113	0.0	0.0	0.0	0.0	0.0	0.0	0.0
unog39	0.0	0.0	0.0	1.06291446069	0.0	0.0	0.0	0.0	1.4528306692	0.0	0.0	0.0	0.0	-1.09296018726	0.0	0.0	0.0	0.219598350317	0.0	0.0
unog40	0.0	-0.822354063569	0.0	0.0	0.0	0.0	0.0	0.770339184257	0.0	0.0	0.284814073527	0.0	0.0	0.0	0.0	-0.764010063508	0.0	0.0	0.543306119481	0.0
unog41	0.559180553469	0.0	0.0	0.0	0.0	0.0	0.0	-0.117184034369	0.0	0.0	0.0	0.472454389699	0.0	0.0	0.0	0.0	0.0	0.0	0.398462683733	0.0
unog42	0.0	1.21283426682	0.0	0.0	0.0	0.0	0.0	0.0	0.0	0.0	0.0	0.0	-0.0628302059119	-0.383672610729	0.219278048424	0.0	0.0	0.0	-0.821200723732	0.0
unog43	0.0	0.0	0.0	0.0	0.0	0.0	0.0	0.0	0.0	-1.06555115417	0.344164495432	0.0	0.783012143342	0.0	0.246618218631	0.0	0.0	0.107353165243	0.0	0.0
unog44	0.0	0.0	0.0	0.0	0.9385054725	0.0	0.0	1.19474113549	0.0	0.0	0.0	-0.761947117551	0.0	0.0	0.0	-0.00246003488649	0.0	0.0	0.0	0.0
unog45	0.0	0.0	0.414513357272	0.0878013556699	0.0	-1.03659342077	0.0	0.0	0.0	-0.553403661246	0.0	0.0	0.0	0.0	0.0862968179579	0.0	0.0	0.0	0.0	0.0
unog46	0.0	0.0	-0.436239907334	0.0	0.0	-2.4354489142	0.0	0.0	-2.00312797299	0.0	0.0	0.0	0.0	0.0	0.0	-0.136737471113	0.0	0.0	0.448428473207	0.0
unog47	0.0	-2.24239563976	0.0	0.0	0.0	0.0	0.0	0.0	0.0	0.0	0.0	0.0	0.0	0.0	0.0	0.0	0.0	0.0	0.0	-0.218763948122
unog48	-1.00320974601	0.617584699445	0.0	0.0	-0.207425168654	0.0	0.0	0.0	0.0	0.0	0.0	0.0	0.0	0.0801528051156	-1.27878525016	0.0	0.0	0.0	0.0	0.0
unog49	0.0	0.0	-0.862025224835	0.0	0.0	0.0	0.0	-0.391857842396	0.838076682698	-0.325228571592	0.0	0.0	0.0	-1.10964750002	-0.496925571797	-0.0523435111106	-0.91397067183	0.0	1.34400883606	0.0
unog50	0.0	0.0	0.0	0.0	0.0	0.0	0.0	0.0	-0.448187397467	0.0	0.0	0.0	0.0	0.0	0.0	0.0	0.0	0.0	0.0	-0.333408079867
unog51	0.0	0.0	0.0	0.0	-2.95344175475	0.0	0.0134570974755	0.0	0.0	0.454042303018	0.0	0.0	0.0	0.0	0.0	0.0	0.0	0.0	0.0	0.0
unog52	0.0	0.0	-1.44558063421	0.0	0.0	0.15744525931	-0.65836098176	0.0	0.268838188215	0.0	0.0	-0.163475624279	1.67581345742	0.0	0.0	0.82182729241	0.0	0.0	-0.482697525032	0.0
unog53	0.0	0.0	0.0	0.205669443683	0.0	0.0	-1.60303171244	0.0	0.0	0.0316049864934	0.0	0.919693377215	0.0	0.0	1.14351867998	0.0	0.0	-0.142504915608	-0.0525305579841	1.58181395223
unog54	0.0	0.0	0.0	0.0	0.0	0.0	0.0	0.0	0.0	-0.581513245264	0.0	0.0	0.0	0.0	0.0	0.72143149245	0.0	0.0	0.0	0.0
unog55	0.0514907924504	0.140381889291	0.0	0.0	-1.1717865928	0.0	-0.544782096085	0.0	0.0	0.0	0.0	0.0	0.0	0.0	0.0	0.0	0.0	-1.95494190116	1.34621133982	0.0
unog56	0.0	0.0	0.0	0.0	0.0	0.0	0.0	0.0	0.0	1.40898549721	0.037815103536	0.879725494204	-2.1353482622	0.373792256588	0.0	0.0	1.56261120961	2.08181562688	0.0	0.0
unog57	0.0	0.0	0.0	0.0	0.482927647871	0.0	0.0	0.0	0.0	-1.27863908323	0.0	-1.21082593562	0.0	0.0	-0.631349271762	-0.246480486663	0.0	-0.317636049965	0.0	1.03388204559
unog58	0.0	-0.622243710312	0.0	0.0	0.0	0.0	0.0	0.0	0.0	0.0	0.0	0.0	0.0	0.0	0.0	0.0	-0.35477382846	-0.502605487628	1.27381286322	0.0
unog59	0.0	0.129648421636	0.0	1.29246102882	0.0	0.0	-1.15149826556	0.0475385573733	0.0	0.0	0.0	0.0	0.0	0.0	0.0	0.0	0.0	0.0	0.0	0.197833456527
unog60	0.0	0.765375933588	0.0	0.0	1.91238021555	0.0	0.0	0.0	0.0	0.0	0.0	-0.279001119709	0.0	0.884768816223	0.0	-0.598677358862	0.116983590166	0.0	0.0	0.0
unog61	-1.98067663603	-0.189763943489	0.70351487765	0.0	0.0	-1.40518922919	0.0	1.01806533284	0.0134389293197	0.0	0.0	0.0	-2.20505482733	0.0	0.0	0.0	0.0	0.0	0.0	0.0
unog62	0.333375829211	0.0	0.0	0.57044962308	0.0	-1.00132232371	0.0	0.0	0.0	0.0	0.0	1.04431449198	0.0	0.0	0.0	0.0	0.0	-0.141509920056	0.0	0.0
unog63	1.1291623947	0.0	0.88809252173	0.0	0.0	0.0	0.0	0.0	0.0	0.0	0.0	0.928726576082	0.0	0.0	-0.82285391774	0.0980791893067	0.0	-0.401148929282	0.86941565768	0.0
unog64	0.0	0.0	0.0	0.0	0.0	0.0	0.0	-0.342462043614	0.0	-0.288826933968	0.0	0.0	0.0	-0.655204515437	0.0	0.0	0.0	0.0	0.0	0.0
unog65	0.0	0.0	-0.353156289486	0.0	0.0	0.0	-1.06893673379	0.0	0.0	0.0	1.39793744184	0.482039024347	-0.430625627468	0.0	-0.207983410435	0.0	0.0	0.486988691758	0.0	0.0
unog66	0.0	0.0	0.0	0.0	0.0	0.0	0.251962353854	0.0	0.0	0.0	-0.0505719171499	0.268296022394	0.0	-1.59618815377	0.0	0.0	0.0	0.0	0.0	0.0
unog67	0.0	0.0	0.119755317458	0.0	0.0	-0.572009812817	-0.072300699699	0.0	0.0	-0.221292713768	0.0	0.0	0.0	0.617351121089	0.0	0.0	0.0	1.23334929064	0.0	0.0
unog68	0.0	0.0	0.0	0.0	0.0	0.0	0.0	0.0	0.0	0.0	0.0	0.0	0.0	0.0	0.0	0.0	0.0	-1.46862793994	1.28341512459	1.31928506715
unog69	-0.00391094884763	0.0	0.0	-1.74761226394	0.0	0.0	0.0	0.0	0.0	-2.58008277851	0.0	0.0	0.0	0.0	0.0	-0.503981924425	0.0	0.0	0.0	0.0
unog70	0.0	0.0	0.0	-0.627112522998	-2.22520655744	0.0	0.0	-0.932245069724	-0.271024372237	0.0	0.0	-0.684034433971	0.0	0.0	1.13202322794	0.0	0.0	0.0	0.0	0.0
unog71	-0.649268348358	0.0	0.0	-0.0640581695686	0.0	0.0	0.0	0.0	0.0	0.0	0.0	0.0	0.0	0.0	-0.664246268711	0.0	0.0	0.854129508783	0.0	-0.610541287968
unog72	0.669685328563	0.0	0.0	0.0	0.284457392075	0.0	0.850446650064	-0.0196427354242	0.0	0.0	0.0	0.0	0.323565668932	0.830358239829	0.0	0.0	-0.708760310859	0.0	0.0	0.0
unog73	0.238302588331	-0.962877476343	0.396782848902	0.0	0.0	0.0	0.0	0.0	0.0	-0.704046314771	0.0	-0.30279204833	-0.361202860012	0.0	-2.6882568305	0.0	0.0	0.0	-0.483836523079	0.0
unog74	0.0	0.0	0.0	0.0	0.0	1.24351085902	0.0	0.0	0.0	0.0	0.0	0.0	0.0	0.0	0.0	0.0	0.0	0.0	0.0	0.0
unog75	0.0	0.299312251167	0.0	0.0	-0.0705842068519	0.0	0.414216047683	-1.3541155956	0.0	0.0	0.0	0.105760195639	0.0	0.0	-1.05478846661	0.0	0.0	0.0	1.91680933822	0.0
unog76	0.0	0.0	0.0	0.0	0.0	0.0	0.0	0.0	0.0	-0.442601356515	0.0	0.0	2.08840622156	-0.513982591254	0.0	0.0	0.0	0.0	-0.212938351451	0.0
unog77	0.0	0.0	0.0	0.0	1.72459385275	0.0	0.0	0.0	0.0	0.0	0.0	0.481247921937	-1.67861873983	-0.537867036988	-0.361567850457	0.0	0.0	0.0	0.0	1.07611649389
unog78	0.0	0.0	0.0	0.0	0.0	0.0	0.0	0.0	0.0	0.0	0.0	0.0	0.597862603253	-1.23840375023	0.0	0.0	0.0	0.0	-0.161559314109	-0.570789051181
unog79	0.0	0.0	0.0	0.0	0.0	0.355143485329	0.535122353743	0.0	0.0	0.0	0.0	0.0	0.0	0.0	0.0	0.0	0.0	0.0	0.0	0.0
unog80	0.0	0.0	0.0	0.0	0.0	0.0	0.0	0.0	0.0	0.0	0.0	-1.6614681927	0.0	0.0	-0.441457147942	0.662179774012	0.0	0.0	0.0	-0.211826526402
unog81	0.0	0.0	0.480547941304	0.0	0.0	0.0	0.0	0.0	0.0	0.950266211263	0.0	0.0	0.0	0.0	0.0	0.0	0.0	0.0	0.0	-0.0387884545014
unog82	0.0	0.0	1.27813650011	-0.597640558976	0.0	0.0	0.373927417623	0.0	0.0	0.0	0.0	0.0	0.0	-1.53181640101	0.0	0.0	0.0	0.0	0.194516531766	0.0
unog83	1.12390697802	0.0	-0.956263335285	0.0	0.0	0.0	0.0	0.0	0.0	0.0	0.0	0.0	0.0	0.0	-1.08937980785	0.0	0.0	-0.577109561109	0.0	0.961156638026
unog84	0.0	0.0	-0.509974580783	0.0	0.0	0.0	0.0	0.0	0.0	0.0	0.0	-0.211751635001	0.0	0.783967845062	0.0	0.0	0.0	-1.10346660735	0.0	-1.11204198464
unog85	0.0	0.0	1.16696827859	0.0	0.0	0.0	0.0	0.0	0.0	0.0	0.568753980248	0.0	0.0518198635501	0.0	0.0	0.0	0.0	0.0	0.0	0.0
unog86	0.0	0.0	0.0	0.0	0.0	0.0	0.0	0.0	0.695013906533	0.0960256810047	0.0	0.0	0.0	0.0	0.0	0.483593928542	0.0	0.0	0.0	0.0
unog87	0.0	0.0	0.0	0.0	0.0	1.44533136756	0.0	0.0	0.0	0.0	0.0	1.73525798255	0.0	0.0	0.0	0.0	0.0	-0.0144246473053	-0.540014759897	0.0
unog88	0.0	0.0	0.0	0.0	0.0	0.0	0.521056191595	0.0	0.0	0.0	0.0	0.0	0.0	0.0	0.0	0.0	0.0	-1.04811438983	-1.0723308053	0.0
unog89	0.0	0.0	0.0	0.0	0.0	-0.314530702027	0.0	-0.899451520424	0.0	0.0	0.0	0.0	0.0	0.0	0.0	0.0	0.0	0.0	0.0	0.0
unog90	0.0	0.0	0.0	0.809474974485	-1.0816146242	0.0	1.4334842069	0.0	0.0	0.0	0.0	0.0	0.0	0.0	0.234073933935	0.0	0.0	0.0	0.0	0.0
unog91	0.0466944291378	0.0	0.0	0.0	0.343779994748	0.0	-0.496200813325	0.0	0.0	0.679767167116	0.0	0.0	0.0	0.0	0.0	0.0	0.0	-0.279830275612	0.0	0.0
unog92	0.0	0.0	0.0	1.34617002154	0.0	0.0	0.0	1.19004687742	0.0	0.0	-1.52209033651	0.333472472739	0.0	0.0	0.0	0.0	0.0	0.0	0.0	1.5204230298
unog93	0.0	-0.181235813325	-1.05968451468	0.0	0.0	0.0	0.0	0.0	0.366622376718	0.0	0.0	0.0	0.0	0.0	0.0	0.0	0.0	0.0	0.0	0.0
unog94	1.04401032237	-0.298171152173	0.0	0.0	0.279253383835	0.0	0.0	0.0	0.0	0.0	0.0	0.0	-0.745552899041	0.0	0.0	0.0	0.0	0.749643619944	0.0	0.0
unog95	0.0	0.0	0.0	0.0	0.0	-0.417167398223	0.0	0.0	0.256025512701	0.380335050982	0.0	-0.241420787671	0.0	0.0	0.0	0.0	-0.278436950689	0.0	0.0	0.0
unog96	0.0	0.0	0.424265638292	0.102543479178	0.0	-0.202770796959	0.0	0.0	0.0	0.0	0.0	0.0	0.0	0.0	0.879913760992	0.0	0.0	-0.156573194175	0.0	0.0
unog97	0.0	0.0	0.0	0.0	1.6810254987	0.0	-1.42825244152	-1.58328875001	0.0	-0.567730652998	0.0	0.0	-1.20001433624	0.0	0.0	0.0	0.0	0.0	0.0	0.0
unog98	0.0	0.0	0.0	0.0	-1.6264543364	0.0	0.0	0.0	0.0	0.0	0.0	0.0	0.0	0.0	0.0	-0.0831402710199	0.0	0.0	0.150661196998	1.91650649951
unog99	0.0	0.0	0.0	0.0	0.0	2.42634241057	-1.64334143304	0.0	0.0	0.0	0.0	0.0	0.0	0.0	0.0	0.0	0.0	0.0	0.0	0.0
unog100	0.0	0.0	0.0	0.0	0.0	-0.570797400775	0.0	0.0	0.0	0.0	0.424379326539	0.241040280587	0.0	0.0	0.0	0.0	0.0	0.0	0.0	1.08806993782
unog101	0.0	0.0	0.0	0.0	0.0	-1.32155546224	0.0	0.0	0.0	0.0	0.0	0.328326952659	0.236983395941	-0.767177362396	1.14274438216	0.0	0.0	0.0	0.0	-1.51931193849
unog102	0.0	0.0	0.0	0.0	0.0	0.0	0.495737731027	0.0	0.0	0.0	0.0	0.0	0.0	0.0	0.0	0.0	0.0	0.0	0.0	-0.761957354561
unog103	0.0	0.0	0.0	0.0	0.0	0.0	0.0	0.0	0.0	0.0	0.521100298884	0.0	0.0	1.54819279985	0.0	0.694309689212	0.0	0.704227749942	0.185040186621	0.0
unog104	0.0	0.0	0.0	-0.718292323754	0.0	0.968952030515	0.0	0.0	0.0	0.0	0.0	0.0	0.0	-0.447258148906	0.0	0.0	0.0	0.0	0.23589286129	0.0
unog105	0.0	0.0	0.0	0.0	0.0	0.0	0.0	0.0	0.0	0.0	0.0	0.0	0.0	0.742287602322	0.0	0.0	0.0962616419401	0.0	0.0	0.0
unog106	-0.641918363832	0.0	0.0	0.0	0.0	0.0	0.0	0.0	0.0	0.0	0.0	0.0	0.0	0.0	0.0	-0.572492939893	-0.541817722652	0.0	1.31743460247	0.0
unog107	0.0	0.0	0.0	0.529347105597	0.144283781443	0.0	-0.629714739877	-0.00814492642683	0.0	0.0	0.0	0.0	0.0	0.0	0.0	0.0	0.0	0.0	0.0	1.30789269193
unog108	0.0	0.0	0.171690799119	1.6952906308	0.0	0.0	0.0	0.0	0.0	0.0	0.0	0.0	0.0	0.0	0.0	0.0	0.405530946663	0.0	0.0	0.0
unog109	0.0	0.0	0.0	0.0	0.0	0.0	0.0	0.0	0.0	0.0	0.0	0.0	0.0	1.06444358511	0.0	0.0	0.0	0.0	0.0	0.0
unog110	0.0	0.0	0.0	0.0	0.0	0.0	0.0	0.645299382451	0.0	0.0	0.0	0.0	0.0	0.0	-0.87186188956	0.0	0.0	0.0	0.0	0.0
unog111	0.0	0.0	0.52372551068	0.0	0.0	0.0	0.0	0.0	0.0	0.0	0.0	0.0	0.0	0.0	-0.945246194156	0.0	0.0	0.0	0.0	-0.286831963611
unog112	0.0	0.0	-0.364100202655	0.0	0.0	0.0	-2.19637977459	0.0	0.0	0.0	1.54450078731	0.0	0.0	0.0	0.0	0.0	-0.941019591783	-0.322790565307	0.0	0.0
unog113	0.0	0.79888589857	0.0	-1.99142493379	-0.133366081009	0.0	0.0	0.0	1.91327720744	0.0	0.0	0.0	0.0	0.0	0.0	0.0	0.0	0.0	0.0	0.0
unog114	0.104950357046	0.0	0.0	0.0	0.0	0.0	-0.800276469549	0.294060808515	0.320621757152	0.0	0.0	1.53379209637	0.0	0.0	0.0	0.0	0.0	0.0	0.0	0.0
unog115	0.0	0.193160358478	0.0	-0.742909662088	0.0	0.0	0.116250445742	0.0	0.846401072124	0.0	0.0	0.0	0.0	0.0	-1.04581432804	0.0	0.0	-0.00479573652979	0.0	0.0
unog116	1.9668909633	0.0	0.0	-1.08469183641	0.0	0.359320599578	0.0	0.0	0.0	-0.0266672450658	0.0	0.0	0.0	0.0	0.0	1.72368498086	0.0	0.0	0.0	-0.919953499557
unog117	0.0	0.0	0.0	0.0	0.0	0.0	0.0	0.0	0.0	-2.45888410883	0.0	0.0	0.206388276056	0.0	0.0	0.0	0.0	0.0	0.0	0.0
unog118	0.0	0.0	0.0	0.0	0.0	0.0	0.0	0.0	0.0	0.0	0.267445335511	-0.359589385436	0.920168534548	0.0	-0.421732007029	0.0	-0.333854127099	0.0	0.0	0.0
unog119	0.0	0.0	0.0	0.0	0.0	0.0	1.02798464881	0.0	0.0	0.0	0.0	0.0	0.0	-0.0939774462241	0.0	0.0	0.0	-0.343358137444	0.0	0.0
unog120	-0.0750285464348	0.0	0.0	-2.49342317255	0.0	0.0	0.0	0.0	0.0	1.38855339188	0.0	0.0	1.55961893526	0.0	0.0	0.0	-0.816692709739	0.0	0.0	0.0
unog121	0.0	0.67818491962	0.0	0.0	0.0	0.0	0.175302810025	0.0	0.0	0.0	0.0	0.0	0.0	0.0	0.0	0.0	0.0	0.0	0.0	0.0
unog122	0.0	0.0	0.0	0.0	0.0	0.0	1.0103308819	0.0	0.0	0.0	0.0	0.0	0.0	-1.19953885353	1.68953721981	0.0	0.0	0.0	0.0	-0.505362562958
unog123	0.512754376032	0.0	0.0	0.344856311382	0.850759905791	0.0	0.0	0.0	0.0	0.0	0.0	0.0	0.0	0.0	0.752797843844	0.0	0.0	0.0	0.0	-1.54512612333
unog124	0.0	0.0	0.0	0.0	0.0	-1.21007886316	0.0	0.0	0.0707034915794	0.0	0.0	0.0	0.0	0.0	0.0	0.0	0.0	-0.364810346161	0.0	0.0
unog125	0.0	0.0	-0.985711443517	0.0	0.0	0.0	-1.16180883634	0.0	-0.0768837427658	0.0	0.0	-1.18336593612	0.0607230208962	0.0	-1.06797723279	0.0	0.0	0.0	1.29703953925	0.0
unog126	0.0	-0.140082923597	0.0	0.374286668045	-1.0292075078	0.0	2.08573326405	-0.632538260169	0.282814948823	0.0	0.0	0.0	0.0	0.0	0.739666605439	0.0	-0.0212361459147	1.15011907148	0.0	0.0
unog127	0.0	0.0	0.0	0.0	0.0	-1.30222825649	0.0	0.0	0.0	-0.0496698263246	0.0	2.45320018513	0.0	0.0	-0.455457062467	0.0	2.27524762594	0.0	0.0	0.0
unog128	0.0	0.0	0.0	-0.346956753913	0.0	0.0	0.141947697656	0.0	0.0	0.332603724992	0.0	-0.52515256418	0.0	0.0	0.0	0.0	0.0	0.0	0.0	0.0
unog129	-0.814652785747	0.0	0.0	0.0	0.0	0.0	0.0	0.0	-0.486763574274	0.0	0.0	0.0	0.0	0.880318710021	0.0	1.50796417585	0.0	0.724831641487	0.0	0.0
unog130	0.0	0.0	0.0	-0.652581093279	0.0	0.0	0.0	0.0	-0.436814725264	0.0	-1.8664790198	0.0	0.593633081449	0.0	0.0	0.0	0.0	0.0	0.0	0.0
unog131	0.0	0.0	0.0	-0.0356480557282	0.330506332063	0.0	0.0	0.0	-1.73768252385	0.0	0.0	1.08719846406	0.0	0.0	0.0	0.0	0.0	0.0	1.68480765546	-0.734697240511
unog132	0.0	-0.655258848047	0.626338604148	0.0	0.0	0.0	-1.70206924159	0.0	0.0	1.48081038851	0.0	-1.34180389282	0.0	-0.709440002743	-2.14114824526	-0.461524158048	2.43988040742	0.0	-0.0794850734888	0.0
unog133	0.0	0.0	0.0	0.0	0.2060277482	0.0	0.0	-0.839854921367	0.0	0.0	0.0	0.0	0.0	0.0	0.0	0.0	0.0	-0.291174655816	0.0	-0.500763141498
unog134	0.0	-0.587083915068	0.0	0.0	0.0	0.0	0.0	0.0	0.0	0.0	0.0	0.0	0.0	0.0	0.0	0.679608242154	0.0	0.0	-1.57885868085	-0.479060218138
unog135	0.0956979882231	0.0	0.0	0.260114977458	0.0	1.1595151899	1.41489515755	0.0	0.0	0.0	0.0	0.0	0.0	1.52483889543	0.0	0.0	0.0	0.0	-0.410854668971	-0.768269148703
unog136	0.0	0.997668739549	0.0	0.0	0.0	0.0	0.0	0.0	0.0	0.142514910787	0.0	0.0	0.0	0.241317526141	0.0	0.0	0.0	-0.30197418842	0.0	0.0
unog137	0.594597029844	0.0	0.0	0.0	0.25959885636	0.0	0.0	0.0	0.0	0.0	0.0	0.0	0.0	0.0	0.0	0.0	0.0	0.889505206707	0.0	0.0
unog138	1.06112943073	0.0	-1.29191703232	0.0	0.0	-0.650500197697	0.0	0.0	0.0	0.0	0.0	0.0	0.0	-0.620135686197	0.0	0.0	0.0	0.0	-0.328252615512	0.0
unog139	0.0	0.0	-1.05340086282	-1.18176710602	0.0	-0.624964563938	0.0	-0.960984353151	0.0	-0.460644374705	0.0	0.0	-0.167114620496	1.42730634669	0.0	0.0	0.0	0.0	-0.766386191386	0.0
unog140	0.423753241098	0.0	0.0	0.0	0.0	0.575927294985	0.0	0.0	0.0	0.0	0.0	0.0	0.0	0.0	0.0	0.0	0.0	0.0	-1.29036948791	-0.776501257567
unog141	0.0	-2.40532643158	0.0	0.0	0.0	0.0	0.0	0.0	0.0	0.0	0.0	0.0	0.863383018648	0.0	0.0	1.66429610807	0.0	0.0	0.0	0.0
unog142	0.0	0.0	0.0641196703459	0.0	0.560198199449	0.0	0.0	0.617105594801	0.0	0.0	0.0	-0.22836631331	1.22172017103	0.0	0.0	0.0	0.635744132668	1.35318664956	0.0	-0.43384016819
unog143	0.00411706337164	-0.895045612342	0.0	0.0	0.0	0.0	0.0	0.0	0.0	1.50090751706	-0.178751920954	-0.634393273426	0.0	0.714387469699	0.0	0.0	-0.98535595781	0.0	1.99705298547	0.0
unog144	0.0	0.0	0.0	0.121411165501	0.0	0.0	0.0	0.811115055858	0.793209212595	0.0	0.0	0.0	0.0	0.0	-0.884741541374	0.33953496015	0.0	0.0	0.0	0.0
unog145	0.0	-1.26913727333	0.0	0.0	0.0	0.0	-0.530453115719	0.0	0.216740703002	0.0	0.0	0.0	0.0	0.0	0.0	1.27130611549	0.0	0.0	0.0	0.0
unog146	0.274234305532	0.0	0.0	0.0	0.0	0.0	0.0	-1.05150114405	0.0	0.0	0.0	0.0	0.0	0.0	0.0	0.0	0.0	0.0	0.0	-0.030180043638
unog147	0.0	0.758160818657	0.0	0.0	0.0	0.0	0.0	0.0	0.0	0.0	0.175951329689	0.0	0.0	0.0	0.0	0.0	0.0	0.646961648148	0.0	0.0
unog148	0.0	0.0	0.0	0.0	0.0	0.0	0.676652439829	0.0	0.0	1.45890842179	0.131423870076	0.0	0.0	-0.379412977113	0.0	0.0	0.0	0.0	0.0	0.0
unog149	0.0	1.85534539017	0.300909933823	0.0	-0.733936053578	0.991464532203	0.0	0.0	0.0	0.0	-0.183932199829	0.0	0.0	0.0911799039799	0.0	0.214278132241	0.0	0.0	0.0	-0.432444842743
unog150	0.0	0.0	1.92459925043	0.696971974867	0.0	0.0	0.0	0.227169478477	0.0	-0.402045354151	0.0	0.0	0.0	2.27727171966	0.0	0.0	0.0	0.0	0.0	0.0
unog151	0.0	-0.386601024354	0.0	0.0	0.101215859877	0.0	0.0	0.0	0.0	0.0	0.0	0.0	0.0	-0.986788285667	0.0	0.0	-0.929794897202	0.0	0.0	0.0
unog152	0.0	0.0	0.0	0.0	0.0	0.641263971998	0.0	0.0156601852299	-0.0400490020516	-0.906474054427	0.0	0.0	-0.210212264698	0.95292134352	0.0	0.478231255149	0.0	0.0	0.0	0.0
unog153	0.0	-1.70999188421	-0.0845121360352	0.0	0.0	0.0	0.113538752861	0.0	0.0	0.0	1.17071892575	-1.95577822908	0.0	1.48204661003	1.39005040627	0.567769523712	0.611855377781	0.0	0.0	0.0
unog154	0.0	0.0	0.0	0.0	0.0	0.0	0.0	0.137076193007	0.0	0.0	0.0	-0.200968654555	0.0	0.0	-0.9635007772	0.0	-1.75795406914	0.0	0.0	0.0
unog155	0.0	0.0	0.142552398205	0.0	0.0	-0.795716442997	0.0	0.0	0.646252615133	0.0	0.0	0.0	0.306372704743	0.0	0.0	0.0	0.0	0.416425140142	0.0	0.0
unog156	0.0	0.0	0.0	0.0	0.0	0.0	-0.285456358968	0.0	0.0	0.0	0.0	0.0	0.0	0.0	0.0	0.0	2.19850637994	-1.29173712802	0.0	0.0
unog157	0.0	0.0	0.0	-0.51253929072	0.0	0.0	-0.47902707334	0.0	0.0	0.0	0.0	0.0	0.0	0.0	0.0	0.0	0.0	0.0	0.110770153636	0.0
unog158	1.05420734741	0.26681891669	0.0	0.0	-1.34372791233	0.0	0.0	0.0	0.0	0.0	0.0	0.0	0.0	0.0	0.0	0.0	-0.221870489368	0.0	0.0	0.0
unog159	0.0	0.0	0.0	0.0	0.0	-0.216437209688	0.0	0.0	0.0	0.0	-0.0823824314091	1.72449303103	0.0	0.0	0.0	0.0	-1.72492954821	0.0	0.0	0.0
unog160	0.0	0.0	1.01783573815	0.475434094067	1.2421086226	0.0	0.623508023125	0.0	0.0	0.0	0.0	0.0	0.0	0.0	0.0	-0.991474425776	0.0	0.0	0.0	0.0
unog161	-0.515091389934	0.0	0.0	0.0	0.0	0.0	0.0	0.302355900223	0.0	0.0	0.0	-0.333581456492	0.0	0.0	-0.921295285047	0.0	0.0	0.208885298295	1.23193256507	1.0959227998
unog162	0.0	0.0	0.0	0.0	1.00020998912	0.0	0.0	0.0	1.28203274243	-0.928370264173	0.172650777062	0.0	0.0	0.461612182641	0.0	0.0	0.724730382096	0.0	0.0	-0.416470999368
unog163	0.0	1.24448545029	0.0	0.0	0.0	-0.18612831368	0.0	0.0	0.0	0.0	0.0	0.0	1.42780630075	0.0	0.0	1.14355175771	0.0	0.0	0.0	0.0
unog164	0.0	0.0	1.00736770084	1.23620578715	0.0	0.0	0.0	0.0	0.0	1.97326575197	0.0	-1.01774026254	0.0	1.53010742398	0.0	0.0	0.0	0.0	0.0	0.0
unog165	0.0	0.0	0.723201990666	-1.54625677306	0.0	0.0	0.0	0.0	0.0	-1.28154268813	0.690250820232	-0.118536260709	0.165624414009	0.0	0.0	0.0	0.0	0.0	0.0	1.35698170606
unog166	0.0	0.0	-1.49101001789	0.0	0.0	-0.0442456636017	0.0	0.0	0.0	0.0	0.0	0.0	0.0	0.0	0.0	0.0	0.0	0.0	0.0	0.0
unog167	0.0	0.0	-0.669041225624	-0.635215642858	1.82079509717	0.0	0.0	0.365856050882	0.0	0.0	0.0	-0.205716956093	0.0	-0.0308268660756	0.0697687789437	0.0	0.0	0.0	0.0	0.0
unog168	0.0	0.0	0.0	0.0	0.986654732594	0.0	0.0	0.0	0.0	0.0	0.0	0.0	-0.539381464877	0.0	0.524976606501	1.10562969079	-0.352292287636	-0.873230760563	-0.901295426705	0.0
unog169	0.0	0.997905089093	0.0	0.0	-1.3150118376	0.0	0.0	0.0	0.0	0.0	-0.728510208174	0.0	0.0	0.0	0.095954222695	0.0	0.0	0.0	0.0	0.0
unog170	0.0	0.0	0.0	0.0	0.0	0.0	0.438723492301	0.618903724295	0.0	-0.637361282775	0.0	0.0	0.0	-0.310161964026	0.0	0.0	0.0	-1.19212359059	-0.398070273063	0.0
unog171	0.0	1.25195780318	0.0	1.45501967403	0.0	-0.572831907596	0.0	0.0	0.0	0.0	0.0	0.0	0.0	0.0	0.0	0.0	0.0	-0.2799576497	0.0	0.0
unog172	0.0	0.0	0.0	0.0	0.0	0.0	0.0	0.0	0.0	0.0	0.0	0.0	-0.0604789344413	0.0	0.0	0.0	0.0	-0.0605019368292	0.0	-0.29231897905
unog173	0.0	0.0	-0.0549156183134	0.0	0.228298878432	2.04940403937	0.0	0.0	2.42729651136	0.0	0.0	-0.804142218989	0.0	0.0	0.0	0.0	0.0	0.0	0.0	-0.483023986532
unog174	0.0	0.0	0.146854274065	0.0	0.0	0.0	0.0211650225616	-0.59013548419	-0.740804231264	0.0	-1.7588621821	0.0	0.0	0.905909826585	0.0	0.0	0.0	-0.377748620766	0.0	0.0
unog175	0.0	-0.456656765591	0.0	0.0	0.0	0.0	0.0	0.0	0.0	0.0	0.0	0.0	-0.91871400142	-0.224349496728	-0.793343770333	-1.84464839809	0.0	0.0	0.0	0.0
unog176	-1.22280191786	0.0	0.0	0.0	0.0	0.0	0.0	0.0	-0.15010012172	0.0	-0.62531251693	0.0	0.0	0.0	0.0	0.0	0.0	0.541385608187	0.0	0.183394107526
unog177	2.41114440142	0.0	-0.784985409511	0.760004155213	0.0	0.0	0.0	0.0	0.0	0.0	0.0	0.0	0.0	0.0	0.0	0.0	0.0	0.0	0.0	0.0
unog178	0.0	0.0	0.0	0.0	0.0	0.0	0.32746618327	0.0	0.0	-0.413601871573	0.0	0.0	0.0	-1.93676548711	0.0	0.0	0.0	0.0	-0.0587410086074	0.157505086506
unog179	0.0	0.0	0.125086547256	0.74439405887	0.0	0.0	0.0	0.0	-0.785838253987	-1.51383019328	0.0	0.0	0.132950555078	0.0	0.0	0.0	-1.24175170099	0.0	0.0	0.0
unog180	0.0	1.10558086464	0.0	0.0	0.0	-0.702389720133	0.0	0.0	0.0	0.0	0.0	0.0	-0.982428812016	0.0	0.0	-0.0984883995125	1.36310038326	0.0	0.0	0.0
unog181	-0.541719774199	0.0	0.0	0.0	-0.0954316072756	0.0	0.960909413157	0.0	0.0	0.0	0.325789547662	-1.20756843661	0.0	0.0	0.0	1.25610420634	0.0	0.0	0.0	0.0
unog182	0.0	0.0	1.10766152265	0.0	0.0	0.0	0.0	0.0	0.0	-1.11690694459	0.0	0.0	0.0	-0.629090415033	0.0	0.0	0.0	0.0	0.0	0.0
unog183	-2.23864174359	0.0	0.0	0.0	0.0	0.0187044491319	0.0	0.0	-0.8557440006	0.0	-1.2759931963	0.0	0.0	0.0	2.15691719533	0.0	-0.442308501745	0.0	0.0	0.0
unog184	0.0	0.0	0.0	0.0	0.0	0.0	0.0	0.0	0.0	0.0	0.0	0.0	-0.75637424719	0.0	0.0	0.0	0.0	0.0	0.0461287133399	0.0
unog185	0.0	0.0	0.0	1.66054884118	0.0	0.0	0.0	0.309094530698	0.0	-1.22118830706	0.0	0.0	0.0	0.0	1.62032994899	-0.710608827593	0.0	0.0	0.0	-0.647333176605
unog186	0.0	0.799471021567	0.0	1.44219514483	0.0	0.0	-0.12925500776	0.0	0.0	-1.53211300167	0.418934673732	0.0	0.0	0.0	1.93724130812	0.0	0.0	0.0	0.0	-0.144175655293
unog187	0.0	0.0	0.0	0.545966001771	0.0	0.0	0.0	0.0	0.0	0.0	-0.808072154313	0.0	0.0	0.0	0.524018746015	0.0	0.0	0.0	0.382875731623	0.0
unog188	0.0	0.243295721762	-0.972296039911	0.0	0.0	0.0	0.0	0.0	1.3323144834	0.0	0.0	0.0	0.0	0.0	0.0	0.0	0.0	0.0	0.0	0.0
unog189	0.0	0.0	0.0	0.0	-0.708525676672	0.0	0.0	-1.33127772579	0.0	0.881290248086	0.0	0.0	0.0	0.0	0.0	0.0	0.0	0.0	0.0	0.0
unog190	0.55921851633	0.032355385776	0.700160002882	-0.0742698268783	0.84221575695	0.118335207482	0.0	0.967241000702	1.2721442221	0.0	0.0	0.0	0.0	0.0	0.0	0.0	-0.701802102397	0.0	0.0	0.0
unog191	0.0	0.0	0.0	0.0	0.0	0.0	1.33662209908	0.0	0.0	0.0	0.0	0.0	0.0	0.0	0.0231145479449	0.878023762716	0.0	0.0	0.0	-0.200943442409
unog192	0.0	0.0	0.0	-1.2311083408	0.0	0.0	1.6927757582	-0.0196046100131	0.0	0.0	0.0	0.0	0.0	0.543938652862	0.0	0.0	0.0	0.0	0.787874080109	0.0
unog193	-0.634493061214	0.0	0.0	0.0	0.0	0.0	0.00147958006866	0.0	0.0	0.0	0.0	0.0	0.0	0.0	0.0	0.0	0.829812941917	-0.74420466775	0.0	0.0
unog194	0.223385070059	0.0	0.0	0.0	0.478196855777	0.0	0.0	0.0	0.716332203134	0.0	0.0	0.0	0.0	0.0	-0.262696949663	0.0	0.0	0.0	0.0	0.0
unog195	0.0	0.0	0.0	0.0	0.0	0.0	-0.722539097811	-0.162754970262	0.0	0.0	0.0	0.0	1.24025245214	-0.644751528486	0.0	0.0	-0.797890799866	0.142358043234	0.0	-0.500123955225
unog196	0.0	0.0	-0.476118807261	0.0	0.0	0.00617806899225	0.0	0.0	0.0	0.0	0.0	-0.0250580322597	0.78541876956	0.0	0.0	0.0	0.0	0.0	0.0	-0.89667516637
unog197	-1.55762836218	0.0	0.0	0.0	0.0	0.0972257173356	0.0	0.0	0.0	0.0	0.0	0.0	0.988924020784	0.0	0.0	0.0	-0.994666429091	0.0	0.0	0.0
unog198	0.0	0.0	0.0	1.78300439253	0.0	0.0	-0.727965628508	-0.239216711938	0.0	0.0	0.0	0.0	0.0	1.79110379833	0.0	0.0	0.0	-0.690680994043	0.311655937389	0.0
unog199	0.0	0.0	0.0	0.0	-0.387952035807	0.0	0.0	0.0	0.0	0.723351771013	-1.67029031831	0.0	0.0	0.0	0.0	0.0	0.254594992245	0.0	0.0	0.0