dost0	dost1	dost2	dost3	dost4	dost5	dost6	dost7	dost8	dost9	dost10	dost11	dost12	dost13	dost14	dost15	dost16	dost17	dost18	dost19
dost0	0.0	0.0	0.0	0.0	0.0	0.0	0.0	0.178274170417	0.848113630631	-0.28407777794	0.0	0.0	0.0	0.0	0.633172756897	0.0	0.0	0.0	0.0	0.0
dost1	0.0	0.952126476738	0.0	0.0	0.0	0.0	0.0	0.0	0.0	0.0	0.0	0.0	0.0	0.0	0.0	0.968109077437	0.0113460657164	0.0	-1.45108626619	-0.818154032876
dost2	0.0	0.0	0.0	0.0	0.0	0.0	0.0	0.0	0.330690117819	-1.51456930793	0.0	0.0	0.0	0.728668296247	0.0	0.0	-1.89358658307	0.40752943979	0.0	0.0
dost3	0.0	0.0	-1.38664443785	0.0	0.0	-0.616588731865	0.0	0.0	-0.0343639594117	0.0	0.0	-0.593870415842	0.0	0.0	0.0	0.0	0.0	0.0	0.911157285491	0.0
dost4	0.742333756841	0.482922848782	0.0	0.0	0.0	0.0	0.0	0.0	0.0	0.0	0.0	-1.34249953868	1.20622982075	0.0	0.0	0.0	0.0	0.0	0.0	0.0
dost5	0.0	0.0	0.578069040593	0.0	0.0	0.0	0.0	0.0	-1.09483554181	0.00257374682211	0.0	0.0	0.0	-2.64759724167	0.0	0.0	0.0	0.143935621341	0.0	0.0
dost6	0.0	0.0	0.0	0.0	0.0	0.0	0.0	0.0	0.0	0.0	0.0	0.0	0.621875854217	0.0	0.0	0.0	0.0	0.0	0.0	0.0
dost7	0.0	0.0	0.0	0.0	0.0	0.0	0.0	0.0	0.0	-0.253728994581	0.0	0.0	0.0	0.0	0.0	0.0	0.388650761904	0.0	0.0	0.0
dost8	0.0	0.0	0.0	-1.6606271118	0.0	0.0	0.0	0.0	0.0	-0.531247886422	0.0	0.0	3.59061934844	0.332870173013	0.0	0.0	0.0	0.0	0.0	-0.834835645378
dost9	0.0	0.0	0.0	0.0	0.0	-0.343832175823	0.0	0.0	0.0	-0.143043912995	0.0	-1.39935072567	1.16412515538	0.0	-0.982817443635	0.303354947411	0.171428263919	0.0	-1.08111642574	0.0
dost10	0.983988820438	0.0	-0.223622546808	-0.289372056452	0.0	0.0	0.0	0.0	0.0	0.0	0.0	0.0	0.0	0.0	0.0	0.0	0.0	0.0	-1.05008717294	0.0
dost11	-0.945308323184	0.0	0.0	0.0	-1.43664596949	0.0	0.0	0.0	0.0	-0.395169073646	0.0	0.0	0.0	0.785816624614	0.0	0.152943577677	0.662065391207	0.0	0.0	0.0
dost12	0.0	0.0	0.0	0.0	0.0	0.0	0.0	0.491788282476	-1.09767331929	0.0	-0.31620425773	-1.14678535577	0.0	0.0	0.0	1.01258863618	0.0	0.0	0.0	0.0
dost13	0.0	-1.18210801983	0.0	0.0	0.0	0.0	0.0	0.0	0.0	0.0	0.0	0.0	0.0	0.0	0.0	0.0	0.0	-0.23670710971	0.0	0.0
dost14	0.0	0.0	0.0	0.0	0.0	-2.19862663502	0.478746448725	0.0	0.0	0.123301232942	-0.0379686721655	0.0	0.205138681323	0.0	0.0	-1.81958489571	0.0	0.0	0.0	0.0
dost15	0.0	-0.891762905792	0.0	0.0	0.0	0.0	0.0	0.0	0.0	0.0	0.0	0.0	0.0	1.7704513166	-0.545779882622	0.0	0.0	-0.482903998204	-0.0909944657981	1.78532301026
dost16	0.0	-1.03541344049	0.0	0.0	-1.7545297415	0.0	0.0	0.0	0.0	0.0	0.0	0.0	0.0	0.0	0.241509193018	-1.47106296482	0.0	0.0	0.0	0.0
dost17	0.0	0.456978446948	0.0	0.0	0.0	0.0	0.0	0.0	0.269144420884	0.0	0.0	0.0	0.0	0.0	0.0	0.0	0.0	-2.47406830279	0.0	0.0
dost18	-1.18298038554	0.0	0.0	-0.487174739493	0.385580765572	0.0	0.0	0.330871267272	1.57550207522	0.0	-1.85541205369	0.548625740578	0.0	0.0	0.436240826106	0.0	0.0	0.241900244528	0.0	0.0
dost19	0.0	0.0	-1.52891140873	0.0	0.0	-0.111652425662	0.0	0.0910541757649	2.59385309031	0.0	0.0	0.0	-0.183818312579	0.0	0.0	0.0	0.0	0.0	0.0	0.0
dosg0	0.0	0.0	0.0	0.0	0.0	1.12260943823	-0.107498597014	-1.6158614348	0.407184970819	0.0	0.138986360823	0.0	0.0	1.31402082819	0.0	0.0	0.0	0.0	-0.506859738276	0.0
dosg1	0.0	0.0	0.0	0.0	0.0	0.0	0.0	0.0	1.04238354498	0.0	0.0	0.0	0.0	0.0	0.0	0.0	0.0	0.0	0.0	-0.660353134878
dosg2	0.0	-1.20786323662	0.0	0.0	0.0	0.0	0.0	-0.901739621347	-0.0708933413251	0.0	0.848231921902	0.181259921633	0.0	0.0	1.18822091743	0.0	0.0	0.0	0.0	0.0
dosg3	0.0	0.0	0.395363891083	0.0	0.0	0.0	-0.940257796475	1.64736349545	0.0	0.0	0.0	0.0	0.156152633597	0.0	0.0	1.52310293286	0.283206248435	0.0	0.0	0.0
dosg4	0.200278381258	0.946042514404	0.0	0.0	0.0	0.0	0.0	0.0	-1.06907613034	0.0	0.0	-0.482517159244	0.0	-0.0046502423136	0.0	0.0	0.0	0.0	0.0	0.0
dosg5	0.0	0.0	0.0	0.0	0.0	0.0	0.0	0.0	0.0	0.0	0.0	0.0	0.163377930439	2.55501054489	-0.133672703401	3.19343254121	0.0	-0.845643654877	-0.021769726977	0.0
dosg6	0.0	0.0	0.0	0.0	0.0	1.8663036626	0.0	0.0	-0.787493831215	0.0	0.0	0.0	-0.172094029021	0.0	0.0	0.0	0.0	0.0	-0.518054286486	0.0
dosg7	0.0	0.0	0.0	1.31491312439	-1.0826771574	0.119072504268	0.0	0.0	0.0	0.0	-0.418559514652	-0.826324208303	0.0	0.0	0.0	0.0	0.0	0.0	0.0	0.0
dosg8	0.0	0.0	0.0	0.0	0.0	0.0	0.0	0.0	0.0	0.0	0.0	0.0	0.0	0.0	-0.618823683397	0.0	0.0	0.0	0.0	0.0
dosg9	0.0	0.0	0.0	0.123839634946	0.0	0.0	-0.316205781175	0.0	0.0	0.0	1.57926885522	-0.969725564248	1.4087665006	0.0	0.0	0.0	0.0	0.0	0.0	0.0
dosg10	0.0	0.0	0.169299152273	0.0	0.135280047523	0.0	0.0	0.0	-2.16959487551	0.0	0.0	0.0	0.0	0.0	0.0	0.860508467621	0.159012280567	1.36756618902	0.0	0.0
dosg11	-0.102505795375	0.0	-0.722265880446	0.0	-1.50791955729	-0.861225304925	0.438130761829	0.0	0.0	0.0	0.0	0.0	0.0	-2.23807938189	0.0	0.0	0.0	0.0	0.0	0.0
dosg12	0.0	0.384602154186	-1.28057573024	0.0	0.0	0.0	-1.12107673458	0.0	0.0	0.0	-0.44248813833	0.0	0.0802254352319	0.0	0.0	2.9944981678	0.0	-0.053416593512	0.0	0.0
dosg13	-0.218641510974	0.0	0.0	0.0	0.0	0.677696532417	0.593796945425	0.0	0.391932857589	0.0	0.0	0.0	0.0	0.0	-0.899544131263	0.0	0.0	1.31893829661	0.0	0.0
dosg14	0.0	0.0	0.0	0.0	0.0	-0.315031988352	0.0	0.0	-1.67676747857	0.0	0.0	0.0	0.341225628451	0.0	0.0	0.0	0.0	0.0	0.0	0.0
dosg15	0.0	1.07660933174	0.0	0.0	0.0	-0.994290838282	0.0	0.0	0.0	0.0	0.0	0.0	0.0	0.0	0.0	0.0	0.0	-1.32642458111	0.0	-0.295364031457
dosg16	-0.0791521877217	0.0	-0.413864191717	-0.381769141462	0.46292402261	0.0	-0.871432145333	1.17335626654	0.0	0.0	1.06232877357	0.0	0.0	0.54031523131	-0.0850741101584	0.0	0.0	0.0	0.0	0.0
dosg17	0.160638790846	0.0	0.0	0.0	0.0	0.0	0.0	0.0	0.0	0.867347282623	0.0	0.0669392645417	0.0	0.0	0.0	0.0	0.0	-0.0163950477984	0.0	0.0
dosg18	0.0	0.0	-1.82539889349	0.725915417871	0.0	0.0	0.0	0.0	-0.777442178176	0.0	0.0	1.11947421407	0.0	-1.22732536349	0.0	0.0	0.0	0.0	-0.291502119574	0.0
dosg19	0.329411276745	0.0	0.0	0.118721068986	0.0	0.453669716657	0.490394751071	0.0	0.0	-0.641285809537	0.0	0.0	0.0	0.0	0.0	2.01830188429	0.0	1.84271262493	-0.657193817283	0.0
dosg20	0.0	0.0	0.0	0.0	-1.03530865358	0.484105046593	-0.946205045638	0.0	0.154495118699	0.0	0.889402752496	0.0	0.0	1.0562052827	0.816665814901	0.19221098916	0.0	0.0	0.0	0.0
dosg21	0.0	-1.61359838095	0.0	0.0	-0.89057828681	-0.111819304915	0.0	0.0	-0.0871087227525	0.0	0.0	0.0	0.29767315745	-0.616830089721	2.29827149664	0.0	0.0	0.0	0.0	0.0
dosg22	0.0	0.0	0.0	0.0	0.0	0.0	-1.64082569988	0.0	0.0	0.0	0.0	0.0	0.0	0.0	-0.53497352908	0.0	0.0	-1.46534046353	0.0	0.0
dosg23	0.0	-0.997563184344	0.0	0.0	0.357934669937	0.0	0.0	0.0	0.0	0.0	0.0	0.0	-1.49058659453	0.0	0.0	0.0	0.969058272166	0.0	0.0	0.0
dosg24	0.0	-2.14157761636	0.0	-0.753338167709	1.43259332122	0.0	0.0	0.658635970539	-0.425139747958	0.0	0.0	0.0	0.0	0.0	0.0	0.0	0.0	0.0	0.0	0.0
dosg25	0.0	0.0	0.0	0.0	0.0	0.0	0.0	0.0	0.0	-0.129736750437	0.0	-0.854624876958	1.39522492726	0.0	0.301690617029	0.0	0.0	0.0	0.0	0.0
dosg26	-0.612068993559	2.00216363017	0.0	0.0	0.0	0.0	0.295333979148	-1.3860432609	-1.58581412711	0.0	0.0	0.0	0.0	0.0	1.39263966057	0.578364424852	0.898141096839	0.0	0.0	0.0
dosg27	0.0	0.0	0.473834618954	0.0	-0.475355675951	0.0	-0.417575084405	0.0	0.0	-0.801436360977	0.859704808278	0.0	0.0	0.0	0.0	0.0	0.0	0.0	0.0	0.0
dosg28	0.0	0.0	0.0	0.0	0.0	0.0	0.0	0.0	0.0	0.0	0.0	0.0	0.0	-0.13649882157	0.0	0.0	-0.71844522716	0.0	-1.04390531846	0.0
dosg29	0.0	-0.169487737389	0.0	0.0	0.0	0.0	-1.1905657846	1.53861489588	0.0	0.0	0.0	0.0	-1.18648878859	0.0	0.0	0.423399787014	-1.48019029051	0.0	-0.493492534545	0.0
dosg30	0.0	0.0	-0.904674026656	-1.65599437005	0.0	0.0	0.0	0.0	0.0	0.0	0.0	0.593883983808	0.0	1.80063353937	0.0	0.0	0.0	0.0	0.0	0.0
dosg31	0.0	0.0	0.0	0.0	0.0	0.0	-1.24913112848	0.0	0.0	0.0	2.11576837709	0.0	0.0	0.0	0.0	0.0	0.0	0.0	0.0	0.0
dosg32	0.0	0.0	0.731231287518	0.0	0.0	0.0	0.886079162057	0.0	0.0	0.0	0.0	0.0	-0.0119162671864	0.0	0.0	0.0	0.0	0.0	0.0	0.0
dosg33	0.452052596481	0.0	0.0	0.0	0.0	0.0	0.0	1.42989339585	0.0	2.75820094296	-1.42770363845	0.0	0.0	0.0	0.0	0.0	0.0	0.0	-1.16586583881	0.185678894069
dosg34	0.0	0.0	0.0	0.0	0.0	0.0	0.0	0.0	0.0	-1.5931587903	0.0	0.0	-0.816056677921	-0.0423713582273	-0.154893427543	0.0	0.0	-0.117912027431	0.0	0.0
dosg35	1.62262449739	0.0	0.0	0.0	-0.086046165434	0.0	0.0	0.0	0.822663365466	0.0	-1.07760442979	0.0	0.0187122745395	0.0	0.0	0.0	0.0	-1.85132154714	0.0	0.220488263388
dosg36	0.0	-0.750452504999	0.0	0.0	0.0	0.0	0.0	0.0	0.0	-1.01295783639	0.0	0.0	0.0	0.0	0.0	-0.991275928606	1.6567380164	-0.886360415123	0.0	0.0
dosg37	0.0	0.0	0.0	0.0	0.0	-0.502230672925	0.0	0.0	-1.48485654704	0.0	0.0	0.0	0.0	0.0	0.0	0.0	-0.790714419046	0.0	0.939531962895	0.0
dosg38	0.0	0.0	-0.485520377342	0.0	1.15569227544	0.0	0.0	-0.987516539626	-3.16815208322	0.0	0.0	-0.866010524261	0.515237141113	0.0	0.0	0.0	0.0	0.0	0.0	0.0
dosg39	0.0	0.0	0.0	1.06291446069	0.0	0.0	0.0	0.0	1.4528306692	0.0	0.0	0.0	0.0	-1.09296018726	0.0	0.0	0.0	0.0	0.0	-1.18749758664
dosg40	0.0	-0.822354063569	0.0	0.0	0.0	0.0	0.0	0.770339184257	0.0	0.0	0.284814073527	0.0	0.0	0.0	0.0	0.0	0.0	0.0	0.0	0.101330576162
dosg41	0.559180553469	0.0	0.0	0.0	0.0	0.0	0.0	-0.117184034369	0.0	0.0	0.0	0.472454389699	0.0	0.0	0.0	-0.826192602932	0.0	0.0	0.0	0.0
dosg42	0.0	1.21283426682	0.0	0.0	0.0	0.0	0.0	0.0	0.0	0.0	0.0	0.0	-0.0628302059119	-0.383672610729	0.0	0.0	0.765075519097	0.261000968255	0.763196799575	-0.303735094535
dosg43	0.0	0.0	0.0	0.0	0.0	0.0	0.0	0.0	0.0	-1.06555115417	0.344164495432	0.0	0.783012143342	0.0	0.0	-1.58974480537	0.0	-0.513591817752	1.19183547653	0.0
dosg44	0.0	0.0	0.0	0.0	0.9385054725	0.0	0.0	1.19474113549	0.0	0.0	0.0	-0.761947117551	0.0	0.0	0.0	0.123244018807	0.0	0.0	0.0	0.0
dosg45	0.0	0.0	0.414513357272	0.0878013556699	0.0	-1.03659342077	0.0	0.0	0.0	-0.553403661246	0.0	0.0	0.0	0.0	-0.2510438132	0.0	0.0	0.0	0.0	0.0
dosg46	0.0	0.0	-0.436239907334	0.0	0.0	-2.4354489142	0.0	0.0	-2.00312797299	0.0	0.0	0.0	0.0	0.0	0.0	0.0	0.0	0.0	0.460285262019	0.0
dosg47	0.0	-2.24239563976	0.0	0.0	0.0	0.0	0.0	0.0	0.0	0.0	0.0	0.0	0.0	0.0	0.0	-1.66659940624	-1.63041284142	0.0	-1.40942714035	0.0
dosg48	-1.00320974601	0.617584699445	0.0	0.0	-0.207425168654	0.0	0.0	0.0	0.0	0.0	0.0	0.0	0.0	0.0801528051156	0.0	0.0	0.0	0.0	0.0	0.0
dosg49	0.0	0.0	-0.862025224835	0.0	0.0	0.0	0.0	-0.391857842396	0.838076682698	-0.325228571592	0.0	0.0	0.0	-1.10964750002	0.954808921665	0.0	0.0	0.0	0.0	1.79291013896
dosg50	0.0	0.0	0.0	0.0	0.0	0.0	0.0	0.0	-0.448187397467	0.0	0.0	0.0	0.0	0.0	0.0	0.0	0.0	-1.66126524467	0.0	0.0
dosg51	0.0	0.0	0.0	0.0	-2.95344175475	0.0	0.0134570974755	0.0	0.0	0.454042303018	0.0	0.0	0.0	0.0	0.0	0.0	-0.80318009678	0.0	0.0	0.0
dosg52	0.0	0.0	-1.44558063421	0.0	0.0	0.15744525931	-0.65836098176	0.0	0.268838188215	0.0	0.0	-0.163475624279	1.67581345742	0.0	0.0	0.0	0.0	0.0	0.0	0.0
dosg53	0.0	0.0	0.0	0.205669443683	0.0	0.0	-1.60303171244	0.0	0.0	0.0316049864934	0.0	0.919693377215	0.0	0.0	0.0	0.0	0.0	0.0	0.0	-0.253878810994
dosg54	0.0	0.0	0.0	0.0	0.0	0.0	0.0	0.0	0.0	-0.581513245264	0.0	0.0	0.0	0.0	0.0	-1.22261284397	0.0	0.0	0.0	0.0
dosg55	0.0514907924504	0.140381889291	0.0	0.0	-1.1717865928	0.0	-0.544782096085	0.0	0.0	0.0	0.0	0.0	0.0	0.0	0.0	0.0	0.0	0.269589672332	0.0	-1.21505493508
dosg56	0.0	0.0	0.0	0.0	0.0	0.0	0.0	0.0	0.0	1.40898549721	0.037815103536	0.879725494204	-2.1353482622	0.373792256588	0.0	0.0	0.0	0.0	0.0	0.0
dosg57	0.0	0.0	0.0	0.0	0.482927647871	0.0	0.0	0.0	0.0	-1.27863908323	0.0	-1.21082593562	0.0	0.0	0.0	0.0	-0.278678734499	0.0	1.89995731855	0.0
dosg58	0.0	-0.622243710312	0.0	0.0	0.0	0.0	0.0	0.0	0.0	0.0	0.0	0.0	0.0	0.0	0.0	0.0	0.0	0.0	0.0	0.0
dosg59	0.0	0.129648421636	0.0	1.29246102882	0.0	0.0	-1.15149826556	0.0475385573733	0.0	0.0	0.0	0.0	0.0	0.0	0.0	0.0	-1.54130747416	1.47140890212	0.0	0.0
dosg60	0.0	0.765375933588	0.0	0.0	1.91238021555	0.0	0.0	0.0	0.0	0.0	0.0	-0.279001119709	0.0	0.884768816223	0.0	0.0	0.0	0.0	-0.862518307318	0.0
dosg61	-1.98067663603	-0.189763943489	0.70351487765	0.0	0.0	-1.40518922919	0.0	1.01806533284	0.0134389293197	0.0	0.0	0.0	-2.20505482733	0.0	0.0	0.0	-1.11792415299	0.0	0.0	0.0
dosg62	0.333375829211	0.0	0.0	0.57044962308	0.0	-1.00132232371	0.0	0.0	0.0	0.0	0.0	1.04431449198	0.0	0.0	0.0	0.260252029575	0.0	0.0	-0.343089057024	0.0
dosg63	1.1291623947	0.0	0.88809252173	0.0	0.0	0.0	0.0	0.0	0.0	0.0	0.0	0.928726576082	0.0	0.0	1.6734257802	0.0	0.0	-0.18120497528	0.0	0.0
dosg64	0.0	0.0	0.0	0.0	0.0	0.0	0.0	-0.342462043614	0.0	-0.288826933968	0.0	0.0	0.0	-0.655204515437	0.0	0.0	0.61939266012	0.579714833214	0.0	-1.05116218974
dosg65	0.0	0.0	-0.353156289486	0.0	0.0	0.0	-1.06893673379	0.0	0.0	0.0	1.39793744184	0.482039024347	-0.430625627468	0.0	0.0	-1.77180897417	0.0	1.69544670159	0.0	0.0
dosg66	0.0	0.0	0.0	0.0	0.0	0.0	0.251962353854	0.0	0.0	0.0	-0.0505719171499	0.268296022394	0.0	-1.59618815377	-0.866384428973	0.0	0.0	0.0	-0.180427991179	0.0
dosg67	0.0	0.0	0.119755317458	0.0	0.0	-0.572009812817	-0.072300699699	0.0	0.0	-0.221292713768	0.0	0.0	0.0	0.617351121089	0.0	-0.513821272093	0.0	1.22448249593	0.0	0.0
dosg68	0.0	0.0	0.0	0.0	0.0	0.0	0.0	0.0	0.0	0.0	0.0	0.0	0.0	0.0	0.0	0.0	0.0	0.0	0.0	0.48807132139
dosg69	-0.00391094884763	0.0	0.0	-1.74761226394	0.0	0.0	0.0	0.0	0.0	-2.58008277851	0.0	0.0	0.0	0.0	0.0	0.0	-0.790020740419	0.0	0.0	0.0
dosg70	0.0	0.0	0.0	-0.627112522998	-2.22520655744	0.0	0.0	-0.932245069724	-0.271024372237	0.0	0.0	-0.684034433971	0.0	0.0	0.0	0.0	0.0	0.0	0.0	0.0
dosg71	-0.649268348358	0.0	0.0	-0.0640581695686	0.0	0.0	0.0	0.0	0.0	0.0	0.0	0.0	0.0	0.0	-0.657749386062	-0.458573070662	-0.408556449548	0.0	0.0	0.0
dosg72	0.669685328563	0.0	0.0	0.0	0.284457392075	0.0	0.850446650064	-0.0196427354242	0.0	0.0	0.0	0.0	0.323565668932	0.830358239829	0.0	0.0	0.0	0.0	0.0	0.0
dosg73	0.238302588331	-0.962877476343	0.396782848902	0.0	0.0	0.0	0.0	0.0	0.0	-0.704046314771	0.0	-0.30279204833	-0.361202860012	0.0	-0.344530534667	0.0	0.0	0.0	0.0	0.0
dosg74	0.0	0.0	0.0	0.0	0.0	1.24351085902	0.0	0.0	0.0	0.0	0.0	0.0	0.0	0.0	0.865604423321	0.0953700939484	0.0	0.0	0.301810376667	0.0
dosg75	0.0	0.299312251167	0.0	0.0	-0.0705842068519	0.0	0.414216047683	-1.3541155956	0.0	0.0	0.0	0.105760195639	0.0	0.0	0.308818867056	0.0	0.0	0.0	0.0	0.0
dosg76	0.0	0.0	0.0	0.0	0.0	0.0	0.0	0.0	0.0	-0.442601356515	0.0	0.0	2.08840622156	-0.513982591254	0.394989276695	0.0	0.0	0.0	0.0	1.00570093661
dosg77	0.0	0.0	0.0	0.0	1.72459385275	0.0	0.0	0.0	0.0	0.0	0.0	0.481247921937	-1.67861873983	-0.537867036988	0.0	0.0	0.0	0.409271583465	-0.92243280248	0.0
dosg78	0.0	0.0	0.0	0.0	0.0	0.0	0.0	0.0	0.0	0.0	0.0	0.0	0.597862603253	-1.23840375023	0.0	0.0	0.0	0.0	0.824277329616	0.0
dosg79	0.0	0.0	0.0	0.0	0.0	0.355143485329	0.535122353743	0.0	0.0	0.0	0.0	0.0	0.0	0.0	-0.969606868766	0.0	0.0	0.0	1.37260543054	0.0
dosg80	0.0	0.0	0.0	0.0	0.0	0.0	0.0	0.0	0.0	0.0	0.0	-1.6614681927	0.0	0.0	0.0	0.0	0.0	0.0	0.0	-1.89717710282
dosg81	0.0	0.0	0.480547941304	0.0	0.0	0.0	0.0	0.0	0.0	0.950266211263	0.0	0.0	0.0	0.0	-1.2031832925	0.32958234208	0.0	0.390767101193	-0.0357641192481	0.0
dosg82	0.0	0.0	1.27813650011	-0.597640558976	0.0	0.0	0.373927417623	0.0	0.0	0.0	0.0	0.0	0.0	-1.53181640101	2.2405280861	0.0	0.0	-2.13850520119	0.0	0.0
dosg83	1.12390697802	0.0	-0.956263335285	0.0	0.0	0.0	0.0	0.0	0.0	0.0	0.0	0.0	0.0	0.0	0.0	-0.459163233362	-0.0408345166075	0.0	0.0	-1.27709650996
dosg84	0.0	0.0	-0.509974580783	0.0	0.0	0.0	0.0	0.0	0.0	0.0	0.0	-0.211751635001	0.0	0.783967845062	0.0	0.0	0.0	0.0	0.0	0.0
dosg85	0.0	0.0	1.16696827859	0.0	0.0	0.0	0.0	0.0	0.0	0.0	0.568753980248	0.0	0.0518198635501	0.0	0.0	0.0	0.0	0.169066000571	0.0	0.0
dosg86	0.0	0.0	0.0	0.0	0.0	0.0	0.0	0.0	0.695013906533	0.0960256810047	0.0	0.0	0.0	0.0	-1.02634281299	0.0	0.0	0.758206133319	0.0	0.00475595225601
dosg87	0.0	0.0	0.0	0.0	0.0	1.44533136756	0.0	0.0	0.0	0.0	0.0	1.73525798255	0.0	0.0	0.0	0.0	0.0	0.0	0.0	1.48954587517
dosg88	0.0	0.0	0.0	0.0	0.0	0.0	0.521056191595	0.0	0.0	0.0	0.0	0.0	0.0	0.0	-0.6734254211	0.0	0.0	0.0	0.0	-0.868250622075
dosg89	0.0	0.0	0.0	0.0	0.0	-0.314530702027	0.0	-0.899451520424	0.0	0.0	0.0	0.0	0.0	0.0	0.0	0.0	0.0	-0.216264567108	0.0	0.0
dosg90	0.0	0.0	0.0	0.809474974485	-1.0816146242	0.0	1.4334842069	0.0	0.0	0.0	0.0	0.0	0.0	0.0	0.0	-0.438339352	0.0	0.0	0.0	0.0
dosg91	0.0466944291378	0.0	0.0	0.0	0.343779994748	0.0	-0.496200813325	0.0	0.0	0.679767167116	0.0	0.0	0.0	0.0	0.661301282205	0.0	-0.414591516143	0.0	0.0	0.0
dosg92	0.0	0.0	0.0	1.34617002154	0.0	0.0	0.0	1.19004687742	0.0	0.0	-1.52209033651	0.333472472739	0.0	0.0	0.0	0.825225003615	0.0	0.0	0.0	0.0
dosg93	0.0	-0.181235813325	-1.05968451468	0.0	0.0	0.0	0.0	0.0	0.366622376718	0.0	0.0	0.0	0.0	0.0	0.0	-1.58507389054	0.0	0.632920058295	0.0	0.0
dosg94	1.04401032237	-0.298171152173	0.0	0.0	0.279253383835	0.0	0.0	0.0	0.0	0.0	0.0	0.0	-0.745552899041	0.0	0.0	0.0	0.0	0.0	-1.00807474273	0.0
dosg95	0.0	0.0	0.0	0.0	0.0	-0.417167398223	0.0	0.0	0.256025512701	0.380335050982	0.0	-0.241420787671	0.0	0.0	0.0	0.472931653094	0.0	0.466063147539	0.0	0.0
dosg96	0.0	0.0	0.424265638292	0.102543479178	0.0	-0.202770796959	0.0	0.0	0.0	0.0	0.0	0.0	0.0	0.0	0.0	0.0	0.0	0.0	-1.0813603649	0.449613153194
dosg97	0.0	0.0	0.0	0.0	1.6810254987	0.0	-1.42825244152	-1.58328875001	0.0	-0.567730652998	0.0	0.0	-1.20001433624	0.0	-0.0337722606165	-0.975422244311	0.0	0.0	0.0	0.0
dosg98	0.0	0.0	0.0	0.0	-1.6264543364	0.0	0.0	0.0	0.0	0.0	0.0	0.0	0.0	0.0	0.0	0.396458799228	0.0	0.376381554151	0.0	0.127862447869
dosg99	0.0	0.0	0.0	0.0	0.0	2.42634241057	-1.64334143304	0.0	0.0	0.0	0.0	0.0	0.0	0.0	-0.246971419369	0.0	0.0	-0.274964193235	1.84992577151	0.551512360511
dosg100	0.0	0.0	0.0	0.0	0.0	-0.570797400775	0.0	0.0	0.0	0.0	0.424379326539	0.241040280587	0.0	0.0	0.804633059778	0.0	0.0	0.0	0.0	0.0
dosg101	0.0	0.0	0.0	0.0	0.0	-1.32155546224	0.0	0.0	0.0	0.0	0.0	0.328326952659	0.236983395941	-0.767177362396	0.0	-0.528477835841	0.0	0.0	0.0	-0.881623253126
dosg102	0.0	0.0	0.0	0.0	0.0	0.0	0.495737731027	0.0	0.0	0.0	0.0	0.0	0.0	0.0	0.0	0.0	-0.426296876925	0.0	0.0	0.617976530349
dosg103	0.0	0.0	0.0	0.0	0.0	0.0	0.0	0.0	0.0	0.0	0.521100298884	0.0	0.0	1.54819279985	1.87002047629	0.349123360574	0.0	0.0	0.0	0.0
dosg104	0.0	0.0	0.0	-0.718292323754	0.0	0.968952030515	0.0	0.0	0.0	0.0	0.0	0.0	0.0	-0.447258148906	0.0	0.0	0.357418558124	0.0	0.0	0.0
dosg105	0.0	0.0	0.0	0.0	0.0	0.0	0.0	0.0	0.0	0.0	0.0	0.0	0.0	0.742287602322	0.0	0.0	-0.279639358961	0.0	0.0	0.670477648113
dosg106	-0.641918363832	0.0	0.0	0.0	0.0	0.0	0.0	0.0	0.0	0.0	0.0	0.0	0.0	0.0	0.0	0.0	0.0	0.0	0.0	0.0
dosg107	0.0	0.0	0.0	0.529347105597	0.144283781443	0.0	-0.629714739877	-0.00814492642683	0.0	0.0	0.0	0.0	0.0	0.0	2.27078362866	-1.89989644112	0.0	0.0	0.0	0.0
dosg108	0.0	0.0	0.171690799119	1.6952906308	0.0	0.0	0.0	0.0	0.0	0.0	0.0	0.0	0.0	0.0	0.0	0.0	0.0	0.825040497738	0.0	0.0
dosg109	0.0	0.0	0.0	0.0	0.0	0.0	0.0	0.0	0.0	0.0	0.0	0.0	0.0	1.06444358511	1.08703134399	0.0	-0.599952677378	0.0	0.0	0.0
dosg110	0.0	0.0	0.0	0.0	0.0	0.0	0.0	0.645299382451	0.0	0.0	0.0	0.0	0.0	0.0	0.0	0.0	0.0	0.420519306451	0.0	0.520618669384
dosg111	0.0	0.0	0.52372551068	0.0	0.0	0.0	0.0	0.0	0.0	0.0	0.0	0.0	0.0	0.0	0.790754864892	0.0	-0.073079009569	0.0	0.0	0.0
dosg112	0.0	0.0	-0.364100202655	0.0	0.0	0.0	-2.19637977459	0.0	0.0	0.0	1.54450078731	0.0	0.0	0.0	0.0	0.0	0.0	0.0	0.0	-0.551453701766
dosg113	0.0	0.79888589857	0.0	-1.99142493379	-0.133366081009	0.0	0.0	0.0	1.91327720744	0.0	0.0	0.0	0.0	0.0	0.0	0.0	0.0	0.320992773947	0.0	0.0
dosg114	0.104950357046	0.0	0.0	0.0	0.0	0.0	-0.800276469549	0.294060808515	0.320621757152	0.0	0.0	1.53379209637	0.0	0.0	0.0	0.0	0.0	0.0	-1.20500036318	0.0
dosg115	0.0	0.193160358478	0.0	-0.742909662088	0.0	0.0	0.116250445742	0.0	0.846401072124	0.0	0.0	0.0	0.0	0.0	0.0	0.0	0.0	0.0	0.0	0.0
dosg116	1.9668909633	0.0	0.0	-1.08469183641	0.0	0.359320599578	0.0	0.0	0.0	-0.0266672450658	0.0	0.0	0.0	0.0	-0.041555817548	-0.539779772391	0.0	0.0	0.0	0.0
dosg117	0.0	0.0	0.0	0.0	0.0	0.0	0.0	0.0	0.0	-2.45888410883	0.0	0.0	0.206388276056	0.0	0.0	0.0	0.0	0.0	0.0	0.0
dosg118	0.0	0.0	0.0	0.0	0.0	0.0	0.0	0.0	0.0	0.0	0.267445335511	-0.359589385436	0.920168534548	0.0	-0.0774135351728	-0.804544933827	0.0	0.0	0.0	0.0
dosg119	0.0	0.0	0.0	0.0	0.0	0.0	1.02798464881	0.0	0.0	0.0	0.0	0.0	0.0	-0.0939774462241	0.815744283987	-0.475069782656	0.0	0.0	0.0	-0.484019773575
dosg120	-0.0750285464348	0.0	0.0	-2.49342317255	0.0	0.0	0.0	0.0	0.0	1.38855339188	0.0	0.0	1.55961893526	0.0	1.46978485412	0.0	0.467018666834	0.0	1.02554608596	0.0
dosg121	0.0	0.67818491962	0.0	0.0	0.0	0.0	0.175302810025	0.0	0.0	0.0	0.0	0.0	0.0	0.0	0.0	0.0	0.0	0.0	1.20230374833	0.866290216248
dosg122	0.0	0.0	0.0	0.0	0.0	0.0	1.0103308819	0.0	0.0	0.0	0.0	0.0	0.0	-1.19953885353	0.0	0.0	-0.414555828881	0.103625608179	0.0	0.0
dosg123	0.512754376032	0.0	0.0	0.344856311382	0.850759905791	0.0	0.0	0.0	0.0	0.0	0.0	0.0	0.0	0.0	0.0	0.0	0.0	0.0	0.0	0.0
dosg124	0.0	0.0	0.0	0.0	0.0	-1.21007886316	0.0	0.0	0.0707034915794	0.0	0.0	0.0	0.0	0.0	0.0	0.0	0.0	0.0	0.0	0.0
dosg125	0.0	0.0	-0.985711443517	0.0	0.0	0.0	-1.16180883634	0.0	-0.0768837427658	0.0	0.0	-1.18336593612	0.0607230208962	0.0	0.0	0.0	0.0	0.0	0.0	0.0
dosg126	0.0	-0.140082923597	0.0	0.374286668045	-1.0292075078	0.0	2.08573326405	-0.632538260169	0.282814948823	0.0	0.0	0.0	0.0	0.0	-0.820866563553	0.0	0.0	0.450154280023	0.0	0.0
dosg127	0.0	0.0	0.0	0.0	0.0	-1.30222825649	0.0	0.0	0.0	-0.0496698263246	0.0	2.45320018513	0.0	0.0	0.0931487698148	0.0	0.0	1.00921398753	0.0	-1.35911237691
dosg128	0.0	0.0	0.0	-0.346956753913	0.0	0.0	0.141947697656	0.0	0.0	0.332603724992	0.0	-0.52515256418	0.0	0.0	0.152387725462	0.0	0.0	1.14609264405	0.0	0.0
dosg129	-0.814652785747	0.0	0.0	0.0	0.0	0.0	0.0	0.0	-0.486763574274	0.0	0.0	0.0	0.0	0.880318710021	0.0	0.0	-1.09563803518	0.0	0.0	0.0
dosg130	0.0	0.0	0.0	-0.652581093279	0.0	0.0	0.0	0.0	-0.436814725264	0.0	-1.8664790198	0.0	0.593633081449	0.0	-0.213656179111	0.0	0.0	0.246036735545	0.0	0.0
dosg131	0.0	0.0	0.0	-0.0356480557282	0.330506332063	0.0	0.0	0.0	-1.73768252385	0.0	0.0	1.08719846406	0.0	0.0	0.301251752907	0.0	-1.05878365892	0.0	0.0	0.0
dosg132	0.0	-0.655258848047	0.626338604148	0.0	0.0	0.0	-1.70206924159	0.0	0.0	1.48081038851	0.0	-1.34180389282	0.0	-0.709440002743	0.0	0.884386813141	-0.77455374987	0.855594852492	1.04009269664	0.0
dosg133	0.0	0.0	0.0	0.0	0.2060277482	0.0	0.0	-0.839854921367	0.0	0.0	0.0	0.0	0.0	0.0	0.0	0.0	0.0	0.0	0.0	0.0
dosg134	0.0	-0.587083915068	0.0	0.0	0.0	0.0	0.0	0.0	0.0	0.0	0.0	0.0	0.0	0.0	0.0	0.0	-0.730958414644	0.0	0.0	0.0
dosg135	0.0956979882231	0.0	0.0	0.260114977458	0.0	1.1595151899	1.41489515755	0.0	0.0	0.0	0.0	0.0	0.0	1.52483889543	0.0	0.0	0.0	-1.84963804815	0.0	0.0
dosg136	0.0	0.997668739549	0.0	0.0	0.0	0.0	0.0	0.0	0.0	0.142514910787	0.0	0.0	0.0	0.241317526141	-0.717474771707	0.0	0.0	0.926276339769	0.932218037019	0.0
dosg137	0.594597029844	0.0	0.0	0.0	0.25959885636	0.0	0.0	0.0	0.0	0.0	0.0	0.0	0.0	0.0	0.0	0.737489616357	0.0	0.0	-0.142046130704	0.0
dosg138	0.0	0.0	0.0	0.0	0.0	0.0	0.582114791401	-0.366339822822	0.0	-0.690573784221	0.0	0.0	0.0	0.0	-0.804463011012	0.0	1.08535143694	0.0	0.0	0.0
dosg139	0.0	-0.843579208548	1.14671787007	0.0	0.0	0.56884111858	0.0	0.0	0.0	0.0	0.0	0.0	0.0	0.0	0.0	0.0	0.0	0.190281341656	-0.539588430973	0.0
dosg140	0.0	0.0	0.560824011134	0.00561623168041	0.0	0.0	0.0	-0.113977514268	0.0	0.0	-0.299885020961	0.0	0.0	0.0	0.0	0.0	0.0	0.0	0.0	0.0
dosg141	0.0	0.0	0.0	0.0	0.0	0.0	0.0	-0.0465429658144	0.0	0.0	0.330438560858	-0.068240410658	0.0	0.0	-0.808192283819	0.0	0.0	0.0	0.0	0.0
dosg142	0.0	0.0	0.0	0.0	0.0	0.0	0.0	0.5645719274	0.0	0.0	0.0	1.55014844796	0.902127427582	0.169548437347	0.0	0.0	0.0	0.0	0.0	0.0
dosg143	0.0	0.0	0.0	0.0	0.0	0.0	0.0	-0.983094083884	0.0	0.0	0.0	0.0	0.0	0.0	0.0	0.0	0.0	0.0	0.0	0.0
dosg144	0.0	0.0	0.0	0.362668061688	0.0	0.0	0.0	0.0	0.0	0.0	0.0	0.0	1.50097194995	-0.438688433158	-1.19350882005	0.0	0.0	0.0	0.0	0.0
dosg145	0.282882803162	0.0	0.0	0.0	0.0	0.0	0.144610502725	0.0	0.0286626050592	0.022514686351	0.0	0.0	0.0	0.94665356344	0.0	0.0	0.0	0.0	0.0	0.0475335489003
dosg146	0.0	0.0	0.0	0.0	-2.19839353583	0.0	0.0	-1.14638048481	0.0	0.0	0.0	1.45683437366	0.0	0.0	0.0	0.0	0.476826015528	0.0	0.0	0.0
dosg147	0.0	0.0	-1.78868518557	0.0	0.0	0.0	0.169802236355	0.0	0.0	0.0	0.0	0.0	0.0	0.639008095841	0.0	0.0	0.0	0.0	-0.346544719069	0.538119979175
dosg148	0.0	0.0	0.0	0.0	0.0	0.0	0.0	0.0	0.927805294657	0.0	0.0	2.14046693712	0.0	0.0	0.0	0.468030340153	0.00761049172355	0.0295681740285	0.0	0.0
dosg149	0.0879499633908	0.0	0.0	0.0	0.0	0.252279174063	0.0	0.0	0.0	0.0	0.0	0.0	-0.167857499719	0.0	0.0	0.0	0.0	0.0	0.0	0.0
dosg150	-1.87190373599	0.844468645725	0.0	0.0	0.0	0.0	0.0	0.0	0.0	0.0	0.0	0.0	0.191048393153	0.0	0.0	0.0	-0.0734580925165	0.0	0.0	0.0
dosg151	0.0	1.8616211896	0.0	0.290660173616	1.21998361121	0.0	-1.3570507781	0.0	0.0	0.0	0.0	0.0	0.0	0.0	0.237505680134	0.0	0.205593921468	0.0	0.0	0.0
dosg152	0.0	0.0	0.0	0.732579308047	0.0	-0.571984991367	0.0	0.0	0.0	0.0	-1.00356156697	0.0	-1.33055181914	0.0	0.0	0.0	0.0	0.0	0.0	0.0
dosg153	0.0	0.0	0.0416093825978	0.0	0.0	0.0	0.878334311307	-0.20319952946	0.0	0.0	0.0	0.0	0.0	1.16229882148	0.0	1.1250711131	0.0	0.0	0.0	0.0
dosg154	0.766087566772	0.0	0.0	0.0	-0.453319551717	0.977693172019	0.0	0.0	0.0	0.0	-0.343597733243	0.0	0.0	0.0	-0.145591091379	0.0	0.0	1.19367262737	0.178289405847	1.68466818977
dosg155	0.0	0.0	-1.26982557398	0.0	0.0	0.0	0.0	0.0	0.604601817615	0.0	0.0	0.0	0.0	0.0	0.0	0.0	0.0	0.0	-1.52280218047	1.68063632935
dosg156	0.0	-0.947532211822	0.0	0.0	0.943479153495	0.0	0.0	-0.32900688161	0.0	0.0	0.0	0.0	0.0	0.0	0.0	0.0	0.0	2.14935494676	0.0	0.0
dosg157	0.0	0.32540610372	-0.315322581522	0.0	0.0	0.361836697267	0.0	0.532381596637	-0.746997664205	0.0	0.0	0.0	-0.579358969196	0.0	0.0	0.0	0.0	0.0	0.0	0.0
dosg158	0.0	0.0	0.0	0.0	0.0	0.0	0.0	0.0	0.0	-0.789068340045	-2.01225011787	0.0	0.0	0.0	0.0	0.0	0.0	0.0	1.17747172502	0.0
dosg159	0.0	0.0	0.0	0.0	0.0	0.0	0.0	0.0	0.758207956552	0.186105091967	0.0	-1.05975050419	-0.346419698117	0.0	0.0	0.0	0.0	0.0	-0.896038824547	0.0
dosg160	0.0	0.0	0.0	0.0	1.97810436261	0.0	0.0	0.0	0.0	0.0	1.23169977062	0.0	0.0	0.0	0.0	0.0	0.0	0.0	0.0	0.0
dosg161	0.0	0.0	-2.24069844783	-1.01867256768	0.0	1.41104506385	0.0	0.0	-0.6776673314	0.0	0.0	0.192029948109	0.0	0.0	0.0	0.0	-0.484237671467	0.780005049185	0.0	0.0
dosg162	0.0	0.0	0.0	0.0	0.0	-2.42992914196	-0.855287763608	0.0	0.485655424162	0.0	-0.847990836507	0.0	-0.616527402764	0.0	0.0	0.0	1.34006388338	0.0	0.0	0.0
dosg163	0.0	0.0	0.299823557165	0.0	0.0	0.0	0.0	0.0	0.0	1.05114053938	0.0	0.0	-0.261829913625	0.0	0.439765246475	0.0	-0.478421551672	0.0	1.45013714644	0.0
dosg164	0.0	0.0	1.1314404589	0.0	0.0	0.0	0.0	0.0	0.0	0.0	-0.0525396958836	-0.54597355615	0.0	0.0	0.0884775896822	0.0	0.0	0.0	0.0	0.0
dosg165	0.0	0.0	0.0	0.416872742049	0.0	0.0	0.0	0.0	0.0	0.479218463387	0.703601340538	-0.545750220693	-0.498090223854	0.824929111929	0.0	0.0	0.0	-0.341692850032	0.0	0.956805564166
dosg166	-1.5761627473	0.0	0.0	2.06163227884	0.0	0.0	0.0	0.0	0.0	0.0	0.0	0.389526221619	0.32258520377	0.969684623891	0.0	-0.631232485185	0.14880322793	0.0	0.0	0.0
dosg167	-1.38546582323	0.0	0.0	0.0	0.0	0.0	0.0	1.39477117861	0.0	0.0	0.0	0.0	0.0	0.0	2.08206230815	0.0	0.0	0.0	0.135998377195	0.1874719398
dosg168	0.0	0.0	0.0	0.0	0.0	0.0	0.0	0.0	0.0	0.0	-0.700254021113	0.0	0.0	0.0	0.0	0.0	0.0	-0.410830904553	-0.257759124123	0.0
dosg169	0.0	0.0	-0.284841524874	-0.867234012341	0.589526797681	0.0	0.0	1.43598297279	0.0	0.0	0.0	-1.90719333024	0.114560669376	0.0	-0.801712750516	0.0	-0.0517462754077	0.0	0.0	0.0
dosg170	0.0	0.0	0.0	0.0	0.0	0.0	0.0	0.0	0.0	0.0	0.0	-2.03400223643	0.0	0.0	0.0	0.991531180465	-0.0672878828901	1.59734820645	-0.780422220876	0.0
dosg171	0.0	0.0	-0.932186027679	0.0	-0.604216289484	0.0	-1.04300260747	-0.911391075375	0.0	0.0	0.0	0.0	0.0	0.381869424071	0.0	0.0	0.0	0.0	0.0	0.0
dosg172	-1.27537441501	1.22048910883	0.0	0.0	0.590588341713	0.0	0.0	0.0	0.0	0.0	0.0	0.0	0.0	0.0	0.0	1.03099098661	0.388834374933	0.0	0.0	0.0
dosg173	-0.339674284455	0.0	0.0482104748663	0.824686778636	0.0	0.0	-0.0566506839088	0.0	-0.154607221583	0.0	0.0	0.953165278311	0.0	0.0	0.0	0.0	-0.606346896371	-0.413156350837	0.0	0.0
dosg174	0.0	0.57481745518	0.0	0.0	0.0	0.0	0.0	0.0	0.0	-0.944471998411	0.0	0.0	-2.4541600918	0.0	0.0	0.0	-0.111456301698	0.537128846871	0.0	0.642264105986
dosg175	0.0	-1.04350669893	0.0	0.0	-1.10742423015	0.103069596357	0.0	0.0	0.0	0.0	0.0	2.38476573253	0.0	0.0	0.0	0.107674647586	1.28827078629	0.0	0.0	-0.764054969442
dosg176	0.0	0.0	0.0	0.0	0.0	0.0	-0.885621160238	0.0	0.0	0.0	0.0	0.0	0.0	0.0	0.0	-0.288662742177	0.0	2.34324144416	1.11182574241	-0.0704816915565
dosg177	2.68137909017	0.0	0.0	0.0	0.0	0.0	0.0	0.0	0.0	0.0	0.0	0.0	0.0	0.0	0.0	-1.56731242806	-1.51511946856	0.0	0.0	0.859070301886
dosg178	0.0	0.0	0.0	0.0	0.0	0.180267091612	0.0	0.0	-0.10521055498	0.0	0.0	0.942825433132	0.0	0.657733550902	0.0	0.0	0.0	0.0	0.0	-0.139616766124
dosg179	0.0	0.0	0.0	0.0	0.0	0.0	0.0	0.0	-1.27510550498	0.0	0.0	0.0	0.252154835874	-0.179679444123	0.0	1.0176001884	0.435936742622	0.0	0.0	0.0
dosg180	0.0	0.0	0.0	0.0	0.0	0.0	0.0	0.0	-2.13310120839	0.0	0.0	0.0	0.0	0.0	-1.35550748247	0.0	0.374539568218	-1.11140066788	-0.246160410995	0.0
dosg181	0.0	1.33558385203	0.0	0.0	0.0	-0.204106532403	0.0	0.0	0.0	0.0	0.0	0.150907250162	0.0	0.0	0.0	0.0	0.343562199746	0.0	-0.442151481015	0.0
dosg182	-0.173696762729	0.0	-0.545406640809	0.0	0.0	0.0	0.0	0.0	0.0	0.0	0.0	0.0	1.82868787386	0.0	-0.809235710021	0.0	0.0	0.0	0.0	0.87632176735
dosg183	0.798847213844	0.0	-0.00378734499792	0.0	-0.350581136614	0.0	-0.677375195629	0.0	1.60186524617	0.0	0.0	0.0	0.0	1.08794157278	-0.211184628175	0.0	0.788715304631	0.0	0.0	0.0
dosg184	0.0	0.848154928928	0.0	1.43053144882	0.0	0.0	-0.949297014454	0.0	0.0	0.0	0.0	-1.9532157943	0.0	-1.49773714994	0.0	0.0	0.0405337646194	0.0	0.0	0.0
dosg185	0.0	0.0	0.0	0.0	0.0	-0.743821799112	0.767267057706	0.0	0.0	0.0	1.41881843881	0.942687471563	0.0	0.0	0.0	0.0	0.0	0.0	0.0	0.0
dosg186	0.0	0.0	0.0	0.378998410284	0.0	1.23840429685	0.0	-0.369392572631	0.0	0.0	0.0	0.0	0.0	0.0	0.952642649028	2.22316036385	0.0	0.0	0.0	0.0
dosg187	0.0	0.0	0.0	0.130016913543	0.0	0.0	0.0	0.0	0.0	0.0	0.0	0.0	0.0	0.0	-0.139052980078	-0.906333941953	0.0	0.0	0.568693655021	0.0
dosg188	0.0	0.0	-0.907675775535	0.27448108737	0.0	0.0	0.0	0.0	0.0	0.0	0.0	-0.362475733621	0.0	0.0	0.0	0.0	0.287565571365	0.0	-1.511962465	0.0
dosg189	0.0	0.0	0.0	0.0	0.0	0.0	0.827459760011	0.0	-0.874363962245	0.0	0.0	0.0	0.0	0.488791816903	-1.0081393249	0.0	0.0	0.0	0.405249500345	0.755646246868
dosg190	1.67343188747	0.582233942282	0.707984205539	0.355168353692	0.0	0.0	0.0	0.0	0.0	-0.309135902329	1.11392510367	0.151429465287	0.0	0.0	0.0	0.0	0.0	0.0	0.0	-0.583470137974
dosg191	0.0	0.0	0.0	-0.72350252671	-0.336220565735	-0.15889077889	0.0	0.182609886087	0.0	0.0	0.0	0.0979733557048	0.0	1.79575444174	0.0	0.0	0.111982328758	0.0	0.0	0.0
dosg192	1.2240262633	0.0	0.0	0.874187802474	0.0	0.0	0.0	0.0	1.28562742774	0.0	0.0	0.0	0.0	-0.167150719043	0.0	0.0	0.0	0.0	0.0	0.676676213149
dosg193	0.0	0.0	0.0	0.0	0.0	0.0	0.0	0.0	0.0	0.0	0.642463579705	0.0	0.0	0.223471295989	0.0	0.0	0.0	0.0	0.0	0.0
dosg194	0.0	0.279481883078	-0.152761354987	0.0	0.0	0.0	0.0	0.0	0.0	0.0	0.0	1.12050933478	0.987979903885	1.13903261704	0.0	-0.775253503765	0.350451884618	-0.291202611809	0.0	0.0
dosg195	0.0	0.0	0.0	-0.277343769384	0.0	0.514186781796	-0.00671873766227	0.0	0.0	0.0	0.268349959221	0.0	0.0	0.0	0.0	0.0	-1.15589393331	0.741872279048	-0.541561308006	0.0
dosg196	0.0	0.0	0.0	-1.78886842953	0.0	-0.955300402925	-0.152059560631	0.0	0.0	0.215363971614	0.0	0.0	0.0	0.0	0.0	0.0	0.397366794125	-0.947944294891	-2.22575618582	0.0
dosg197	0.0	0.0	-0.937446450856	0.0	0.0	0.051892161535	0.694217815074	0.0	0.0	0.0	0.0	0.0	0.0	-1.67079931681	0.0	0.0	0.0	0.0	0.0	0.0
dosg198	1.26728391567	-0.274494035982	0.0	-0.14946330338	0.0	0.0	0.234142241563	-1.11488313908	0.429745868698	0.0	0.0	0.0	0.0	0.0	0.0	0.0	0.0	0.0	0.0	0.0
dosg199	0.0	0.0	0.0	0.0	0.0	0.0	0.0	2.56371129904	0.0	0.0	0.0	0.0	0.0	0.0	0.0	0.0227114231461	0.0	0.0	0.0	0.0