unot0	unot1	unot2	unot3	unot4	unot5	unot6	unot7	unot8	unot9	unot10	unot11	unot12	unot13	unot14	unot15	unot16	unot17	unot18	unot19
unot0	0.0	0.0	1.01969581381	0.0	0.0	0.0	0.0	0.0	0.0	0.0	0.0	0.0	0.0	0.606473672526	-0.383943817728	0.0	0.0	0.0	0.0	0.0
unot1	0.0	0.0	0.57174528483	0.0	1.50963606366	0.0	0.0	0.718725289009	0.0	-0.066840598664	1.5914320043	0.0	0.0	0.0	0.0	0.0	0.0	-0.352806326203	-1.17068290147	0.0
unot2	0.0	0.0	0.0	-0.742607690499	0.0	0.0	0.0	0.0	-0.984353506184	0.0	0.0	0.0	0.0	0.0	0.0	1.1491462768	0.0	0.0	0.0	0.0
unot3	0.0	0.0	0.0	0.0	0.0	-0.488584450138	0.0	0.0	0.0	0.0	0.0	0.0	0.0	0.465959037541	0.0	0.0	0.647879511142	0.0	0.0	0.0
unot4	-0.396625810034	0.0	0.0	0.0	-0.00896257467167	0.0	0.0	0.0	0.0	0.0	0.0	0.0	0.0	0.0	0.0	0.0	0.0	0.0	0.0	0.0
unot5	0.0	0.0	0.0	0.659898062038	0.0	0.964683773688	0.0	0.0	0.0	0.0	0.0	-0.18703148401	0.0	0.0	0.0	0.0	0.0	0.0	0.0	0.0
unot6	0.0	0.0	0.0	0.0	0.0	0.0	0.818286779584	0.0	0.0	0.0	0.0	0.0	0.0	0.0	-1.13223609064	-1.39892991298	0.0	0.0	0.0	-0.296934467369
unot7	0.0	0.0	0.0	0.0	2.55067488816	0.0	0.0	0.0	0.0	1.10069537604	0.0	0.0	0.0	0.0	0.0	0.0340277244123	-0.315252872486	0.0	0.0	0.0
unot8	0.0	0.0	0.0	0.0	0.0	0.0	0.0	-0.293715350598	0.0	0.0	0.0	0.0	0.0	0.0	1.33994169635	0.0	0.0	0.0	0.0	-1.26858260135
unot9	0.0	-0.6642773943	0.0988404734319	0.0	0.0	0.0	0.0	0.0	0.0	0.0	1.20897107154	0.0	0.0	-1.06236462654	0.0	0.0	0.0	0.0	0.0	0.0
unot10	0.0	-0.910720358177	0.0	0.0286249800447	1.07722824412	0.0	-0.438105509038	0.0	0.0	0.0	-0.092416198399	0.0	0.0	0.0	0.0	0.0	0.0	-1.01689667701	0.0	0.0
unot11	0.306893480228	0.0	0.0	0.0	0.0	0.0	0.0	0.0	0.0	0.0	0.0	0.0	-0.37538915897	-0.168717180178	0.0	-0.170971441502	0.0	0.0	0.0	0.0
unot12	-1.03853852342	1.32468644076	0.0	0.0	0.0	0.0	-0.00183944546328	0.0	0.0	-0.163517602191	0.0	0.0	0.0	0.0	0.0	0.0	0.0	0.0	-0.360319554579	-0.687293047696
unot13	0.0	0.0	0.0	0.0	0.0	0.0	-0.0835306103414	0.0	-1.01566351984	0.0	0.0	0.0	0.0	0.0	0.0	0.277423290114	0.0	-0.74866545693	0.127138173005	0.0
unot14	0.0	0.0	0.0	0.0	0.0	0.0	-0.00269156449199	-1.15825395856	0.0	0.0	0.0	-0.0159444124693	1.06381249191	0.067791963348	0.380579791672	0.0	-0.0557117828579	0.0	0.0	-0.116709925287
unot15	2.32333534576	0.0	-0.342876550154	0.0	0.0	0.0	0.0	0.0	0.0	0.637276827223	0.0	0.0	0.0	0.0	0.0	0.0	-2.02127220141	0.322003398444	0.0	0.0
unot16	-0.212536702306	0.0	-1.06454682706	0.0	0.0	0.0	0.0	0.0	-1.03075451593	0.0	0.0	0.0	0.0	0.648495391855	0.0	0.0	0.0	0.0	0.0	0.438631178446
unot17	0.0	0.0722958397916	0.0	0.0	-0.164362431941	1.19560687367	-1.78952649673	0.0	0.0	0.0	0.0	0.0489810416995	0.0	0.0	0.0	0.0	0.0	0.0	0.0	0.0
unot18	0.0	0.0	0.0	0.0	0.0	0.0	0.0	0.0	0.130107955913	0.0	-0.129982762518	0.0	0.68437372878	0.0	0.0	0.0	-0.417806404118	0.0	0.0	0.0
unot19	0.0	0.619445728535	0.0	0.0	0.0	-0.220436053238	0.312480210177	0.26847443857	0.0737288482943	0.234409455358	1.59655461332	0.0	0.0	0.485579557395	0.0	0.296189818271	0.0	0.0	0.0	0.0
unog0	-1.27605415098	0.0	0.0	0.0	0.382378247487	0.0	-0.486398701062	-0.855380203327	0.0	-0.412750634763	-0.768949370852	0.0	-0.716012119303	-0.21788363837	0.0	-1.3105387895	0.0	0.387644882486	0.0	0.0
unog1	0.0	0.0	0.0	0.0	0.0	0.0	0.0	0.0	0.0	0.0382634293929	0.0	0.0	0.0	0.0	0.0	0.269628947388	0.0	0.0	0.0	0.0
unog2	-0.290917509582	0.0	0.0	0.0	0.0	0.0	0.0	0.0	0.0	0.406675573824	0.718211563054	-0.926964918858	0.0	0.0	0.0	0.0	0.0	0.0	0.0	0.0
unog3	0.367513570815	0.0	0.0	0.0	0.0	0.0	0.0	0.237057401526	0.0	0.0	0.0	0.0	0.0	0.0	-0.345807080024	0.0	0.0	0.0	0.0	0.0
unog4	0.0	0.0	0.0	0.0	0.0	-0.537159158069	-1.79678198112	-0.510391593021	0.0	0.0	0.0	-0.163621587834	0.209738104162	0.0	-0.434423112385	0.0	0.0	0.0	0.503496240511	0.0
unog5	0.0	0.0	0.0	-1.02113749256	-1.43459267428	0.0	0.0	0.0	0.0	0.0	0.0	0.0	0.0	0.0	0.0	0.676059650911	0.0	0.0	-0.956048962897	0.0
unog6	0.0	0.0	-0.0226053812218	0.0	-0.717420008043	0.0	0.0	0.0	0.0	1.84437688076	0.0	-0.861702071838	0.0	0.0	0.121561061918	0.0	0.0	0.0	0.0	0.0
unog7	1.25359055989	0.0	0.0	0.0	0.0	0.0	0.0	0.0	0.0	-0.542211969319	0.0	0.0	-0.133184954385	0.0	0.0	0.0	0.0	0.0	0.0	0.0
unog8	0.0	0.0	0.0	0.0	0.0	0.0	0.0	0.0	0.0	0.0	0.0	0.0	-0.601392494568	0.0	1.94798486165	0.635210672263	0.0	0.0	0.291661844862	0.0
unog9	-1.39372941809	0.0	0.0	-1.43980917475	1.35637121136	0.0	0.682031947055	0.0	0.0	0.0	0.0	0.232763460263	0.0	-2.14452977327	-1.29000214013	0.0	0.947771181175	0.0	0.586537970083	0.0
unog10	0.0	0.0	0.0	0.0	0.0	0.0	0.0	0.0	-0.979585934623	0.0	0.47597715498	-0.161951421823	0.0	0.0	0.0	-2.2026173038	0.0	0.0	0.0	0.0
unog11	0.0	0.0	0.0	0.0	0.0	0.0	0.392685284129	0.0	-1.054969099	-0.404529655514	0.0	-2.16230917367	0.0	0.0	0.0	0.0	-0.72518048338	0.0	0.0	-0.178623452069
unog12	0.0	-0.00561189518073	0.0	0.89342338768	0.22994111727	-0.86702808831	0.0	1.6517957903	0.0	0.0	-0.73746650577	0.0	0.0	0.0	0.0	0.0	1.19668047578	0.13387819271	0.43689374144	0.349151568848
unog13	0.0	0.0	0.0	0.0	0.0	0.0	0.0	0.0	0.0	-0.240204700169	0.0	0.0	1.24638686655	1.49808513369	0.570820564168	0.0	0.00454284070606	0.0	0.0	0.023661669082
unog14	0.0	0.0	0.0	0.0	-0.517504992344	0.0	0.0	-0.309026970175	0.0	0.0	0.0	0.0	0.0	0.0	1.37685043386	0.0	0.0	0.0	0.0	0.0
unog15	0.0	0.0	0.0	0.28029280611	-0.130825786426	0.0	0.0	0.0	0.0	0.0	0.0	0.0	0.0	0.636833673512	0.0	0.0	0.0	0.0	0.0	0.0
unog16	0.0	0.608926210205	0.0	0.0	0.0	0.975047296776	-0.356715197145	0.0	0.0	0.0	0.827215134789	0.0	0.0	0.0	0.0	1.38541370995	0.0599173848383	-0.0316861765189	0.0	0.0
unog17	0.0	0.632988476597	0.0	-0.992608001418	0.0	0.0	0.0	0.0	0.180167958933	0.0	0.0	0.61961201548	0.0	-1.13294463509	-1.22904678008	0.0	0.0	2.47948149441	0.0	0.0
unog18	0.0	-0.65557695967	0.0	-0.828287973027	0.129195313094	-0.460325008851	-0.181004749414	0.0	0.73700785983	-0.605634615656	0.0	0.0	-0.838802338928	0.0	0.0	0.0	0.0	0.0	0.0	0.0
unog19	0.0	0.0	0.0	-0.68250956248	0.69473941083	0.0	0.0	0.0	1.28830216333	0.0	0.0	0.0	0.0	0.0	0.0	0.0	-2.48271058489	0.0	0.0	0.0
unog20	0.850524827916	0.0	0.0	-0.894628452212	0.0	0.709302223299	0.0	0.0	0.0	0.0	-0.176208262644	1.94955943172	0.738446668545	0.0	0.0	0.0	0.0	0.0	0.0	0.0
unog21	0.0	-0.447872001773	0.0	0.0	0.0829617988424	0.0	0.0	-1.35820108174	0.0	0.0	0.0	-1.17220096926	1.50235645414	0.0	-0.981695901667	0.0	-0.543869865328	0.0	-0.79880829964	0.0
unog22	-0.168600055674	0.0	0.0244460471923	0.0	-1.36943054477	0.0	0.0	-0.455197282882	0.0	0.0	0.92211255799	1.30659288982	0.0	0.0	0.0	-1.18393362468	-1.30861346672	0.0	0.0	0.0
unog23	0.0	-0.201011353714	0.0	0.0	0.0	0.0	0.0	0.0	0.438706386043	0.00830452770983	0.0	0.0	0.0	0.0	0.0	0.0	-0.956013162535	0.932937422224	0.0	0.0
unog24	0.579112825994	-1.49593166659	0.0	0.0	0.0	-0.482310530824	0.0	1.25948331684	0.0	0.160248060785	0.0	0.0	0.0	0.0	0.0	0.0	1.92624288736	0.0	0.331838487328	0.0
unog25	0.0	-0.112325725787	0.0	0.761863365541	0.0	0.0	0.0	0.0	0.0	0.0	0.0	0.0	0.0	0.0	0.139026226963	-1.23234803334	0.0	-0.463197846008	0.0	0.0
unog26	0.0	0.0	-0.552634667645	0.0	0.0	0.0	0.0	0.0	0.0	0.0	0.0	-0.0114010018408	0.938051442857	0.368543716382	0.0	0.0	0.0	0.990390933435	0.0	-0.811797702579
unog27	0.0	0.0	0.300261219198	0.0	-1.72110217314	0.195020836914	0.0	0.0	0.0	0.110994590099	-1.34460463079	0.0	0.0	0.0	0.0	0.296665855363	-0.443319122161	0.0	0.0	2.29489482765
unog28	0.0	0.0	0.0	0.0	0.0	0.0	0.0	0.0	0.0	0.0	-0.74022664048	0.0	-1.82042576753	0.0	0.0	0.0	0.0	-0.569290324197	0.0	0.0
unog29	0.0	1.47751725199	0.0	0.0	0.0	-1.79401399518	0.0	0.0	-1.8135685213	0.0	0.0	0.0	0.0	0.0	0.0	0.0	0.0	0.0822171145867	0.0	-0.789743075274
unog30	0.0	0.0	-2.60119802843	0.0	0.0	0.0	0.0	0.0	-0.329362045125	0.0	0.0	0.0	0.0	0.420887581976	0.0	0.0	0.0	0.0	0.0	-1.33666881509
unog31	0.0	0.0	0.0	0.0	0.0	0.0	0.0	0.0	0.1322612641	0.0	0.0	0.0	0.0	0.0	0.0	-0.276631606478	0.0	0.0	0.0	0.0
unog32	0.0	0.0	0.0	-1.24525045897	0.0	0.0	0.0	0.822607469234	0.0	0.0	0.0	-1.72770824549	0.0	0.0	0.0	-0.816747717243	0.884652491958	0.668851968107	0.0	0.0
unog33	0.0	0.0	0.0	0.0	0.0	0.0	-1.80261306779	0.0	0.916350560209	0.861002387112	0.519715585292	-1.42510086205	0.0	0.0	0.0	0.0	0.430049040161	0.0	-0.247313161388	-1.65708369494
unog34	0.0	0.0	0.0	0.0	0.0	0.0	0.0	0.0	0.0	0.0	0.0	0.0	1.23788170178	0.0	0.0	0.0	0.0	0.0	0.0	0.0
unog35	-0.268704330045	0.0	0.0	0.0	0.0	0.0	0.0	0.0	0.0	0.0	0.0	-1.25399679818	0.0	1.30592164586	0.0	0.0	0.096912816572	0.0	0.0	0.0
unog36	0.0	0.0	-0.0512657240565	0.0	1.70220890654	-0.0281061443339	0.0	0.0	-0.664325607823	0.0	0.0	0.0	0.0	0.0	0.0	0.0	-0.68287641763	0.0	0.461219079421	0.0
unog37	-0.808089932799	0.0	0.0	0.0	0.0	0.0	0.0	0.0	0.0	0.0	-0.553387041956	0.0	0.0	0.0	0.0	0.0	0.0630857575757	0.0	0.0	0.633053498461
unog38	-1.71923177187	0.728355294627	0.0	0.0	0.0	0.0	0.0	0.0	0.0	0.0	0.731172086503	0.0	0.0	0.0	0.0	0.0	0.0	0.0	0.0	0.0
unog39	0.0	0.0	0.0	0.0	0.936913037206	0.0	0.0	0.0	0.0	0.0	0.0	0.0	0.351782462073	0.0	0.0	0.0	0.0	0.268116449022	0.0	0.0
unog40	-1.68479902434	0.362196400268	0.0	0.0	-0.13093010874	-0.754403970898	0.0	1.02181310082	0.0	0.0	0.802461990349	0.0	0.0	-0.495245532598	0.0	0.0	0.0	0.723994953833	0.0	0.0
unog41	0.229299588035	0.287260964933	0.0	1.41200766059	0.0	0.0	1.92429818423	0.0	0.0	0.0	0.0	0.0	0.938317344898	-0.466935160085	0.0	-0.273562843527	0.0	0.0	0.0	-1.25226373226
unog42	0.995577239408	0.0	0.0	0.0	0.636669100243	0.16889052431	0.0	1.21469868546	0.0305948006563	-0.877679382875	-1.35762267596	0.0	0.0	1.04859391685	0.0	0.0	0.0	0.0	0.0	0.0
unog43	0.0	0.0	-0.576222994661	0.0	-0.982261907936	0.0	0.0	-1.33569041157	0.71597176887	-0.533311798946	-0.843004384088	-1.3783881119	0.0	0.0	0.0	0.0	0.0	0.229382028579	0.0	0.0
unog44	0.0	0.0	0.0	0.0	0.331870098345	0.0	0.0	0.0	0.513187560133	0.040925812221	0.0	0.0	-0.658734988824	0.0	0.0	0.0	0.0	0.0	-0.318789010728	0.0
unog45	0.0	0.0	0.0	0.0	0.0	0.0	0.0	0.0	0.0	0.0	0.0	-0.606408058019	0.0	0.0	0.0	0.0	0.0	-1.26459705456	0.0	0.0
unog46	0.0	0.0	0.0	1.2302807451	0.135179212705	1.24913483692	0.0	0.0	1.61083567191	0.0	0.0	-0.0513822669237	0.0	0.0	0.0	0.132236314309	0.0	0.0	0.0	0.0
unog47	0.0	0.0	0.0	0.0	0.0	-0.00181333851744	0.0	0.0	0.0	0.0	0.0	0.0	0.0	0.273380403405	0.0	0.0	0.0	0.00494465409779	0.0	0.0
unog48	0.0	0.0	0.0	0.0	0.0	0.0	0.0	0.0	0.0	-0.789218797091	-0.23921518561	-0.921905783081	0.0	0.0	0.0	0.0	0.0	0.0	0.0	0.0
unog49	-0.298301230311	0.0	1.13411505618	0.0	0.0	-0.515775555882	0.0	0.0	-0.344764116548	0.0	0.0	-0.0114938449647	0.467797461366	0.0	0.0	0.0	0.0	1.11425719126	0.0	0.0
unog50	0.0	0.0	1.35870095475	0.804323486363	0.0	0.0	0.0	1.57610377477	0.0	0.0	0.764140042436	0.0	0.0	-0.419417550723	0.0	0.0	0.0	0.0	0.369719403037	0.0
unog51	0.0	-0.752761599712	0.0	-1.1186700287	0.0	0.0	-0.671507795553	0.0	0.0	0.0	0.0	0.0	0.0	0.0	-0.0194165309251	0.0	0.0	0.0	0.0	0.0
unog52	0.0	0.0	0.0	0.0	0.0	0.0	0.185516579036	0.0	0.0	0.0	0.0	0.283964727649	0.0	0.0	0.911446788546	0.0	0.0	0.0	0.0	0.0
unog53	0.0	0.0	0.0	0.760508640833	0.0	0.0	0.0	-0.590049289432	0.0	-0.0134775300397	0.0	0.0	0.0	0.0	0.0	0.0	-0.235516283942	-1.09241868492	0.367417659565	0.0
unog54	0.0	0.0	-0.425418281848	0.0	0.0	0.0	0.0	0.75316884779	0.0	0.0	0.0	0.0	0.0	-1.23307070978	0.0	0.0	0.0	0.0	0.0	0.0
unog55	0.0	0.0	0.0	0.0	0.0	-1.8923079285	0.0	0.0	0.0	-0.748081783699	0.821060793751	0.0	0.0	0.0	0.0	0.0	0.0	0.0	0.700601256071	0.0
unog56	0.355268376381	0.0	0.0	-2.11938340936	0.0	-2.11158602319	0.0	0.0	0.0	0.0	0.0	0.0	0.0	0.0	-0.0487090628511	1.1601531012	0.0	0.0	0.0	0.0
unog57	-0.737588937586	0.0	0.0	1.06663021283	0.0	0.0	0.0	-0.774552996141	0.901059921327	0.0	0.0	0.0	0.0	0.0	0.0	0.0	0.0	0.0	0.0	0.0
unog58	0.0	0.0	0.0	0.0	-1.33754912972	0.0	0.0	0.182597173448	0.0	0.0	0.0	0.0	0.0	0.0	0.0	0.0	0.0	0.0	0.0	0.0
unog59	0.0	0.0	0.0	0.0	0.0	0.0	1.31348151823	0.0	0.0	0.0	0.0	0.547028909108	0.0	0.0	-0.693861486937	1.07392800527	0.0	0.0	0.0	0.0
unog60	0.0	0.278968251549	0.0	0.0	-0.802046573753	0.0	0.471988312216	0.0	0.0	0.0	0.0	0.0	0.0	0.0	0.00205715984597	0.0	0.0	-1.24732923467	0.0	0.0
unog61	0.0	0.314018449938	0.0	0.0	0.0	0.31360076267	0.0	0.0	0.0	0.0	0.0	0.0	0.0	0.0	0.0	0.0	0.0	0.0	0.0	0.0
unog62	0.332749264356	0.0	0.0	-0.379601422225	0.0	0.0	0.0	0.0	0.0	0.0	0.0	0.0	0.0	0.0	0.0	0.162378502571	-0.10703761555	0.0	0.0	-0.107254157326
unog63	0.0	0.0	0.0	0.0	0.0	0.0	0.0	0.0	0.0	-0.833219374822	0.0	0.0	0.0	0.256244030733	-1.347475303	0.0	0.0	-1.64118820869	0.798620830031	0.0
unog64	0.0	0.0	0.0	0.0	0.0	0.0	0.0	0.0	0.0	0.0	0.0	0.0	0.0	0.0	0.0792905593985	-1.58556859942	0.0	0.0	0.0	0.0
unog65	0.955706164283	0.0	0.0	0.0	0.0	0.0	-0.0378271765493	0.0	0.0	0.0	0.0	0.0	-1.37664726853	0.0	1.52211798846	0.0	0.0	-0.717009606071	0.0	-0.557923085811
unog66	-0.119933234724	0.0	0.0	0.0	0.451553576509	0.0	0.0	0.0	0.0	0.0	0.0	0.0	1.925161041	0.0	-0.715301764911	0.0	0.0	0.0	0.697107475775	0.497159601048
unog67	0.0	0.0	0.0	0.309700150787	0.0	0.0	0.0	0.0	1.65354053981	0.0	0.0	0.0	1.24507334255	0.0	0.16859776212	0.0	0.708215369393	0.0	-0.663101375317	0.0
unog68	0.0	-1.71261177454	0.0	0.0	0.0	-0.540495955623	0.0	0.0	-0.330169060599	-2.48796049001	0.0	0.0	-0.280789035587	0.0	0.0	0.0	0.0	0.0	0.0	0.0
unog69	0.0	-0.523452343856	0.0	0.0	-1.1225747772	0.0	0.0	0.425120312522	0.0	0.0	0.0	0.0	0.0	0.0	0.0	0.0	0.0	0.0	0.135007259291	0.0
unog70	0.0	-0.022021737471	0.0	0.0	0.0	-0.555944245975	0.954704909708	0.0	0.0	0.0	-0.580453000711	-1.56743313501	0.0	-1.27743353257	0.0	0.0	0.0	0.0	0.0	0.0
unog71	0.0	-0.132484170758	0.0	-0.0511300064763	0.0	0.0	1.27093055196	0.0	0.595608211816	-0.981952152758	-1.76470224813	0.576614228681	0.0	0.0	0.0	0.0	0.0	0.0	1.2810224828	0.0
unog72	-0.852870226084	0.0	0.0	0.0	0.0	0.0	0.35026000942	1.46520814865	0.0	0.0	0.0	0.0	-0.14521803568	0.0	0.0	0.0	0.0	0.0	0.0	0.0461971908984
unog73	0.0	0.0	0.0	0.0	0.0	0.937960501447	0.0	0.0	0.0	0.0	0.0	0.0	0.0	0.153208315193	0.0	0.0	0.0	0.0	0.0	1.65384515297
unog74	0.0	0.0	0.0	0.0	0.0	1.32320164428	0.0	0.0	0.0	0.0	0.0	-1.04103320176	0.0	0.0	0.0	0.618355555894	0.0	0.0	0.0	0.0
unog75	-0.365181737997	0.0	0.0	0.0	0.0	0.726190601353	0.0	0.0	0.0	0.0	0.0	-0.329809249012	1.32385439213	0.0	0.0	0.0	0.0	-0.192622563181	0.0	0.868514444005
unog76	0.0	-0.491011510789	1.73849251988	-1.83362882246	0.0	0.0	0.0	0.718541947784	0.0	0.0	0.656858804473	0.0	0.0	0.0	0.428907778764	0.0	0.0	0.0	0.0	0.0
unog77	0.0	0.0	0.0	0.0	0.0	0.0	0.0	0.0	0.0	0.0	0.0	0.0	0.0	0.0	0.0	0.0	0.0	0.0	0.0	0.0
unog78	0.0	0.0	0.593260161354	0.0	0.0	-0.260479195231	0.0	0.0	0.0	0.0	0.0	0.692576725479	0.0	0.0	0.0	0.0	0.0	0.0	0.0	-1.01435856438
unog79	0.0	0.0	0.0	0.0	0.0	0.0	-0.193800556302	0.0	0.181502883249	0.0	0.0	0.0	0.0	0.826408077747	0.0	0.0	0.0	0.0	0.0	0.365891272601
unog80	0.0	-1.44305437625	0.0	0.0	0.0	0.0	0.0	0.0	0.0	-0.342357976799	0.0	0.0	0.0	0.0	0.0	0.0	0.0	0.0	0.0	0.0
unog81	0.0	0.37717095461	0.0	0.0	0.786687283123	0.0	0.0	-2.29859341189	0.804471489799	0.0	0.0	0.178307421436	-0.860038385695	-0.0625474761009	0.0	0.0	1.68939568398	0.0	0.0	0.0
unog82	0.0	0.0	0.0	0.0	0.0	0.0	0.0	0.0	0.0	0.0	0.0	0.0	1.88952992045	0.0	-1.3981100201	0.0	0.0	0.0	0.0	0.0
unog83	0.408920704329	0.0	0.0	-2.09434793265	0.0	0.0	0.0	0.0	0.0	0.0	0.0	0.0	0.0	0.0	1.60182947758	0.0	0.787539169939	0.0	0.0	0.0
unog84	1.26501374548	0.0	0.0	0.0	0.0	0.161917580964	0.0	0.0	0.0	0.0	0.0	0.0	0.0	0.0	0.0	0.0	0.0	0.0	0.0	0.0
unog85	0.0	0.0	0.0	0.547313911589	0.326920759163	0.0	0.0	0.0	0.0	0.0	-0.431692935857	0.0	0.0	0.0	0.0	0.0	0.0	0.0	-0.328879078615	0.0
unog86	0.0	0.0	2.58389069366	0.0	-0.617597268063	0.158174422742	0.0	1.67710866102	-0.947434377497	0.754275658322	-0.736529252341	0.0	0.0	0.0	0.0	0.0	0.0	0.0	0.0	0.0
unog87	-0.0395521938758	-0.072120433819	0.0	0.0	0.0	0.0	1.12864642338	0.0	0.0	0.951277903962	0.636996840938	0.418758360567	0.0	0.0	0.0	0.153484967708	-1.19731341353	0.565804412639	0.0	0.0
unog88	-1.61316480266	0.0	0.0	0.0	0.0	0.0	0.0	0.0	0.307488392916	0.939148709533	0.0	0.0	0.0	0.382069632852	-0.162264709765	0.0	0.0	0.0	0.0	-0.215049285352
unog89	0.0	-1.05264895989	0.0	0.0	0.0	0.207695539411	0.0	-1.78845180022	0.0	0.0	-0.0795240534123	0.0	-0.0974599854516	0.0	0.0	0.0	0.0	0.0	1.71429981563	0.0
unog90	0.0	0.0	0.479046248597	0.0	0.0	0.0	0.826782013324	0.0	0.0	-0.110668159329	0.0	0.0	0.0	0.0	0.0	0.55446027188	0.0	0.0	0.0	0.0
unog91	0.0	0.0	1.37972132973	-0.181158843958	0.0	0.0	0.0	0.0	0.0	0.0	0.0	0.0	0.0	0.0	0.0	0.0	-1.70987050711	0.0	0.0	-0.984326878378
unog92	0.0	0.0	0.0	0.0	0.0	0.0	0.0	0.0	0.0	0.0	-0.0114011027992	-0.894613825362	0.0	0.0	0.0223417125801	1.14323538486	-1.15473805458	0.0	0.0	0.0
unog93	0.0	0.0	2.8738745244	0.0	-0.545371086962	0.0	-0.558768574702	0.0	0.0	-0.263447368462	0.0	0.0	0.0	0.0	0.0	0.0	0.0	0.0	0.0	0.0
unog94	-1.58178591585	-0.96211404036	0.118448319678	0.0	0.0	0.0	-0.594031083925	0.0	0.0	0.0	-1.30901946784	0.0	0.0	0.0	0.460639585984	0.918844638925	0.0	0.693552348783	0.0	0.0
unog95	0.0	0.0	0.0	0.0	-0.34286108305	0.0	0.0	0.0	0.0	0.0	0.0	0.0	0.0	0.0	0.0	0.0	0.0	0.0	0.0	0.0
unog96	0.0	0.342093373747	-0.448849417576	0.0	0.0	0.0	0.0	0.0	0.0	-0.990349573686	-0.377458711876	0.0	-1.41573825714	0.0	0.556019834747	0.0	0.0	0.0	0.0	0.0740151110737
unog97	1.85466031424	0.0	0.0	0.0	0.439873662856	0.513548705974	1.0007421696	0.0	0.0	0.0	0.0	0.0	0.0	0.866556457043	-1.74112273943	-0.503869670642	0.0	-0.873957183181	0.0	0.0
unog98	0.0	0.526892501813	0.0	0.0	0.0	-0.235938799291	0.0	0.0	0.0	0.0	0.0	0.0	-0.838057984653	0.0	0.403390801572	0.0	0.0	-0.326844240015	0.0	-1.94640979866
unog99	0.0	0.334594149753	0.269419945559	0.0	-0.841563305493	-0.274005179192	0.0	0.745652795004	0.0	0.631198503741	0.289104127044	0.0	0.0	0.0	-0.503590964585	0.0	0.0	0.127580250496	0.0	0.0
unog100	1.22073563307	0.0	0.0	0.739596971311	0.0	0.0	0.0	0.0	0.321083330741	-0.904687442589	0.0	0.0	0.0	-0.892943856465	-0.425023282388	0.0	0.0	-0.462280959012	0.0	0.0
unog101	0.0	0.0	0.0	0.0	0.0	0.0	0.0	0.0	-1.12623700612	0.0	0.0	0.0	0.0	0.0	0.0	0.0	0.0	0.0	0.0	-0.640997459154
unog102	0.0	0.0	0.0	0.0	-0.962973272845	0.0	0.0	0.0	0.0	-1.01442972889	0.0	0.0	-0.798320938802	0.993170886291	0.0	0.0	0.0	-1.13527063448	-1.07051043292	0.0
unog103	0.0	0.0	0.0	0.0	0.54555649458	0.740488150427	0.0	0.0	0.0	0.290790625958	0.0	0.332267519268	0.0	0.0	0.0	0.0	0.0	0.0	0.0	0.0
unog104	0.0	0.0	1.53621309513	0.0	0.0	0.0	0.0	0.0	-1.07515301584	0.0	0.0	0.0	0.0	0.569430717469	0.0	-2.70973716767	0.0	-1.08278456329	0.0	0.0
unog105	0.0	0.0	1.42161579226	0.0	-0.208297576281	0.0	-0.925242912285	0.725071262269	0.0	0.0	0.0	0.0	0.0	0.0	-0.724117969311	0.0	-0.0733961473645	0.0	0.0	0.0
unog106	0.0498384117234	0.0	0.0	0.0	-0.743684122785	0.0	0.0	0.868992034696	0.0	0.0	0.0	0.0	0.0	-0.662390040923	0.0	-0.987688397008	-1.06954671004	-0.947556601674	0.0	0.0
unog107	0.0	0.0	0.0	0.0	-0.319152557671	0.0	0.0	0.0	0.0	0.0	0.0	0.0	0.0	0.0	0.0	1.68388678896	1.01994351831	0.0	0.22369336339	0.0
unog108	0.0	1.70764598516	0.0132980973852	0.0	0.0	0.0	0.0	0.153657184421	0.0	0.0	0.0	0.0	0.0	-1.05865320857	0.0	0.0	0.0	0.0	0.0	0.0
unog109	0.0	0.0	0.0	-1.23026476164	0.0	0.0	-2.87680406612	0.0	0.601522701549	0.0	0.0	0.0	-1.02076767511	0.0	0.963091339844	1.46559783035	0.0	0.0	0.0	0.0
unog110	0.0	-0.915786281005	-0.650741689436	0.0	0.0	-0.361982554637	0.0	0.0	0.0	0.0	0.0	0.0	0.0	0.0	0.0	-0.701199933801	0.0	0.0856448931056	1.62883751809	0.0
unog111	0.0	0.0	0.0	0.0	0.0	0.0	0.0	0.0	0.0	0.0	-1.50268788035	0.0	0.0	0.0	0.0	0.104821690802	0.0	0.0	0.0	0.0
unog112	-1.91609894016	-2.39496284098	0.0	0.0	0.0	0.0	0.0	0.0	0.0	0.0	0.0	0.0	0.0	0.0	0.0	0.0	-1.0232572782	0.0	0.0	0.0
unog113	0.0	0.0	0.0	0.0	0.0572592749624	0.222647965169	0.0	0.985723400156	-1.03731894993	0.0	0.0	0.0	0.0	0.0	0.0	0.0	0.0	0.0	0.858122842277	0.0
unog114	0.0	0.0	1.52550267129	0.0	0.0	0.216960197751	0.0	-1.20161212019	0.0	2.26260966439	0.0	0.0	0.0	0.0	0.0	0.0	0.912428611355	0.0	1.17106033245	0.0
unog115	0.0	0.0	0.0	0.0	-0.379098817627	0.0	0.0	0.0	0.0	-1.91294309968	0.0	0.0	0.0	1.60946030505	0.0	-0.730698734371	0.0	-1.61980152804	0.0	0.0
unog116	0.0	0.0565957784734	0.0	-2.45091474827	0.0	0.0	0.0	0.0	0.0	0.0	0.0	-1.17362877766	0.0	0.0	0.0	0.0	0.0	0.0	0.0	0.0
unog117	0.0	1.54381161171	0.27970851111	0.0	0.0	0.0	-1.00331260061	0.0	0.0	-0.209815881005	0.0	0.0	0.0	-0.725339687106	0.0	0.0	0.0	0.0	0.0	0.0
unog118	0.0	0.0	0.0	0.0	0.0	0.0	0.962560108255	0.0	0.0	0.0	0.0	0.100514635714	0.0	0.0	0.0	0.0	0.0	0.164236422355	0.0	0.0
unog119	0.0	0.0	0.0842097626813	0.0122655848495	0.0	0.0	0.0	0.0	0.0	0.0	0.0	0.0	0.0	0.0	0.0	0.0	0.0	-1.87800649687	1.19480847742	0.0
unog120	0.0	0.0	0.0	-0.217864892888	0.643084416445	0.0	0.0	1.18487258618	0.0	-0.00418187919449	0.0	0.987353576604	0.0	0.0	0.0	0.0	0.0	0.0	0.0	0.0
unog121	0.0	1.92215887687	0.0	0.0	-0.0657833621692	0.0	0.0	0.0	0.0	0.575606083442	0.0	0.0	0.0	0.0	0.0	0.0	0.0	0.294704125131	0.252546198491	0.0
unog122	-0.939904467569	0.0	-0.334709422491	0.0	0.45714112886	0.0	0.0	0.0	-2.2720842553	0.0	0.0	0.0	0.0	0.0	0.0	0.0	-0.074744092212	1.00552564539	-1.34739952152	1.19700113792
unog123	0.0	1.22175475644	0.0430028192514	0.0	0.0	0.0	0.0	0.0	-0.782246918859	0.0	-2.83759052981	-0.0671845989584	0.69999354163	0.0	0.0	0.0	0.0	0.0	0.0	0.0
unog124	1.20983999578	0.0	2.02515331668	0.0	1.20451057117	-0.944207640022	0.0	0.0	0.0	0.0	-0.312501607025	0.182670748429	-1.22877931659	-0.128820683586	0.0	0.381833689057	-0.873255180802	0.0	0.207526515206	-0.135549919957
unog125	0.0	0.0	0.0	0.0	0.0	0.0	0.556332287197	0.0	0.0	0.0	0.0	0.0	0.0	0.0	0.0	0.0	0.0	0.0	0.0	0.0
unog126	0.0	0.0	0.0	-0.607443340906	0.0	-1.16613089154	0.567997061666	0.0	0.0	0.987230510396	0.0	-2.03515685439	0.0	0.0	0.794381219662	0.0	0.0	0.0	0.0	-0.661183817452
unog127	0.0	-2.12305122893	0.0	0.239566889069	0.0	0.0	0.0	-0.217764123711	0.0	-0.233990792725	0.0	0.0	0.0	-0.840138027967	-0.965583816735	1.10122854696	1.00697613408	0.0	0.0	0.0
unog128	0.0	0.0	0.0	-0.661926976793	0.0	0.0	0.0	0.571630037702	0.0	0.0	0.0	0.0	0.0	0.0	0.0	0.0	0.0	0.0	-1.41796660265	0.0
unog129	-0.895188736122	0.0	0.0	-1.92998554488	0.0	0.0	0.0	0.0	0.0	0.0	0.0788765896181	0.0	0.0	0.0	0.0	-0.336219290382	-0.136446300527	0.0	0.0	0.0
unog130	0.0	-0.611249358111	0.0	-1.16720948383	0.0	0.0	0.0	1.42325757234	0.0	0.0	0.0	0.0	0.171871125015	0.0	0.0	0.0	0.0	0.0	0.0	0.306047028306
unog131	0.0	0.0	0.0	-0.0245128977045	0.0	0.0	-0.992402945139	0.0	0.0	0.131374506501	0.0	0.0	0.0	0.0	0.0	0.0	0.0	0.0	0.0	0.264834185893
unog132	0.0	0.0	-1.76452475381	-0.500377855398	0.0	0.0	1.57404798742	0.182065637401	0.0	0.0	0.0	0.0	0.0	-0.53323191635	0.0	0.0	0.0	0.0	0.0	0.0
unog133	0.0	0.547482595752	-0.291693083703	-1.29198532608	0.0	0.0	0.0	0.0	0.0	-1.62225421017	0.0	0.0	0.0	0.0	1.70077452425	0.905859578836	0.0	0.0	0.0	0.0
unog134	0.0	0.0	0.0	0.0	0.0	-2.05871669431	0.0	0.0	-0.811328442665	0.0	0.0	0.0	0.0	1.24720876406	-0.211395445867	-0.335445753144	0.0	0.0	1.85702326168	-0.364156766834
unog135	0.0	0.0	0.0	0.0	3.03152658837	0.0	1.31636642034	0.0	0.0	-0.81666251061	0.0	0.0	0.966066410768	0.645600154337	0.0	0.0	0.0	0.0	0.0	0.0
unog136	0.0	0.0	-0.28541378346	-0.790044348291	0.65346622084	0.0	0.0	0.0	1.65368019934	0.0	0.0	0.0	0.959478133441	1.83158696799	1.50448654521	0.0	0.0	0.0	0.0	1.83739310301
unog137	0.0	0.0	0.0	0.0	1.71560463677	0.278496545934	-2.03151991502	0.0	0.615087994812	0.0	0.0	-0.13492513539	0.0	0.0	0.0	1.5690306745	0.0	0.0	0.0	0.477661241428
unog138	0.0	0.0	0.0	0.0	0.0	-1.23101965929	0.0	0.0	0.0	0.605756062871	0.0	0.0	0.0	0.0	-0.1822518573	0.0	-0.194324827289	0.0	0.0	0.0
unog139	0.766025801314	0.0	0.0	0.0	0.0	0.0	0.0	-0.881864226273	0.0	0.823284328989	0.0	0.0	0.0	-0.742225135438	0.412366552322	0.0	0.0	-0.289487473111	0.0	0.0
unog140	-1.17795807595	0.0	0.0	0.0	0.0	0.0	0.0	0.0	0.0	0.470534400894	0.0	0.0	0.0	1.07893892466	-1.3313086431	0.0	0.0	0.0	-0.363890048868	0.0
unog141	0.0	0.0	0.0	0.0	0.0	0.0	0.0	0.0	0.0	0.0	0.0	0.0	0.456366926941	1.10697385738	-1.03142891121	0.0	0.0	0.881966241881	-0.523158972529	0.00300923112217
unog142	0.0	0.0	0.0	0.0	0.0	0.0	0.0	0.0	0.676648402556	0.980044337698	-0.986243010962	0.0	1.34367009452	0.598151322644	0.0	0.0	0.0	-1.39133390031	0.0	0.0
unog143	0.0	0.0	0.0	0.0	0.00593065101718	0.0	0.0	0.0	0.0	0.0	0.0	0.0	0.0	0.0	0.0	0.0	0.0	0.0	1.05360365504	0.0
unog144	0.0	0.0	0.0	0.0	0.0	0.0	0.951702985684	0.0	1.09935551197	-1.78001940193	0.0	0.0	-0.300129579315	0.0	0.0	0.0	0.0	-0.946856690304	0.0	0.166167412762
unog145	0.0	-0.975113641612	0.0	0.0	0.76182075191	0.0	0.544513351446	0.0	0.0	1.35240401072	0.694985338363	-0.872896890128	0.0	0.0	0.0	0.0	0.0	0.0	0.852377391061	0.0
unog146	0.336723493107	0.0	0.0	0.0	0.0	0.0	0.0	0.0	0.876440412006	0.629043286088	0.0	0.0	0.0	0.0	0.0	0.0	0.0	0.0	1.43603388334	0.0
unog147	0.0	0.0	0.0	0.0	0.0	0.0	0.0	0.0	0.862930268843	0.0	0.0	0.602250952177	0.0	0.0	2.40845375884	0.0	0.0	0.0	0.681874191205	1.30874753587
unog148	-1.33893334953	0.0	0.0	0.0	0.0	0.579200969276	1.21448143323	-0.312276001689	0.459024716592	0.577942581716	0.0	0.0	0.0105424895134	1.12259514933	0.0	0.0	0.0	-0.448057594223	0.0	0.0
unog149	1.73779103806	0.0	-0.568186719805	0.0	0.0	0.0	0.0	0.0	-0.197355959968	0.0	0.0	0.0	-1.31095221836	0.0	0.421599276606	0.0	0.0	0.0	0.0	0.0
unog150	0.299235454451	0.0	0.0	0.0	0.0	0.0	0.0	0.71573158119	0.0	0.109685360909	0.0	0.0	0.0	0.0	0.0	0.0	0.0	0.0	0.0	-1.36697788541
unog151	0.149823558223	0.0	0.0	-0.804012400838	0.0	0.0	0.706514790051	0.0800803563471	0.0	0.0	0.0	0.0	0.0	0.0	0.0681243815375	0.0	0.0	0.0	0.858927475046	0.0
unog152	0.0	0.0	0.0	0.0	0.0	0.317374490124	0.0	0.0	0.0	-1.82991203843	-0.774125769958	0.0	0.0	0.0	0.0	0.0	0.0	0.0	0.0	0.0
unog153	0.0	0.0	-0.462533527777	-1.64948510879	-0.11354687318	0.0	0.0	-0.220932793822	0.0	0.0	1.7847776811	1.1858914762	0.0	0.0	-1.35956092931	0.0	0.0	0.0	0.0	0.0
unog154	0.0	0.0	0.0	0.0	0.0	0.0	1.85028953131	0.0	-0.012220207588	0.0	0.0	0.0	0.0	-1.36937884974	0.0	-1.13281046363	0.0	-2.20935565442	0.0	0.0
unog155	0.0	0.0	0.0	0.0	-1.18015985193	0.0	1.1337866203	-1.58766643173	0.0	0.0	0.0	0.0	0.676534149052	0.0	-0.321189686413	0.0	0.0	0.0	0.0	0.24148021557
unog156	0.0	0.0	0.0	1.33093417592	0.0	0.0	0.0	0.0	0.0	-0.820000375996	1.3361124274	0.0	0.0	0.0	0.0157470587532	-0.384472452902	-1.33121265366	0.0	0.0	0.0
unog157	0.0	0.207874894678	0.0	-1.15343091881	0.0	0.0	0.0	0.0	0.0	0.0	-0.361579440494	0.758923815762	0.0	0.0	0.0	0.0	0.0	0.0	0.0	0.0
unog158	0.0	0.0	0.0	0.0	0.0	0.0	1.57638464241	0.0	0.0	0.0	-0.530882937983	0.0	0.0	0.0	0.238464859069	0.102541530106	-0.525360794953	0.0	0.0	0.0
unog159	0.0	0.0	0.0	0.0	1.09932512437	0.0	0.0	0.0	0.0	0.0	0.0	0.0	0.0	0.0	0.0	0.60344321003	0.543914231343	0.0	0.0	0.0
unog160	0.0	0.0	0.0	0.0	0.0	-0.425179515756	0.0	0.0	0.0	0.673914253386	-0.339475077556	0.0	0.0	0.0	0.930632700437	0.0	0.0	0.0	0.0	0.0
unog161	0.0	0.0	0.0	0.0	0.0	0.0	0.0	0.0	0.0	-0.373180063834	0.0853130196928	0.0	0.0	0.0	0.0	0.0	0.0	0.0	-2.70168439168	0.0
unog162	-1.38086410323	0.0	0.0	0.0	-0.792476613269	-1.42467117279	-0.832375207546	0.0	0.0	0.0	0.0	0.0	0.276506564433	0.0	-1.19169995407	-0.220289009756	0.0	0.0	-1.16265832715	0.0
unog163	0.0	0.0	0.0	0.0	0.858036445385	0.0	0.0	0.0	-2.13054239707	0.0	0.0	0.0	0.0	0.0	0.0	0.0	0.0	0.0	0.0	0.0
unog164	0.872864023156	0.0	0.0	0.0	0.0	0.0	-0.676620163271	0.0	0.0	0.508036206744	0.0	-0.791716418384	0.0	-0.0831459371117	0.0	-0.126817263761	0.0	0.0	0.0	0.0
unog165	0.0	-0.108898782011	0.0	0.0	0.0	0.378300233127	0.0	0.0	0.0	0.0	0.0	0.0	1.75945638064	0.0	0.0	2.50455978656	0.0	0.0	0.0	0.0
unog166	1.00281330748	0.0	0.0	0.0	0.0	0.0	0.0	-1.53111540774	0.0	0.0	-1.57865030319	0.0	0.0	0.0	0.0	0.0	0.0	0.0	0.0	0.0
unog167	0.0	0.0	0.0	-1.63673121935	-0.60360156851	1.58328400628	0.0210700254932	0.0	0.0	0.0	0.0	-0.845356945013	0.0	1.72568070187	-0.397043830326	0.0	0.0	0.0	0.565208145266	0.0
unog168	0.0	0.128420505473	0.0	0.0	0.0	0.54168071339	-0.707419283946	0.0	0.0	0.0	1.37740999383	0.0	0.260292050482	-1.42753729301	0.0	1.82668900041	0.626063573425	0.0	-0.568541779308	0.0
unog169	0.0	0.0	0.0	0.0	0.245568605586	0.0	-0.131830645276	0.621774354889	-0.60567629424	0.0	0.0	0.0	0.0	0.0	0.0	0.0	0.0	0.0	0.0	2.06463906706
unog170	0.173840167911	0.0	-0.954710240769	-1.85582301199	0.0	0.0	0.0	-0.131440938024	0.0	0.0	0.0	0.0	0.849932229642	0.0	0.0	0.156453935595	0.67723016748	0.0	0.0	0.319157820674
unog171	0.0	0.0	1.04723348939	0.0	0.0	0.29739828242	0.0	0.0	0.0	0.0	0.0	0.0	0.0	0.0	0.0	-0.303056973621	0.0	0.0	0.153784249651	0.0
unog172	0.0	0.0	0.117866929021	0.0	0.0	-1.41080790643	0.0	0.0	0.0	0.0	0.0	0.0	0.0	0.0	0.0	0.0	0.0	1.27881437192	0.0	0.0
unog173	0.0	0.0	0.0	0.0	0.0	0.0	0.0	0.0	0.0	0.0	0.0	0.0	0.0	0.0	0.0	0.0	0.0	0.0	0.0	0.0
unog174	0.0	0.0	0.0	0.0	0.0635103619031	0.0	0.0	0.0	0.0	2.42707686419	-2.34306615439	0.0	0.0	0.0	0.0	0.0	0.134916954537	0.0	0.0	0.0
unog175	0.0	-0.0852476963697	-0.712004949361	0.0	-1.50087605234	1.83674843585	0.0	0.0	0.544214038506	0.0	0.0	0.0	-0.125746590496	0.0	0.0	0.0	-0.511476450256	0.0	0.0	0.0
unog176	-1.62190222508	0.0	0.0	0.0	0.0	0.0	0.0	0.0	0.0	1.29741312942	0.0	0.131982173413	0.0	0.0	0.0	0.0	0.0	0.0	0.0	0.0
unog177	0.0	-0.319295294589	0.0	0.0	0.0	0.0	0.0	0.0	0.0	0.0	1.31036450985	0.0	1.06905936218	0.0	0.0	0.0	0.0	0.0	-0.267122166034	0.0
unog178	0.0	-0.243629356202	0.0	0.0	0.0	0.0	0.0	-0.688003089388	0.0	0.923858356462	0.0	0.0809821471509	0.0	-0.727459471914	0.0	0.0	0.0	0.0	0.0	0.0
unog179	0.0	0.0	-1.62510456161	0.0	-0.290065803979	-0.540993224669	0.0	0.0	0.0	0.0	0.0	0.0	-0.271192678236	0.0	0.895058996347	0.0	0.0	0.0	0.0	-0.993918597808
unog180	0.0	0.0	0.0	0.0	0.0	0.0	-0.980874609882	0.0	0.0	0.0	0.0	-1.07192568128	0.0	0.0	0.0	0.0	0.0	0.0	-0.587683493579	0.0
unog181	0.0	0.0	0.0	0.0	0.0	0.0	0.0	0.0	0.0	0.0	0.0	0.0	0.0	0.0	0.0	-0.687449970928	0.0	0.0	0.0	0.0
unog182	-0.0269101394388	1.49148897439	0.0	0.136211376977	0.0	0.0	0.0	0.0	-0.911135600881	0.0	0.0	0.324111602424	0.432340450502	0.0	1.19732180323	0.0	-0.362632962101	0.0	0.175578344069	0.0
unog183	0.0	0.0	0.0	0.0	0.0	0.0	-0.469988766864	1.21043341443	0.0	0.0	0.0	-1.13438827482	0.0	0.160551613025	0.0	0.0	0.0	0.0	0.0	0.0
unog184	0.0	0.0	-0.15002578103	2.84478144944	0.0	0.0	0.0	0.0	0.0	0.0	0.0	0.0718930786736	0.0	0.0	0.785612596038	-0.178019942469	0.0	0.0	0.0	0.0
unog185	0.0	0.0	1.4036476324	0.0	0.0	0.0	0.0	-1.48782064846	0.0	0.0	0.0	0.0	0.0	0.0	0.0	0.0	0.0	0.0	0.0	0.0
unog186	0.0	0.204315285261	0.928402980904	0.0	0.387714319601	0.0	0.0	0.0	0.0	0.0	0.0	-2.28081052089	0.0	0.0	0.0	0.0	0.0	0.0	0.0	0.0
unog187	0.0	0.0	0.0	0.0	0.0	0.0	0.111483999644	0.0	0.0	0.0	0.937982707979	0.0	0.0	-0.296219332138	0.0	0.0	0.0	0.0	0.0	0.0
unog188	0.200116855604	0.0	0.0	0.0	0.0	0.0	0.0	0.0	0.0	0.0	-1.30546979585	0.0	-0.123871114001	0.0	0.0	0.0	-0.34157843814	0.973259605861	0.0	0.0
unog189	0.0	0.427474071865	0.0	0.0	0.0	0.0	-0.82357834546	-0.546224676275	0.0	0.993792411951	-0.554994075825	0.0	1.27249043245	0.0	0.0	0.0	0.0	-0.790452326382	-0.621733081893	0.0
unog190	0.0	0.0	1.45024185877	0.0	0.0	-0.303109658022	-0.415047443278	-0.613699481595	0.0	0.0	-1.98668918035	0.0	0.0	-1.18621789534	0.748881791064	0.0	0.0	0.654976613286	0.0	0.0
unog191	0.0	0.0	0.0	0.477124460899	-0.578128627683	-0.772547226477	0.0	0.0	0.0	0.647564647066	0.0	0.164807596747	0.0	0.0	-0.784670687197	-0.814561778232	0.0	-0.490508915321	0.0	0.0
unog192	-1.22936648869	0.598451928803	-1.73234945201	0.0	0.0	-0.636536451471	0.0	0.0	0.0	0.0	0.0548758622819	0.0	-0.100290725972	0.0	0.0	1.01289447621	0.0	0.0	0.0	1.58196892348
unog193	-1.60746606944	0.0	0.0	-0.972642347036	0.0	0.0	0.0	0.0	0.313335790183	-0.535781352961	0.0	0.0	0.0	0.0	-1.51880665026	0.0	-0.534727023702	0.0	-1.36495590337	0.0
unog194	0.0	0.0	0.0	0.273351035429	-0.0926408965902	0.0	-1.64593604972	0.0	0.0	0.150924492765	-1.20005419732	0.0	0.0	-0.243385876791	0.0	0.0	0.0	0.0	0.0	0.0
unog195	0.0	0.0	0.0	-0.874465614309	0.0	0.0	0.0	0.0	-0.124034662691	0.0	0.71643525823	0.809341766797	0.0	0.0	-0.582855732837	0.0	0.0	0.0	0.0	0.0
unog196	0.0	0.0	-1.97727706474	0.0	0.0	0.0	0.0	-0.157221459933	0.0	0.0	0.0	-0.902827179511	0.0	0.749465880392	0.0	0.438020737325	1.94749506062	0.0	0.0	0.0
unog197	0.0	0.0	0.0	0.0	0.0	0.0	0.0	-0.0209943200053	0.0	0.622607222784	0.169369301625	0.0	0.0	0.0	0.0	0.0	0.0	0.0	-0.818337782274	0.841492277931
unog198	0.0	0.0	0.0	0.0	1.35975784345	-0.849188204606	0.0	-1.64072822308	0.0	0.118211862785	0.0	0.0	0.0	0.0	-0.848523412121	0.416022301128	0.0	0.0	0.0	0.0
unog199	0.0	0.0	0.0	0.0	0.0	0.0	1.6639594278	0.0	0.0	-1.3914901609	0.0	0.0	0.0	0.0	0.0	0.0	0.0	0.0	0.0	1.51909497988