dost0	dost1	dost2	dost3	dost4	dost5	dost6	dost7	dost8	dost9	dost10	dost11	dost12	dost13	dost14	dost15	dost16	dost17	dost18	dost19
dost0	0.0	0.0	1.01969581381	0.0	0.0	0.0	0.0	0.0	0.0	0.0	0.0	0.0	0.0	0.606473672526	-0.383943817728	0.0	0.0	0.0	0.0	0.0
dost1	0.0	0.0	0.57174528483	0.0	1.50963606366	0.0	0.0	0.718725289009	0.0	-0.066840598664	1.5914320043	0.0	0.0	0.0	0.0	0.0	0.0	0.0	0.463488141188	0.0
dost2	0.0	0.0	0.0	-0.742607690499	0.0	0.0	0.0	0.0	-0.984353506184	0.0	0.0	0.0	0.0	0.0	0.0	1.1491462768	0.0	-0.51151845827	1.05160993751	0.0
dost3	0.0	0.0	0.0	0.0	0.0	-0.488584450138	0.0	0.0	0.0	0.0	0.0	0.0	0.0	0.465959037541	0.0	0.0	0.647879511142	-0.461184933659	0.0	0.0
dost4	-0.396625810034	0.0	0.0	0.0	-0.00896257467167	0.0	0.0	0.0	0.0	0.0	0.0	0.0	0.0	0.0	0.0	0.0	0.0	-0.358647737009	0.0	0.0
dost5	0.0	0.0	0.0	0.659898062038	0.0	0.964683773688	0.0	0.0	0.0	0.0	0.0	-0.18703148401	0.0	0.0	0.0	0.0	0.0	0.0	0.0	-0.220643507315
dost6	0.0	0.0	0.0	0.0	0.0	0.0	0.818286779584	0.0	0.0	0.0	0.0	0.0	0.0	0.0	-1.13223609064	-1.39892991298	0.0	0.0	0.0	0.0
dost7	0.0	0.0	0.0	0.0	2.55067488816	0.0	0.0	0.0	0.0	1.10069537604	0.0	0.0	0.0	0.0	0.0	0.0340277244123	-0.315252872486	0.0	0.0	0.0
dost8	0.0	0.0	0.0	0.0	0.0	0.0	0.0	-0.293715350598	0.0	0.0	0.0	0.0	0.0	0.0	1.33994169635	0.0	0.0	0.0	0.0	0.0
dost9	0.0	-0.6642773943	0.0988404734319	0.0	0.0	0.0	0.0	0.0	0.0	0.0	1.20897107154	0.0	0.0	-1.06236462654	0.0	0.0	0.0	0.0	-0.147511107728	0.553661253684
dost10	0.0	-0.910720358177	0.0	0.0286249800447	1.07722824412	0.0	-0.438105509038	0.0	0.0	0.0	-0.092416198399	0.0	0.0	0.0	0.0	0.0	0.0	0.0	0.0	0.0
dost11	0.306893480228	0.0	0.0	0.0	0.0	0.0	0.0	0.0	0.0	0.0	0.0	0.0	-0.37538915897	-0.168717180178	0.0	-0.170971441502	0.0	0.332072530406	-1.02635911605	0.0
dost12	-1.03853852342	1.32468644076	0.0	0.0	0.0	0.0	-0.00183944546328	0.0	0.0	-0.163517602191	0.0	0.0	0.0	0.0	0.0	0.0	0.0	1.24936752363	0.0	0.0
dost13	0.0	0.0	0.0	0.0	0.0	0.0	-0.0835306103414	0.0	-1.01566351984	0.0	0.0	0.0	0.0	0.0	0.0	0.277423290114	0.0	0.0	0.0	0.0
dost14	0.0	0.0	0.0	0.0	0.0	0.0	-0.00269156449199	-1.15825395856	0.0	0.0	0.0	-0.0159444124693	1.06381249191	0.067791963348	0.380579791672	0.0	-0.0557117828579	0.0	1.18061943389	0.417321539541
dost15	2.32333534576	0.0	-0.342876550154	0.0	0.0	0.0	0.0	0.0	0.0	0.637276827223	0.0	0.0	0.0	0.0	0.0	0.0	-2.02127220141	0.0	0.0	0.0
dost16	-0.212536702306	0.0	-1.06454682706	0.0	0.0	0.0	0.0	0.0	-1.03075451593	0.0	0.0	0.0	0.0	0.648495391855	0.0	0.0	0.0	0.0	0.0	0.0
dost17	0.0	0.0	0.0	0.0	0.0	-0.950542571443	0.0	0.0	0.0	0.0	0.0	0.0	0.0	0.0	0.0	0.0	0.0	0.0	0.356704277992	0.0
dost18	0.77330285377	0.0	0.0	0.0	0.467171817991	0.0	0.0	0.0	0.0	0.0	0.832831722522	0.0	0.0	1.34805945882	0.0	0.0	0.458557450957	0.0	0.0	0.0
dost19	0.200125781591	0.0	0.0	0.0	-1.16309875544	-0.464137564408	0.0	0.0	0.129670078171	0.0	0.0	0.0	0.0	-1.09341826557	0.0	0.0	1.62108317125	0.0	0.49132866759	0.0
dosg0	-1.27605415098	0.0	0.0	0.0	0.382378247487	0.0	-0.486398701062	-0.855380203327	0.0	-0.412750634763	-0.768949370852	0.0	-0.716012119303	-0.21788363837	0.0	-1.3105387895	0.0	0.0	0.242292638047	0.0
dosg1	0.0	0.0	0.0	0.0	0.0	0.0	0.0	0.0	0.0	0.0382634293929	0.0	0.0	0.0	0.0	0.0	0.269628947388	0.0	-0.488156813324	0.0	0.0
dosg2	-0.290917509582	0.0	0.0	0.0	0.0	0.0	0.0	0.0	0.0	0.406675573824	0.718211563054	-0.926964918858	0.0	0.0	0.0	0.0	0.0	0.0	0.0	0.0
dosg3	0.367513570815	0.0	0.0	0.0	0.0	0.0	0.0	0.237057401526	0.0	0.0	0.0	0.0	0.0	0.0	-0.345807080024	0.0	0.0	0.0	0.622210137514	0.0
dosg4	0.0	0.0	0.0	0.0	0.0	-0.537159158069	-1.79678198112	-0.510391593021	0.0	0.0	0.0	-0.163621587834	0.209738104162	0.0	-0.434423112385	0.0	0.0	0.0	0.0	0.0
dosg5	0.0	0.0	0.0	-1.02113749256	-1.43459267428	0.0	0.0	0.0	0.0	0.0	0.0	0.0	0.0	0.0	0.0	0.676059650911	0.0	-0.165191430452	0.0	0.0
dosg6	0.0	0.0	-0.0226053812218	0.0	-0.717420008043	0.0	0.0	0.0	0.0	1.84437688076	0.0	-0.861702071838	0.0	0.0	0.121561061918	0.0	0.0	0.0	0.0	0.0
dosg7	1.25359055989	0.0	0.0	0.0	0.0	0.0	0.0	0.0	0.0	-0.542211969319	0.0	0.0	-0.133184954385	0.0	0.0	0.0	0.0	0.0	-0.394216270059	1.45014635292
dosg8	0.0	0.0	0.0	0.0	0.0	0.0	0.0	0.0	0.0	0.0	0.0	0.0	-0.601392494568	0.0	1.94798486165	0.635210672263	0.0	0.0	0.0	0.0
dosg9	-1.39372941809	0.0	0.0	-1.43980917475	1.35637121136	0.0	0.682031947055	0.0	0.0	0.0	0.0	0.232763460263	0.0	-2.14452977327	-1.29000214013	0.0	0.947771181175	0.0	0.634890779187	0.0
dosg10	0.0	0.0	0.0	0.0	0.0	0.0	0.0	0.0	-0.979585934623	0.0	0.47597715498	-0.161951421823	0.0	0.0	0.0	-2.2026173038	0.0	0.0	0.0	0.0
dosg11	0.0	0.0	0.0	0.0	0.0	0.0	0.392685284129	0.0	-1.054969099	-0.404529655514	0.0	-2.16230917367	0.0	0.0	0.0	0.0	-0.72518048338	0.0	0.0	0.0
dosg12	0.0	-0.00561189518073	0.0	0.89342338768	0.22994111727	-0.86702808831	0.0	1.6517957903	0.0	0.0	-0.73746650577	0.0	0.0	0.0	0.0	0.0	1.19668047578	-0.46630511521	0.0	0.0
dosg13	0.0	0.0	0.0	0.0	0.0	0.0	0.0	0.0	0.0	-0.240204700169	0.0	0.0	1.24638686655	1.49808513369	0.570820564168	0.0	0.00454284070606	0.222491342635	0.0	0.0
dosg14	0.0	0.0	0.0	0.0	-0.517504992344	0.0	0.0	-0.309026970175	0.0	0.0	0.0	0.0	0.0	0.0	1.37685043386	0.0	0.0	0.3397064685	0.0	0.0
dosg15	0.0	0.0	0.0	0.28029280611	-0.130825786426	0.0	0.0	0.0	0.0	0.0	0.0	0.0	0.0	0.636833673512	0.0	0.0	0.0	0.0	0.0	0.0
dosg16	0.0	0.608926210205	0.0	0.0	0.0	0.975047296776	-0.356715197145	0.0	0.0	0.0	0.827215134789	0.0	0.0	0.0	0.0	1.38541370995	0.0599173848383	0.0	0.0	-0.365784177566
dosg17	0.0	0.632988476597	0.0	-0.992608001418	0.0	0.0	0.0	0.0	0.180167958933	0.0	0.0	0.61961201548	0.0	-1.13294463509	-1.22904678008	0.0	0.0	0.0	0.0	0.0
dosg18	0.0	-0.65557695967	0.0	-0.828287973027	0.129195313094	-0.460325008851	-0.181004749414	0.0	0.73700785983	-0.605634615656	0.0	0.0	-0.838802338928	0.0	0.0	0.0	0.0	0.0	0.0	0.0
dosg19	0.0	0.0	0.0	-0.68250956248	0.69473941083	0.0	0.0	0.0	1.28830216333	0.0	0.0	0.0	0.0	0.0	0.0	0.0	-2.48271058489	0.0	-0.895703338706	0.0
dosg20	0.850524827916	0.0	0.0	-0.894628452212	0.0	0.709302223299	0.0	0.0	0.0	0.0	-0.176208262644	1.94955943172	0.738446668545	0.0	0.0	0.0	0.0	0.0	0.0	0.0
dosg21	0.0	-0.447872001773	0.0	0.0	0.0829617988424	0.0	0.0	-1.35820108174	0.0	0.0	0.0	-1.17220096926	1.50235645414	0.0	-0.981695901667	0.0	-0.543869865328	0.0	0.0	-0.547004192307
dosg22	-0.168600055674	0.0	0.0244460471923	0.0	-1.36943054477	0.0	0.0	-0.455197282882	0.0	0.0	0.92211255799	1.30659288982	0.0	0.0	0.0	-1.18393362468	-1.30861346672	0.0	0.94872279107	0.0
dosg23	0.0	-0.201011353714	0.0	0.0	0.0	0.0	0.0	0.0	0.438706386043	0.00830452770983	0.0	0.0	0.0	0.0	0.0	0.0	-0.956013162535	0.0	0.0	-1.18318331923
dosg24	0.579112825994	-1.49593166659	0.0	0.0	0.0	-0.482310530824	0.0	1.25948331684	0.0	0.160248060785	0.0	0.0	0.0	0.0	0.0	0.0	1.92624288736	0.0	0.0	0.0
dosg25	0.0	-0.112325725787	0.0	0.761863365541	0.0	0.0	0.0	0.0	0.0	0.0	0.0	0.0	0.0	0.0	0.139026226963	-1.23234803334	0.0	-0.71771571573	0.0	0.0
dosg26	0.0	0.0	-0.552634667645	0.0	0.0	0.0	0.0	0.0	0.0	0.0	0.0	-0.0114010018408	0.938051442857	0.368543716382	0.0	0.0	0.0	0.0	0.0	0.0
dosg27	0.0	0.0	0.300261219198	0.0	-1.72110217314	0.195020836914	0.0	0.0	0.0	0.110994590099	-1.34460463079	0.0	0.0	0.0	0.0	0.296665855363	-0.443319122161	1.65154147971	0.0	0.108921820166
dosg28	0.0	0.0	0.0	0.0	0.0	0.0	0.0	0.0	0.0	0.0	-0.74022664048	0.0	-1.82042576753	0.0	0.0	0.0	0.0	0.0	0.0	0.0
dosg29	0.0	1.47751725199	0.0	0.0	0.0	-1.79401399518	0.0	0.0	-1.8135685213	0.0	0.0	0.0	0.0	0.0	0.0	0.0	0.0	0.0	0.278187049248	0.0
dosg30	0.0	0.0	-2.60119802843	0.0	0.0	0.0	0.0	0.0	-0.329362045125	0.0	0.0	0.0	0.0	0.420887581976	0.0	0.0	0.0	0.0	-0.73244101566	1.63315467272
dosg31	0.0	0.0	0.0	0.0	0.0	0.0	0.0	0.0	0.1322612641	0.0	0.0	0.0	0.0	0.0	0.0	-0.276631606478	0.0	0.0	0.0	0.0
dosg32	0.0	0.0	0.0	-1.24525045897	0.0	0.0	0.0	0.822607469234	0.0	0.0	0.0	-1.72770824549	0.0	0.0	0.0	-0.816747717243	0.884652491958	0.0	0.0	-0.647682043855
dosg33	0.0	0.0	0.0	0.0	0.0	0.0	-1.80261306779	0.0	0.916350560209	0.861002387112	0.519715585292	-1.42510086205	0.0	0.0	0.0	0.0	0.430049040161	0.0	0.0	1.30570439292
dosg34	0.0	0.0	0.0	0.0	0.0	0.0	0.0	0.0	0.0	0.0	0.0	0.0	1.23788170178	0.0	0.0	0.0	0.0	0.0	-1.11391288036	0.0
dosg35	-0.268704330045	0.0	0.0	0.0	0.0	0.0	0.0	0.0	0.0	0.0	0.0	-1.25399679818	0.0	1.30592164586	0.0	0.0	0.096912816572	1.23943324394	-0.465973985299	0.0
dosg36	0.0	0.0	-0.0512657240565	0.0	1.70220890654	-0.0281061443339	0.0	0.0	-0.664325607823	0.0	0.0	0.0	0.0	0.0	0.0	0.0	-0.68287641763	0.0	0.0	-0.223658822215
dosg37	-0.808089932799	0.0	0.0	0.0	0.0	0.0	0.0	0.0	0.0	0.0	-0.553387041956	0.0	0.0	0.0	0.0	0.0	0.0630857575757	0.0	0.0	0.0
dosg38	-1.71923177187	0.728355294627	0.0	0.0	0.0	0.0	0.0	0.0	0.0	0.0	0.731172086503	0.0	0.0	0.0	0.0	0.0	0.0	0.401567713014	0.0	0.0
dosg39	0.0	0.0	0.0	0.0	0.936913037206	0.0	0.0	0.0	0.0	0.0	0.0	0.0	0.351782462073	0.0	0.0	0.0	0.0	0.0	-2.5828066469	0.061114121622
dosg40	-1.68479902434	0.362196400268	0.0	0.0	-0.13093010874	-0.754403970898	0.0	1.02181310082	0.0	0.0	0.802461990349	0.0	0.0	-0.495245532598	0.0	0.0	0.0	0.0	0.0	0.0
dosg41	0.229299588035	0.287260964933	0.0	1.41200766059	0.0	0.0	1.92429818423	0.0	0.0	0.0	0.0	0.0	0.938317344898	-0.466935160085	0.0	-0.273562843527	0.0	0.559292889887	0.926279195686	0.0
dosg42	0.995577239408	0.0	0.0	0.0	0.636669100243	0.16889052431	0.0	1.21469868546	0.0305948006563	-0.877679382875	-1.35762267596	0.0	0.0	1.04859391685	0.0	0.0	0.0	0.0	0.0	-2.19642912267
dosg43	0.0	0.0	-0.576222994661	0.0	-0.982261907936	0.0	0.0	-1.33569041157	0.71597176887	-0.533311798946	-0.843004384088	-1.3783881119	0.0	0.0	0.0	0.0	0.0	0.0	0.0	0.0
dosg44	0.0	0.0	0.0	0.0	0.331870098345	0.0	0.0	0.0	0.513187560133	0.040925812221	0.0	0.0	-0.658734988824	0.0	0.0	0.0	0.0	0.0	0.0	0.0
dosg45	0.0	0.0	0.0	0.0	0.0	0.0	0.0	0.0	0.0	0.0	0.0	-0.606408058019	0.0	0.0	0.0	0.0	0.0	0.0	0.0	0.0
dosg46	0.0	0.0	0.0	1.2302807451	0.135179212705	1.24913483692	0.0	0.0	1.61083567191	0.0	0.0	-0.0513822669237	0.0	0.0	0.0	0.132236314309	0.0	0.0	1.59743732191	-0.48360021958
dosg47	0.0	0.0	0.0	0.0	0.0	-0.00181333851744	0.0	0.0	0.0	0.0	0.0	0.0	0.0	0.273380403405	0.0	0.0	0.0	0.0	0.0	-1.24104865983
dosg48	0.0	0.0	0.0	0.0	0.0	0.0	0.0	0.0	0.0	-0.789218797091	-0.23921518561	-0.921905783081	0.0	0.0	0.0	0.0	0.0	1.79568841659	0.61240247906	0.0
dosg49	-0.298301230311	0.0	1.13411505618	0.0	0.0	-0.515775555882	0.0	0.0	-0.344764116548	0.0	0.0	-0.0114938449647	0.467797461366	0.0	0.0	0.0	0.0	-0.451758450901	1.01513874604	0.0
dosg50	0.0	0.0	1.35870095475	0.804323486363	0.0	0.0	0.0	1.57610377477	0.0	0.0	0.764140042436	0.0	0.0	-0.419417550723	0.0	0.0	0.0	0.0	0.80499888657	0.0
dosg51	0.0	-0.752761599712	0.0	-1.1186700287	0.0	0.0	-0.671507795553	0.0	0.0	0.0	0.0	0.0	0.0	0.0	-0.0194165309251	0.0	0.0	0.0	0.46721896573	0.0
dosg52	0.0	0.0	0.0	0.0	0.0	0.0	0.185516579036	0.0	0.0	0.0	0.0	0.283964727649	0.0	0.0	0.911446788546	0.0	0.0	0.0	0.0	0.0
dosg53	0.0	0.0	0.0	0.760508640833	0.0	0.0	0.0	-0.590049289432	0.0	-0.0134775300397	0.0	0.0	0.0	0.0	0.0	0.0	-0.235516283942	-0.770748939	0.0	0.0
dosg54	0.0	0.0	-0.425418281848	0.0	0.0	0.0	0.0	0.75316884779	0.0	0.0	0.0	0.0	0.0	-1.23307070978	0.0	0.0	0.0	-0.161503333007	0.0	0.0
dosg55	0.0	0.0	0.0	0.0	0.0	-1.8923079285	0.0	0.0	0.0	-0.748081783699	0.821060793751	0.0	0.0	0.0	0.0	0.0	0.0	0.0449864866805	0.0728223874713	0.0
dosg56	0.355268376381	0.0	0.0	-2.11938340936	0.0	-2.11158602319	0.0	0.0	0.0	0.0	0.0	0.0	0.0	0.0	-0.0487090628511	1.1601531012	0.0	0.0	0.0	0.0
dosg57	-0.737588937586	0.0	0.0	1.06663021283	0.0	0.0	0.0	-0.774552996141	0.901059921327	0.0	0.0	0.0	0.0	0.0	0.0	0.0	0.0	0.0	0.0	0.0
dosg58	0.0	0.0	0.0	0.0	-1.33754912972	0.0	0.0	0.182597173448	0.0	0.0	0.0	0.0	0.0	0.0	0.0	0.0	0.0	0.0	0.0	0.0
dosg59	0.0	0.0	0.0	0.0	0.0	0.0	1.31348151823	0.0	0.0	0.0	0.0	0.547028909108	0.0	0.0	-0.693861486937	1.07392800527	0.0	-0.106292568115	-1.54188586901	0.0
dosg60	0.0	0.278968251549	0.0	0.0	-0.802046573753	0.0	0.471988312216	0.0	0.0	0.0	0.0	0.0	0.0	0.0	0.00205715984597	0.0	0.0	1.50952390397	-1.49685866633	0.963005398526
dosg61	0.0	0.314018449938	0.0	0.0	0.0	0.31360076267	0.0	0.0	0.0	0.0	0.0	0.0	0.0	0.0	0.0	0.0	0.0	0.516348180682	0.0	0.0
dosg62	0.332749264356	0.0	0.0	-0.379601422225	0.0	0.0	0.0	0.0	0.0	0.0	0.0	0.0	0.0	0.0	0.0	0.162378502571	-0.10703761555	0.0	0.0	0.0
dosg63	0.0	0.0	0.0	0.0	0.0	0.0	0.0	0.0	0.0	-0.833219374822	0.0	0.0	0.0	0.256244030733	-1.347475303	0.0	0.0	0.0	0.0	0.0
dosg64	0.0	0.0	0.0	0.0	0.0	0.0	0.0	0.0	0.0	0.0	0.0	0.0	0.0	0.0	0.0792905593985	-1.58556859942	0.0	0.0	0.0	0.0
dosg65	0.955706164283	0.0	0.0	0.0	0.0	0.0	-0.0378271765493	0.0	0.0	0.0	0.0	0.0	-1.37664726853	0.0	1.52211798846	0.0	0.0	0.0	0.0	0.0
dosg66	-0.119933234724	0.0	0.0	0.0	0.451553576509	0.0	0.0	0.0	0.0	0.0	0.0	0.0	1.925161041	0.0	-0.715301764911	0.0	0.0	0.0	-2.54729378639	0.0
dosg67	0.0	0.0	0.0	0.309700150787	0.0	0.0	0.0	0.0	1.65354053981	0.0	0.0	0.0	1.24507334255	0.0	0.16859776212	0.0	0.708215369393	0.0	0.0	0.0
dosg68	0.0	-1.71261177454	0.0	0.0	0.0	-0.540495955623	0.0	0.0	-0.330169060599	-2.48796049001	0.0	0.0	-0.280789035587	0.0	0.0	0.0	0.0	0.0	0.0	0.0
dosg69	0.0	-0.523452343856	0.0	0.0	-1.1225747772	0.0	0.0	0.425120312522	0.0	0.0	0.0	0.0	0.0	0.0	0.0	0.0	0.0	1.28975537226	0.0	0.0
dosg70	0.0	-0.022021737471	0.0	0.0	0.0	-0.555944245975	0.954704909708	0.0	0.0	0.0	-0.580453000711	-1.56743313501	0.0	-1.27743353257	0.0	0.0	0.0	0.975235505626	0.583641916486	0.0
dosg71	0.0	-0.132484170758	0.0	-0.0511300064763	0.0	0.0	1.27093055196	0.0	0.595608211816	-0.981952152758	-1.76470224813	0.576614228681	0.0	0.0	0.0	0.0	0.0	0.0	0.0	0.813158917604
dosg72	-0.852870226084	0.0	0.0	0.0	0.0	0.0	0.35026000942	1.46520814865	0.0	0.0	0.0	0.0	-0.14521803568	0.0	0.0	0.0	0.0	0.0	0.0	0.946084124881
dosg73	0.0	0.0	0.0	0.0	0.0	0.937960501447	0.0	0.0	0.0	0.0	0.0	0.0	0.0	0.153208315193	0.0	0.0	0.0	0.0	0.0	0.0
dosg74	0.0	0.0	0.0	0.0	0.0	1.32320164428	0.0	0.0	0.0	0.0	0.0	-1.04103320176	0.0	0.0	0.0	0.618355555894	0.0	0.0	0.0	0.0
dosg75	-0.365181737997	0.0	0.0	0.0	0.0	0.726190601353	0.0	0.0	0.0	0.0	0.0	-0.329809249012	1.32385439213	0.0	0.0	0.0	0.0	0.0	1.26758696904	0.0
dosg76	0.0	-0.491011510789	1.73849251988	-1.83362882246	0.0	0.0	0.0	0.718541947784	0.0	0.0	0.656858804473	0.0	0.0	0.0	0.428907778764	0.0	0.0	0.0	-0.260283005945	0.0
dosg77	0.0	0.0	0.0	0.0	0.0	0.0	0.0	0.0	0.0	0.0	0.0	0.0	0.0	0.0	0.0	0.0	0.0	-0.986307649953	0.0	0.0
dosg78	0.0	0.0	0.593260161354	0.0	0.0	-0.260479195231	0.0	0.0	0.0	0.0	0.0	0.692576725479	0.0	0.0	0.0	0.0	0.0	0.0	0.0	0.0
dosg79	0.0	0.0	0.0	0.0	0.0	0.0	-0.193800556302	0.0	0.181502883249	0.0	0.0	0.0	0.0	0.826408077747	0.0	0.0	0.0	0.158877571102	0.0	0.0
dosg80	0.0	-1.44305437625	0.0	0.0	0.0	0.0	0.0	0.0	0.0	-0.342357976799	0.0	0.0	0.0	0.0	0.0	0.0	0.0	0.211633457068	-0.375441133508	0.0
dosg81	0.0	0.37717095461	0.0	0.0	0.786687283123	0.0	0.0	-2.29859341189	0.804471489799	0.0	0.0	0.178307421436	-0.860038385695	-0.0625474761009	0.0	0.0	1.68939568398	0.0	-0.0394517233259	0.0
dosg82	0.0	0.0	0.0	0.0	0.0	0.0	0.0	0.0	0.0	0.0	0.0	0.0	1.88952992045	0.0	-1.3981100201	0.0	0.0	0.0665531995402	0.221359153809	0.0
dosg83	0.408920704329	0.0	0.0	-2.09434793265	0.0	0.0	0.0	0.0	0.0	0.0	0.0	0.0	0.0	0.0	1.60182947758	0.0	0.787539169939	0.0	0.0	0.0
dosg84	1.26501374548	0.0	0.0	0.0	0.0	0.161917580964	0.0	0.0	0.0	0.0	0.0	0.0	0.0	0.0	0.0	0.0	0.0	0.0	0.0	0.0
dosg85	0.0	0.0	0.0	0.547313911589	0.326920759163	0.0	0.0	0.0	0.0	0.0	-0.431692935857	0.0	0.0	0.0	0.0	0.0	0.0	0.0	0.0	0.0
dosg86	0.0	0.0	2.58389069366	0.0	-0.617597268063	0.158174422742	0.0	1.67710866102	-0.947434377497	0.754275658322	-0.736529252341	0.0	0.0	0.0	0.0	0.0	0.0	-1.00718248118	0.88658152559	0.0
dosg87	-0.0395521938758	-0.072120433819	0.0	0.0	0.0	0.0	1.12864642338	0.0	0.0	0.951277903962	0.636996840938	0.418758360567	0.0	0.0	0.0	0.153484967708	-1.19731341353	0.0	0.0	0.0
dosg88	-1.61316480266	0.0	0.0	0.0	0.0	0.0	0.0	0.0	0.307488392916	0.939148709533	0.0	0.0	0.0	0.382069632852	-0.162264709765	0.0	0.0	-0.443129816942	0.0	0.0
dosg89	0.0	-1.05264895989	0.0	0.0	0.0	0.207695539411	0.0	-1.78845180022	0.0	0.0	-0.0795240534123	0.0	-0.0974599854516	0.0	0.0	0.0	0.0	-0.395976598538	-0.506703394336	-0.846635923732
dosg90	0.0	0.0	0.479046248597	0.0	0.0	0.0	0.826782013324	0.0	0.0	-0.110668159329	0.0	0.0	0.0	0.0	0.0	0.55446027188	0.0	0.0	0.0	-0.857553371492
dosg91	0.0	0.0	1.37972132973	-0.181158843958	0.0	0.0	0.0	0.0	0.0	0.0	0.0	0.0	0.0	0.0	0.0	0.0	-1.70987050711	0.0	0.0	0.0
dosg92	0.0	0.0	0.0	0.0	0.0	0.0	0.0	0.0	0.0	0.0	-0.0114011027992	-0.894613825362	0.0	0.0	0.0223417125801	1.14323538486	-1.15473805458	0.0	0.0	0.0
dosg93	0.0	0.0	2.8738745244	0.0	-0.545371086962	0.0	-0.558768574702	0.0	0.0	-0.263447368462	0.0	0.0	0.0	0.0	0.0	0.0	0.0	0.0	0.0	-1.31583201486
dosg94	-1.58178591585	-0.96211404036	0.118448319678	0.0	0.0	0.0	-0.594031083925	0.0	0.0	0.0	-1.30901946784	0.0	0.0	0.0	0.460639585984	0.918844638925	0.0	0.0	0.889271596167	-0.370145979892
dosg95	0.0	0.0	0.0	0.0	-0.34286108305	0.0	0.0	0.0	0.0	0.0	0.0	0.0	0.0	0.0	0.0	0.0	0.0	0.0	0.0	0.0
dosg96	0.0	0.342093373747	-0.448849417576	0.0	0.0	0.0	0.0	0.0	0.0	-0.990349573686	-0.377458711876	0.0	-1.41573825714	0.0	0.556019834747	0.0	0.0	0.0	0.0	0.745313329364
dosg97	1.85466031424	0.0	0.0	0.0	0.439873662856	0.513548705974	1.0007421696	0.0	0.0	0.0	0.0	0.0	0.0	0.866556457043	-1.74112273943	-0.503869670642	0.0	0.0	0.0	0.0
dosg98	0.0	0.526892501813	0.0	0.0	0.0	-0.235938799291	0.0	0.0	0.0	0.0	0.0	0.0	-0.838057984653	0.0	0.403390801572	0.0	0.0	0.0	0.438304387719	0.0
dosg99	0.0	0.334594149753	0.269419945559	0.0	-0.841563305493	-0.274005179192	0.0	0.745652795004	0.0	0.631198503741	0.289104127044	0.0	0.0	0.0	-0.503590964585	0.0	0.0	-0.0561549056369	1.12964436144	0.0
dosg100	1.22073563307	0.0	0.0	0.739596971311	0.0	0.0	0.0	0.0	0.321083330741	-0.904687442589	0.0	0.0	0.0	-0.892943856465	-0.425023282388	0.0	0.0	0.0	0.0	1.17392465641
dosg101	0.0	0.0	0.0	0.0	0.0	0.0	0.0	0.0	-1.12623700612	0.0	0.0	0.0	0.0	0.0	0.0	0.0	0.0	0.0	0.0	0.0
dosg102	0.0	0.0	0.0	0.0	-0.962973272845	0.0	0.0	0.0	0.0	-1.01442972889	0.0	0.0	-0.798320938802	0.993170886291	0.0	0.0	0.0	0.0	0.0	0.0
dosg103	0.0	0.0	0.0	0.0	0.54555649458	0.740488150427	0.0	0.0	0.0	0.290790625958	0.0	0.332267519268	0.0	0.0	0.0	0.0	0.0	0.0	0.0	-0.408696447523
dosg104	0.0	0.0	1.53621309513	0.0	0.0	0.0	0.0	0.0	-1.07515301584	0.0	0.0	0.0	0.0	0.569430717469	0.0	-2.70973716767	0.0	-1.0835642008	-0.652427851302	0.0
dosg105	0.0	0.0	1.42161579226	0.0	-0.208297576281	0.0	-0.925242912285	0.725071262269	0.0	0.0	0.0	0.0	0.0	0.0	-0.724117969311	0.0	-0.0733961473645	-1.19929456342	0.0	0.0
dosg106	0.0498384117234	0.0	0.0	0.0	-0.743684122785	0.0	0.0	0.868992034696	0.0	0.0	0.0	0.0	0.0	-0.662390040923	0.0	-0.987688397008	-1.06954671004	0.0	0.0	0.0
dosg107	0.0	0.0	0.0	0.0	-0.319152557671	0.0	0.0	0.0	0.0	0.0	0.0	0.0	0.0	0.0	0.0	1.68388678896	1.01994351831	0.0	0.0	0.0
dosg108	0.0	1.70764598516	0.0132980973852	0.0	0.0	0.0	0.0	0.153657184421	0.0	0.0	0.0	0.0	0.0	-1.05865320857	0.0	0.0	0.0	-1.19449730082	0.0	0.0
dosg109	0.0	0.0	0.0	-1.23026476164	0.0	0.0	-2.87680406612	0.0	0.601522701549	0.0	0.0	0.0	-1.02076767511	0.0	0.963091339844	1.46559783035	0.0	-1.5841681967	0.0	0.0
dosg110	0.0	-0.915786281005	-0.650741689436	0.0	0.0	-0.361982554637	0.0	0.0	0.0	0.0	0.0	0.0	0.0	0.0	0.0	-0.701199933801	0.0	0.0	0.0	0.0
dosg111	0.0	0.0	0.0	0.0	0.0	0.0	0.0	0.0	0.0	0.0	-1.50268788035	0.0	0.0	0.0	0.0	0.104821690802	0.0	0.0	0.0	0.0
dosg112	-1.91609894016	-2.39496284098	0.0	0.0	0.0	0.0	0.0	0.0	0.0	0.0	0.0	0.0	0.0	0.0	0.0	0.0	-1.0232572782	0.0	0.0	0.0
dosg113	0.0	0.0	0.0	0.0	0.0572592749624	0.222647965169	0.0	0.985723400156	-1.03731894993	0.0	0.0	0.0	0.0	0.0	0.0	0.0	0.0	0.0	0.0	0.0
dosg114	0.0	0.0	1.52550267129	0.0	0.0	0.216960197751	0.0	-1.20161212019	0.0	2.26260966439	0.0	0.0	0.0	0.0	0.0	0.0	0.912428611355	0.0	0.0	0.0
dosg115	0.0	0.0	0.0	0.0	-0.379098817627	0.0	0.0	0.0	0.0	-1.91294309968	0.0	0.0	0.0	1.60946030505	0.0	-0.730698734371	0.0	0.0	0.0	0.0
dosg116	0.0	0.0565957784734	0.0	-2.45091474827	0.0	0.0	0.0	0.0	0.0	0.0	0.0	-1.17362877766	0.0	0.0	0.0	0.0	0.0	0.0	0.0	-0.165398942917
dosg117	0.0	1.54381161171	0.27970851111	0.0	0.0	0.0	-1.00331260061	0.0	0.0	-0.209815881005	0.0	0.0	0.0	-0.725339687106	0.0	0.0	0.0	1.43268552146	0.517423852365	0.0
dosg118	0.0	0.0	0.0	0.0	0.0	0.0	0.962560108255	0.0	0.0	0.0	0.0	0.100514635714	0.0	0.0	0.0	0.0	0.0	0.0	0.0	0.0
dosg119	0.0	0.0	0.0842097626813	0.0122655848495	0.0	0.0	0.0	0.0	0.0	0.0	0.0	0.0	0.0	0.0	0.0	0.0	0.0	0.0	1.06945195639	0.653379890196
dosg120	0.0	0.0	0.0	-0.217864892888	0.643084416445	0.0	0.0	1.18487258618	0.0	-0.00418187919449	0.0	0.987353576604	0.0	0.0	0.0	0.0	0.0	0.0	0.0	-0.773678627644
dosg121	0.0	1.92215887687	0.0	0.0	-0.0657833621692	0.0	0.0	0.0	0.0	0.575606083442	0.0	0.0	0.0	0.0	0.0	0.0	0.0	-0.0829622402705	0.0	0.0
dosg122	-0.939904467569	0.0	-0.334709422491	0.0	0.45714112886	0.0	0.0	0.0	-2.2720842553	0.0	0.0	0.0	0.0	0.0	0.0	0.0	-0.074744092212	0.558405095766	0.0	0.556991363071
dosg123	0.0	1.22175475644	0.0430028192514	0.0	0.0	0.0	0.0	0.0	-0.782246918859	0.0	-2.83759052981	-0.0671845989584	0.69999354163	0.0	0.0	0.0	0.0	0.0	0.0	0.0
dosg124	1.20983999578	0.0	2.02515331668	0.0	1.20451057117	-0.944207640022	0.0	0.0	0.0	0.0	-0.312501607025	0.182670748429	-1.22877931659	-0.128820683586	0.0	0.381833689057	-0.873255180802	0.0	0.0	0.0
dosg125	0.0	0.0	0.0	0.0	0.0	0.0	0.556332287197	0.0	0.0	0.0	0.0	0.0	0.0	0.0	0.0	0.0	0.0	0.0	0.0	0.0
dosg126	0.0	0.0	0.0	-0.607443340906	0.0	-1.16613089154	0.567997061666	0.0	0.0	0.987230510396	0.0	-2.03515685439	0.0	0.0	0.794381219662	0.0	0.0	-0.0747044669492	0.0	0.0
dosg127	0.0	-2.12305122893	0.0	0.239566889069	0.0	0.0	0.0	-0.217764123711	0.0	-0.233990792725	0.0	0.0	0.0	-0.840138027967	-0.965583816735	1.10122854696	1.00697613408	0.0	-0.289803884892	0.0
dosg128	0.0	0.0	0.0	-0.661926976793	0.0	0.0	0.0	0.571630037702	0.0	0.0	0.0	0.0	0.0	0.0	0.0	0.0	0.0	1.09951289936	0.0	0.0
dosg129	-0.895188736122	0.0	0.0	-1.92998554488	0.0	0.0	0.0	0.0	0.0	0.0	0.0788765896181	0.0	0.0	0.0	0.0	-0.336219290382	-0.136446300527	0.0	0.518146073828	0.0
dosg130	0.0	-0.611249358111	0.0	-1.16720948383	0.0	0.0	0.0	1.42325757234	0.0	0.0	0.0	0.0	0.171871125015	0.0	0.0	0.0	0.0	0.0	0.0	0.0
dosg131	0.0	0.0	0.0	-0.0245128977045	0.0	0.0	-0.992402945139	0.0	0.0	0.131374506501	0.0	0.0	0.0	0.0	0.0	0.0	0.0	0.0	0.0	-0.466260995434
dosg132	0.0	0.0	-1.76452475381	-0.500377855398	0.0	0.0	1.57404798742	0.182065637401	0.0	0.0	0.0	0.0	0.0	-0.53323191635	0.0	0.0	0.0	1.32734467247	0.0	0.630031963044
dosg133	0.0	0.547482595752	-0.291693083703	-1.29198532608	0.0	0.0	0.0	0.0	0.0	-1.62225421017	0.0	0.0	0.0	0.0	1.70077452425	0.905859578836	0.0	0.0	1.08389045904	0.0
dosg134	0.0	0.0	0.0	0.0	0.0	-2.05871669431	0.0	0.0	-0.811328442665	0.0	0.0	0.0	0.0	1.24720876406	-0.211395445867	-0.335445753144	0.0	0.0	0.0	0.0
dosg135	0.0	0.0	0.0	0.0	3.03152658837	0.0	1.31636642034	0.0	0.0	-0.81666251061	0.0	0.0	0.966066410768	0.645600154337	0.0	0.0	0.0	0.0	0.0	0.0
dosg136	0.0	0.0	-0.28541378346	-0.790044348291	0.65346622084	0.0	0.0	0.0	1.65368019934	0.0	0.0	0.0	0.959478133441	1.83158696799	1.50448654521	0.0	0.0	0.0	0.0	0.0
dosg137	0.0	0.0	0.0	0.0	1.71560463677	0.278496545934	-2.03151991502	0.0	0.615087994812	0.0	0.0	-0.13492513539	0.0	0.0	0.0	1.5690306745	0.0	0.0	0.627190645682	0.0
dosg138	0.0	0.0	0.0	0.0	0.0	-1.23101965929	0.0	0.0	0.0	0.605756062871	0.0	0.0	0.0	0.0	-0.1822518573	0.0	-0.194324827289	0.0	0.0	0.0
dosg139	0.766025801314	0.0	0.0	0.0	0.0	0.0	0.0	-0.881864226273	0.0	0.823284328989	0.0	0.0	0.0	-0.742225135438	0.412366552322	0.0	0.0	0.0	0.0	0.0
dosg140	-1.17795807595	0.0	0.0	0.0	0.0	0.0	0.0	0.0	0.0	0.470534400894	0.0	0.0	0.0	1.07893892466	-1.3313086431	0.0	0.0	0.0	0.0	0.0
dosg141	0.0	0.0	0.0	0.0	0.0	0.0	0.0	0.0	0.0	0.0	0.0	0.0	0.456366926941	1.10697385738	-1.03142891121	0.0	0.0	0.0	0.0	0.0
dosg142	0.0	0.0	0.0	0.0	0.0	0.0	0.0	0.0	0.676648402556	0.980044337698	-0.986243010962	0.0	1.34367009452	0.598151322644	0.0	0.0	0.0	-1.42089702189	0.0	2.30962900151
dosg143	0.0	0.0	0.0	0.0	0.00593065101718	0.0	0.0	0.0	0.0	0.0	0.0	0.0	0.0	0.0	0.0	0.0	0.0	0.0	0.0	0.0
dosg144	0.0	0.0	0.0	0.0	0.0	0.0	0.951702985684	0.0	1.09935551197	-1.78001940193	0.0	0.0	-0.300129579315	0.0	0.0	0.0	0.0	0.0	-0.234221631716	0.0
dosg145	0.0	-0.975113641612	0.0	0.0	0.76182075191	0.0	0.544513351446	0.0	0.0	1.35240401072	0.694985338363	-0.872896890128	0.0	0.0	0.0	0.0	0.0	0.0	0.0	0.0
dosg146	0.336723493107	0.0	0.0	0.0	0.0	0.0	0.0	0.0	0.876440412006	0.629043286088	0.0	0.0	0.0	0.0	0.0	0.0	0.0	0.0	-0.835616597624	-1.11741381366
dosg147	0.0	0.0	0.0	0.0	0.0	0.0	0.0	0.0	0.862930268843	0.0	0.0	0.602250952177	0.0	0.0	2.40845375884	0.0	0.0	0.0	0.0	0.0
dosg148	-1.33893334953	0.0	0.0	0.0	0.0	0.579200969276	1.21448143323	-0.312276001689	0.459024716592	0.577942581716	0.0	0.0	0.0105424895134	1.12259514933	0.0	0.0	0.0	0.0477815281743	0.0	0.0
dosg149	1.73779103806	0.0	-0.568186719805	0.0	0.0	0.0	0.0	0.0	-0.197355959968	0.0	0.0	0.0	-1.31095221836	0.0	0.421599276606	0.0	0.0	0.636377724031	0.0	0.682107369686
dosg150	0.299235454451	0.0	0.0	0.0	0.0	0.0	0.0	0.71573158119	0.0	0.109685360909	0.0	0.0	0.0	0.0	0.0	0.0	0.0	0.0	0.0	0.0
dosg151	0.149823558223	0.0	0.0	-0.804012400838	0.0	0.0	0.706514790051	0.0800803563471	0.0	0.0	0.0	0.0	0.0	0.0	0.0681243815375	0.0	0.0	-1.23262767001	-1.10029641525	-0.00928331452718
dosg152	0.0	0.0	0.0	0.0	0.0	0.317374490124	0.0	0.0	0.0	-1.82991203843	-0.774125769958	0.0	0.0	0.0	0.0	0.0	0.0	0.0	0.0	0.0
dosg153	0.0	0.0	-0.462533527777	-1.64948510879	-0.11354687318	0.0	0.0	-0.220932793822	0.0	0.0	1.7847776811	1.1858914762	0.0	0.0	-1.35956092931	0.0	0.0	-0.831093172943	0.0	0.0
dosg154	0.0	0.0	0.0	0.0	0.0	0.0	1.85028953131	0.0	-0.012220207588	0.0	0.0	0.0	0.0	-1.36937884974	0.0	-1.13281046363	0.0	0.0	-0.925305774598	0.0
dosg155	0.0	0.0	0.0	0.0	-1.18015985193	0.0	1.1337866203	-1.58766643173	0.0	0.0	0.0	0.0	0.676534149052	0.0	-0.321189686413	0.0	0.0	-0.0464809636561	0.0	0.0551722030112
dosg156	0.0	0.0	0.0	1.33093417592	0.0	0.0	0.0	0.0	0.0	-0.820000375996	1.3361124274	0.0	0.0	0.0	0.0157470587532	-0.384472452902	-1.33121265366	0.0	0.140882435795	2.10772450146
dosg157	0.0	0.207874894678	0.0	-1.15343091881	0.0	0.0	0.0	0.0	0.0	0.0	-0.361579440494	0.758923815762	0.0	0.0	0.0	0.0	0.0	0.0	0.0	0.0
dosg158	0.0	0.0	0.0	0.0	0.0	0.0	1.57638464241	0.0	0.0	0.0	-0.530882937983	0.0	0.0	0.0	0.238464859069	0.102541530106	-0.525360794953	0.0	0.0	0.0
dosg159	0.0	0.0	0.0	0.0	1.09932512437	0.0	0.0	0.0	0.0	0.0	0.0	0.0	0.0	0.0	0.0	0.60344321003	0.543914231343	0.0	0.0	0.0
dosg160	0.0	0.0	0.0	0.0	0.0	-0.425179515756	0.0	0.0	0.0	0.673914253386	-0.339475077556	0.0	0.0	0.0	0.930632700437	0.0	0.0	0.0	0.0	0.0
dosg161	0.0	0.0	0.0	0.0	0.0	0.0	0.0	0.0	0.0	-0.373180063834	0.0853130196928	0.0	0.0	0.0	0.0	0.0	0.0	0.9149200982	0.0	0.0
dosg162	-1.38086410323	0.0	0.0	0.0	-0.792476613269	-1.42467117279	-0.832375207546	0.0	0.0	0.0	0.0	0.0	0.276506564433	0.0	-1.19169995407	-0.220289009756	0.0	0.0	0.0	0.37590760067
dosg163	0.0	0.0	0.0	0.0	0.858036445385	0.0	0.0	0.0	-2.13054239707	0.0	0.0	0.0	0.0	0.0	0.0	0.0	0.0	0.0	0.0	0.0
dosg164	0.872864023156	0.0	0.0	0.0	0.0	0.0	-0.676620163271	0.0	0.0	0.508036206744	0.0	-0.791716418384	0.0	-0.0831459371117	0.0	-0.126817263761	0.0	-0.634089285035	1.1856599286	0.0
dosg165	0.0	-0.108898782011	0.0	0.0	0.0	0.378300233127	0.0	0.0	0.0	0.0	0.0	0.0	1.75945638064	0.0	0.0	2.50455978656	0.0	0.0	0.0	0.0
dosg166	1.00281330748	0.0	0.0	0.0	0.0	0.0	0.0	-1.53111540774	0.0	0.0	-1.57865030319	0.0	0.0	0.0	0.0	0.0	0.0	0.34422504371	0.717857775787	-0.0817834850366
dosg167	0.0	0.0	0.0	-1.63673121935	-0.60360156851	1.58328400628	0.0210700254932	0.0	0.0	0.0	0.0	-0.845356945013	0.0	1.72568070187	-0.397043830326	0.0	0.0	0.295674729459	0.0	0.0
dosg168	0.0	0.128420505473	0.0	0.0	0.0	0.54168071339	-0.707419283946	0.0	0.0	0.0	1.37740999383	0.0	0.260292050482	-1.42753729301	0.0	1.82668900041	0.626063573425	0.0	0.0	0.0
dosg169	0.0	0.0	0.0	0.627034078676	-0.569019259573	0.0	0.0	0.0	-1.75501072693	-0.962213381088	0.0	0.0	0.0	0.0	0.0	0.0	1.17702936903	0.0	0.0	0.903511745971
dosg170	0.0	0.0	0.0	0.0	0.0	0.0	-0.761528345539	0.0	0.0	0.0	0.00805984056407	0.0	0.0	-0.75395055571	0.0	0.0	0.0	-1.10797910866	0.0	-1.05606653987
dosg171	0.0	0.0	-1.44041528843	0.0	0.0	0.0	1.80508798654	0.0	0.0	0.0	0.788508740181	0.0	0.0	0.0	0.0	0.0	0.0	0.0	0.0	0.128083499207
dosg172	0.0	0.0	-0.767078106299	0.0	0.0	-0.666480226885	0.0	0.0	-0.872402756545	0.0	0.0	0.0	0.0	0.0	0.0	0.133516897543	0.0	0.0	0.0	0.0
dosg173	-1.0678044297	0.0	-0.212555289284	0.0	0.0	0.0	0.0	0.0	0.0	0.0	0.0	0.0	0.0	0.0	0.0	0.0	0.0	0.384488623057	0.0	0.0
dosg174	-1.10222616176	0.0	0.0	0.0	0.0	0.0	0.0	2.09635178618	0.0	-0.641005919698	-0.0845110982395	0.0	0.0	0.0	0.0	0.0	0.0	0.0	0.0	0.0
dosg175	0.45341994964	0.0	0.0	1.10616405277	-1.75688942496	0.0	0.0	0.0	0.0	0.0	0.0	0.0	0.0	-0.558829335561	0.0	0.0	0.0	0.0	0.0	2.61290239539
dosg176	0.833443353397	0.0	0.0	-0.645877026593	0.0	0.0	0.0	0.702706407892	0.0	0.0	0.0	0.0	0.0	0.0	0.0	0.0	0.0	-1.60120242038	0.0	0.0
dosg177	0.0	0.0	0.613572647225	0.380812194883	0.0	0.0	0.0	0.552890561342	0.0	0.0	0.0	0.0	-0.121272580735	0.0	0.0	0.0	0.0	0.0	0.0	0.0
dosg178	-0.319512692532	0.0	0.0	0.0	0.0	2.24870144227	0.106070079531	0.0	0.0	0.0	0.0	0.0	0.0	0.0	-0.338307130997	0.0	0.0	0.0	0.0	0.582504915328
dosg179	0.0	0.0	0.0	0.0	0.0	0.0	0.2799559894	0.0	0.0	0.0	-0.843358557347	-0.605349139741	0.0	0.0	0.0	0.0	0.0	0.0	0.0	-0.425228430816
dosg180	-1.0621414776	0.0	0.0	0.0	0.0	0.0	-1.00264183619	0.0	0.0	0.0	0.0	0.0	0.0	0.0	0.0	0.0	0.0	-1.14461673744	0.0	0.0
dosg181	0.0	0.0	0.0	0.0	0.0	0.0	0.0	-1.55150394037	0.0	0.0	-0.27208274809	0.0	0.0	0.491128144128	0.0	0.0	1.8557837438	-1.73534154019	0.0	0.0
dosg182	0.0	-0.0168695918804	-1.57296850244	0.0	0.0	0.0	0.0	0.0	0.0	0.283216742449	0.0	0.0	0.0	0.0	0.0	0.0	0.0	0.0	-0.442803022187	0.0
dosg183	0.0	-0.241709122183	0.0	0.0	0.0	1.10501246797	0.0	0.0	-1.12389086884	0.0	0.0	0.0	0.0	0.0	0.0	0.0	0.0	0.0	0.520460667089	0.0
dosg184	0.207895938612	2.13019992953	0.659608006433	0.0	0.0	0.0	-0.768383726619	0.0	0.0	0.0	0.0	0.0	0.0	-0.700968860495	0.0	0.702105731544	0.0	0.978142760581	0.0	0.0
dosg185	0.0	0.129227023193	0.0	0.0	0.0	0.702161925659	0.0	0.0	0.0	0.0	0.0	0.0	0.0	0.0	1.29591499288	0.0	0.946399090367	0.774911297185	0.0	0.0
dosg186	-0.0415307824317	0.792568700927	0.0	0.0	0.0	0.0	0.0	-0.0297830717066	0.0	0.0	0.0	0.0	0.0	0.0460094420177	0.0	0.0	0.123223286105	0.0	0.0	0.0
dosg187	0.0	-0.990186876036	0.0	0.0	0.0	0.0	0.0	0.0270973992851	0.0	0.0	0.0	0.0	0.356021281694	0.0983708296449	0.0	0.0	0.0	0.0	0.0	1.10246449727
dosg188	0.0	0.0	0.0	-0.160570177839	0.0	0.243453029542	0.0	0.0	0.0	0.0	0.0	0.0	0.0	0.0	0.0	1.88741611997	0.0	0.0	0.0	0.0
dosg189	-0.0991552382131	0.0	0.439670919015	0.262277313285	0.0	0.0	0.0	0.0	0.0	0.0	0.823285671152	0.0	0.0	0.0	0.0	-2.06809187186	0.0	0.0	0.0	0.0
dosg190	-0.604067588178	0.0	0.265829169119	0.0	-1.6325662452	0.0	0.0	-0.668910465704	-0.182149469859	0.0	0.00670594925984	0.0	0.0	0.0	0.0	-1.05121985963	-0.142073148978	0.0	0.0	0.0
dosg191	0.0	0.0	0.0	0.0	-0.876767867662	0.16388311206	0.0	0.0	0.0	-0.495785245567	0.0	0.0	0.0	0.744384474281	0.0	0.0	0.0	0.0	0.0	0.0
dosg192	0.0	0.0	0.0	0.66639414251	0.0	0.0	0.0	0.0	0.0	0.56140078441	-1.36968034723	0.0	0.0	-0.316400121029	-0.0425076357376	0.0	0.0	-0.442854928345	0.0	0.0
dosg193	0.0	0.0	0.0	-0.184613240915	0.0	0.0	0.0	-0.463974631863	0.353343771637	0.0	0.0	0.0	0.0	0.0	0.0	0.0	0.0	0.0	-0.539859809169	0.0
dosg194	0.0	0.0	0.0	-1.93265991777	0.0	0.0	0.0	-2.34383064586e-05	0.0	0.0	0.0	-0.758132321965	0.0	0.0	0.0	-1.07160081436	0.371488617908	0.0	0.0	0.0
dosg195	0.0	0.0	0.0	0.0	0.0	0.0	0.0	0.0	0.0	0.0	0.0	-1.00234118734	0.0	0.0	0.0	0.0	0.0	0.0	0.0	0.0
dosg196	0.0	0.0	0.0	0.0	0.0	0.0	-0.728241819066	0.0	0.0	0.797130647972	-0.148519036951	-1.0877793328	0.0398921134414	0.0	0.0	-0.330240833207	-1.41645149959	0.0	0.0	-0.41701902364
dosg197	0.826170155259	0.0	0.0	0.0	0.0	0.0	0.0	0.0	0.0	0.684168094736	0.830768024399	0.0	0.0	-1.50199848822	0.0	0.0	0.0	-0.00301997956554	0.0	0.0
dosg198	0.0	0.0	0.0	0.0	0.0	0.0	0.0	0.0	0.0	0.0	-0.235021127955	0.0	-1.31481679826	-1.11156019278	-1.57142133648	0.420704440923	-2.17994960905	0.0	0.0	1.87165370358
dosg199	0.0	-0.349022562885	0.184891088163	0.0	-0.98435519839	-3.42313483511	0.0	0.0	0.0	0.0	0.0	0.0	1.28773607933	0.559532962536	0.0	0.0	0.0	-0.943553461489	1.44894941211	0.0