unot0	unot1	unot2	unot3	unot4	unot5	unot6	unot7	unot8	unot9	unot10	unot11	unot12	unot13	unot14	unot15	unot16	unot17	unot18	unot19
unot0	1.70099855703	0.0	0.0	0.0668295150841	0.0	0.229770457115	-0.074280246515	-0.190226887788	0.767173845697	0.0469567317675	0.119537727262	0.0	0.0	0.0	0.608044886819	-0.915826413898	0.0	0.0	0.0	0.0
unot1	0.0	0.0	1.2029405448	0.0	0.888053992188	0.0	-0.182499146282	0.0	0.0	-0.547665367048	1.45465938805	0.0	0.0	0.0	0.516681650412	0.0	0.0	0.0	0.0	1.02169835148
unot2	0.0	0.0	0.0	1.54362174442	0.0	1.2568158001	0.0	0.0	-0.897342375996	0.0	0.868020125406	0.0	0.0	0.194534572293	0.0	0.0	0.0	0.605537041415	0.0	0.0
unot3	0.0	0.0	0.0	0.0	0.0	0.0	0.0	0.0	0.0	0.0	0.670540001728	0.0	0.0	0.0	0.0	0.0	-0.564666950741	0.484502475378	0.0	0.0
unot4	0.0	0.0	0.0	0.0	0.0	0.0	0.0	-1.10536005424	0.0	0.0	0.893585320152	0.0	0.0	0.0	0.0	0.0	-2.7868614826	0.0	0.0	-0.468710995175
unot5	0.0	0.0	-1.40420050024	1.03848108139	0.0	-0.210445528362	0.0	0.0	0.0	0.0	0.0	0.328252283331	0.572227890197	0.0	0.402730040722	0.0	0.0	0.0	0.0	0.0
unot6	-0.350610645917	0.0	0.134492450661	0.0	0.0	-0.76549537676	0.0	0.0	0.0	0.0	0.0	0.0	0.0	0.0	0.0	-0.559486474986	0.0	0.0	0.0	0.0
unot7	0.0	-0.803372440216	1.58805742556	0.0	-0.268935779843	0.0	-2.38109520303	0.0	0.0	0.0	0.0	0.0	0.243763020287	0.0240655734683	-0.409074456827	0.0	0.0	0.0	0.0	0.0
unot8	0.0	0.0	0.0	0.0	0.0	0.0	0.0	1.64010764952	0.0	-1.85042238742	0.0	-0.141196247622	-0.915751112786	1.39265287286	0.0	-1.80379764348	0.0	0.558836848935	-0.409973678052	-0.309080950935
unot9	0.0	0.0	0.0	0.0	0.0	0.0	0.0	0.0	1.54877823746	0.0	0.559189105263	0.00269595187495	0.0	0.0	0.0999222481241	-0.574436305751	0.577302144189	0.0	0.0	0.0
unot10	0.0	0.0	-2.1649574014	0.0	0.0	0.333309621961	0.0	0.0	0.0	0.0862105173651	0.0	1.1941493648	0.0	0.0	0.0	-0.467951872376	-0.874002509137	-1.10585351451	0.0	0.0
unot11	0.0	0.0	0.0	0.0	0.00163203272669	0.0	0.0	0.0	0.0	0.0	0.0	0.0	0.0	-1.62474487435	0.0	0.191215262242	0.183995345699	-0.114883238368	0.0	0.0
unot12	0.0	0.0	0.0	-1.7885809677	0.0	0.0	0.0	0.0	0.0	0.0	0.0	0.0	-0.831335484561	0.0	0.0	0.0	0.0	-1.95955639108	0.0	-0.328591897343
unot13	-1.32347013565	0.0	-0.705712497015	0.0	0.0	0.0	0.0	-0.353811476609	0.0	-1.13372693496	0.0	0.0	0.169369680429	0.0	0.0	0.0	0.0	0.0	0.0	0.0
unot14	1.32400243278	0.0	0.0	0.0	0.0	0.0830301668835	0.0	0.0	-0.825521706743	0.4899587595	0.0	0.0	0.0	-0.896362040028	0.0	0.0	0.0	0.0	0.0	0.960524475343
unot15	0.0	0.0	0.957096130022	0.32577594187	-0.2516276834	0.472346185183	0.0	0.0	0.0	0.0	0.0	0.0	0.0	0.0	0.0	1.15488418137	1.64122146644	0.0	0.0	0.0
unot16	0.0	0.0	0.0	0.0	-0.0423805948299	0.0	0.0	0.553592475685	0.0	0.0	0.0	0.0	0.0	0.0	0.0	1.75210142238	0.0	0.0	0.0	0.0
unot17	0.0	0.0	0.496340822723	2.18357962492	0.0	0.0	0.0	0.0	0.0	0.0	1.95906294964	0.0	0.0	0.0	0.0	-0.0661934950611	0.0	0.698339078736	0.0	-0.177984887076
unot18	-1.02451519285	0.0	0.0	-0.999471943825	0.0	-0.933619987871	0.0	0.0	0.0	0.0	0.0	-0.454521247763	-0.762701894236	0.0	0.0	0.0	0.0	0.0	0.0	0.0
unot19	0.0	0.0	0.0	0.0	0.0	0.0	0.589503496375	0.0	0.0	-0.516876949366	0.0	0.0	0.0	0.0	0.0	0.0	0.0	0.0	0.0	-0.0694493230868
unog0	-0.26390446063	0.0	0.0	-0.184153742117	0.0	0.0	0.0	0.0	0.0	-0.930977920696	0.0	0.0	0.0	0.0	0.0	0.0	-1.09857677345	0.714617239564	0.0	2.59833229532
unog1	0.0	0.0	0.0	0.0	0.0	0.0	0.0	0.0	0.0	0.0	-1.20983790304	-0.684632706661	0.0	0.273897827884	0.0	0.0	0.0	0.0	0.0	0.0
unog2	0.799986278062	0.0	-0.912283033841	0.0	0.0	0.0	0.0	0.0	0.0	-0.286921889889	-0.319749774416	0.0	0.0	0.0	0.0	0.0	0.0	-0.122915864066	0.0	0.320527809781
unog3	0.0	0.0	0.0	0.0	0.376937916025	0.0	-0.684889975935	0.718449868215	0.0	0.0	0.0	0.0316821808851	0.0	0.0	1.1666002901	-1.43266265822	0.0	0.0	0.0	-1.05597784232
unog4	0.624108755977	0.613995754657	0.0	0.631552487568	0.0	0.0	0.0	0.0	0.0	0.0	0.526329231432	0.0	0.0	0.0	0.0	-1.25425816481	0.0	0.0	1.00186628329	0.0
unog5	0.0	0.0	0.0	1.21836253591	0.0	0.0	0.0	0.0	0.0	-0.131523550131	2.28573645744	0.0	0.140204706144	0.0	-0.923960767648	0.0	0.0	0.0	0.0	0.0
unog6	-0.412078801468	0.0	-0.183418201748	0.616991739815	0.0	0.0	0.764176471595	0.0	0.186968897297	0.0	0.133028582641	0.0	0.0	0.0	0.0	0.0	1.50779904696	0.0	-0.866535442443	0.0972762022713
unog7	0.0	0.0	-0.838840833156	-0.235778454247	0.256504327448	-2.05565512369	0.0	0.0	-0.186970423033	0.0	0.0	-0.884954935292	0.0	0.0	0.0	0.0	0.0	0.0	0.0	0.0
unog8	0.0	0.0	0.0	0.0	0.0	-1.107622472	0.0	0.0	0.0	0.0	0.0	0.0	0.0275565379869	0.0	0.0	0.0	0.0	0.214469100124	0.0	0.0
unog9	0.0	1.7022849041	0.0	0.0	0.0	0.0	0.0	0.0	0.0	1.16239847503	-0.531121083663	0.0	0.0	0.0	0.0	-1.65077854552	0.0	0.0	0.0	0.0
unog10	0.0	-1.41511513198	-0.885980898575	0.0	0.0	0.301755881937	0.214745590047	0.0	-0.848297128249	0.0	0.0	0.0	-0.71618663723	0.0	0.0	0.0	0.0	1.26035254681	0.0	0.0
unog11	0.0	0.0	-0.378628722091	0.0	0.0	-1.02912466111	-0.418767988401	0.0	0.0	0.0	0.826517039582	0.0	0.0	0.0	0.0	0.0	0.0	0.0	0.0	0.0
unog12	0.0	0.0	0.0	0.0	0.0	0.0	-0.557733510655	-1.44474364203	0.0	0.0	0.0	0.0	0.281728140397	0.0	0.0	-0.249420530237	0.671931164814	1.05659013407	0.0	0.0
unog13	0.0	0.956080023889	0.0	0.0	0.0	0.0	0.0	0.0	0.0	0.0	0.0	0.0	0.0	0.206106576844	0.0	0.0	0.0	0.0	0.0	0.0
unog14	0.0	0.0	0.0	0.0	0.0	0.0	0.0	1.11077159139	0.0	0.0	0.0	1.45421850382	0.0	0.0	0.0	0.0	0.0	-0.584579639711	0.0	0.0
unog15	0.0	0.0	0.0	0.0	0.0	0.596710788328	0.0	0.0	0.0	0.0	0.96738378569	0.0	0.0	0.0	0.0	0.0	0.0	0.0	0.0	0.0
unog16	0.0	0.0	0.0	0.0	0.0	0.0	0.0	0.0	0.0	0.0	0.0	0.0	0.0	0.0	0.0	0.043185492511	-0.0478957265428	0.0	0.0	0.0
unog17	0.0	0.0	0.0	0.251767113605	-0.389930359183	0.0	-1.29443599595	0.0	0.0	0.0	0.0	-0.25995981751	0.15537621648	0.0	0.0	0.0	0.0	0.0	1.26056859109	0.0
unog18	0.0	0.0	0.0	0.0	-0.850523775285	0.0	0.124650338908	0.0	0.0	-0.12176658457	0.0	0.0	0.0	0.0	0.0	0.0	0.0	0.0	0.0	0.0
unog19	-0.427071790137	0.0	0.0	0.0	0.0	0.0	0.0	0.0	0.0	0.0	0.0	0.0	0.0	1.74047607892	0.0	-0.755860265639	0.0	0.0	0.0	0.0
unog20	0.0	0.0	0.0	0.0	0.0	0.0	-0.391490317349	0.0	-0.0664257580539	0.0	2.4169525648	0.0	0.0	0.813366411357	0.0	0.0	0.0	0.0	0.0	0.0
unog21	0.0	0.0	0.0	0.0	0.0	0.0	0.0	0.0	1.57630396804	0.0	-0.844303530222	0.0	0.0	-0.717120852302	0.0	0.0	0.0	1.10460565876	0.0	0.518945014095
unog22	0.0	0.0	0.0	0.0	0.0	0.0	0.0	0.0	0.0	0.0	0.0	0.0	0.944141254827	-0.639465718047	0.0	0.0	0.0	0.0	-0.625066030297	-0.0866951063399
unog23	-0.655211745273	0.800364882159	0.0	0.0	0.0	1.08788613976	-1.75565831935	0.0	0.0	-1.27579184225	0.0	0.020292787147	-0.910743887739	0.0	0.0908177589275	0.0	0.0	-0.519181686312	0.0	0.0
unog24	-1.73950218255	0.0	0.0	0.0	-0.62182976048	0.0	0.0	0.0	0.474184839241	0.0	0.0	0.676445244914	-0.606767958441	0.0	0.590844477475	0.0	0.181613910277	0.0	0.0	0.0
unog25	0.0	0.0	0.0	-2.78324363804	0.0	0.0	-0.305169446418	0.0	0.0	0.0	0.0	1.16278522602	0.557584106553	-1.05312154511	0.355578936627	0.0	0.0	0.0	-0.561351785973	0.0
unog26	0.0	0.0	-3.09948788442	0.463116907016	0.0	0.0	0.0	-1.89783270678	-1.36406652402	0.0	0.0	0.0	0.0	0.0	0.0	0.250504185778	0.0	-0.835280369	0.0	0.0
unog27	-0.0999318312371	0.0	0.0	0.0	0.0	0.0	0.103515574432	0.0	0.0	0.0	-1.43138614678	0.0	0.0	0.0	0.0	0.0	0.0	0.0	0.0	0.0
unog28	0.0	0.0	0.0	0.0	0.385035426208	0.0	0.0	0.0	0.0	0.0	-0.266196347626	0.0	0.0	0.0	0.0	1.95054046892	0.0	0.0	0.0	0.0
unog29	0.0	0.0	0.716160372558	-1.10406822053	0.0119732907599	-0.528418162785	0.0	0.0	0.0	0.0	0.0	0.0	-0.265392479591	0.844888457075	0.0	-0.108359218759	0.0	0.0	0.0	-0.978640518015
unog30	0.0	-0.234302560697	-0.069712769741	-1.77020395658	0.0	0.0	0.0	0.0	0.0	0.0	-0.892170531631	-0.826451324183	0.0	0.0	0.0	0.0	0.0	0.0	0.105526626932	0.0
unog31	0.0	0.0	0.0	-0.431436378562	0.0	0.0	0.0	-0.529038509072	1.53951691912	0.0	-0.560698157055	0.0	1.66228389261	0.0	0.0	1.7650048956	0.814517602885	0.0	1.86163603303	0.645883041847
unog32	1.16465350109	0.0	0.0	0.0	0.0	-0.714584973305	0.0	0.0	-0.192696568574	0.0	0.0	0.173421307353	-0.122196179577	-0.142669181713	0.0	0.0	0.0	0.0	-1.69263885856	0.0
unog33	0.0	0.0	0.0	0.0	-0.0990299395092	0.0400630417422	0.0	0.0	0.0	0.0	0.0	0.0	0.0	0.0	0.0	0.0	0.0	0.0	0.0	0.0
unog34	0.0	0.0	0.0	0.0	0.0	0.812646130938	0.0	0.0	0.0	0.0	0.0	0.0	1.96907255651	0.0	0.0	0.0	0.0	0.0	0.0944631910398	0.0
unog35	0.0	0.0	0.643947426562	0.0	0.0	0.0	0.0	0.0	0.0	-0.847684587517	0.0	-1.52989927828	0.0	1.37590266709	1.64166952818	0.184534744222	0.0	0.0	2.28757585155	0.0
unog36	0.0	0.0	0.0	0.0	0.0	0.0	-0.870053355647	0.0	0.0	0.0	0.0	-1.30011042091	1.1161833035	0.0	-0.0812862524181	0.0	0.680265362594	-1.13028722299	0.0	0.0
unog37	0.0	0.0	0.0	0.0	0.0	0.0	0.0	0.0	0.0	0.0	0.0	0.0	0.0	0.0	0.0	-0.718464583646	0.0	0.0	0.0	0.0
unog38	0.0	0.0	0.0	0.0	0.0	0.346278615187	0.0	0.0	0.0	-0.857958192964	0.0	0.0	0.0	-0.303105804834	0.0	0.0	1.05036640477	0.0	-0.854312961227	0.0
unog39	0.0	0.0	0.0	0.0	0.0	1.80898428672	0.0	0.0	0.0	0.0	0.0	0.0	0.0	0.0	-1.51278156105	0.0	-0.0506778411117	0.0	0.0	0.0
unog40	0.0	0.0	0.0	0.0	0.0798126679909	0.0	0.0	0.0	-1.40893428928	0.0	0.0	0.0	0.0	0.0	0.0	0.0	0.0	0.0	0.0	-1.13252345802
unog41	0.0	0.0	0.0	0.0	0.0	0.0	0.0	-1.31367546581	0.0	0.0	0.0	0.0	0.0	1.39816770888	-0.575889881236	0.0	-0.53725543046	-0.246481454103	0.193413635016	1.33060899418
unog42	0.0	0.0	0.0	0.0	-0.468025932212	0.0	0.0	0.0	0.0	0.0	-1.69853790619	-0.172309667458	0.0	0.0	0.0	0.0559465131812	0.408183556169	0.0	0.0	0.0
unog43	0.0	0.0	0.0	0.0	0.0	0.0	0.0	0.0	0.523458663492	0.0	0.0	0.586502149219	0.0	0.0	0.0	0.0	-1.42738160564	0.0	0.0	0.0
unog44	0.0	0.0	0.0	0.0	0.0	0.124227073903	-0.514955065047	0.0	-0.83530830699	0.0	-0.754041808422	0.0	0.0	0.0	0.0	0.0	0.0	0.0	0.438328623215	0.0
unog45	0.148564340787	0.0	0.0	0.0	-0.320850204005	0.0	0.0	0.0	0.0	0.0	0.0	0.0	0.695740842514	0.0	0.0	0.0	0.0	0.0	0.0	0.0
unog46	0.702713101119	0.0	0.0	0.0	0.0485807547939	0.0	0.386594422115	0.0	0.0	0.0	-0.796698440477	0.0	0.86820294704	-1.10800258538	0.0	0.0	0.0274022276804	0.0	-0.984716099895	0.0
unog47	0.0	0.0	0.0	0.0	0.0	-1.1416820745	-0.828146191274	0.0	0.0	0.0	0.0	0.0	0.0	0.650010309025	0.0	1.38666171261	0.0	-0.115512022312	0.0	0.0
unog48	-0.440345520338	-0.666444637048	0.0	0.0	0.0	-1.60590285047	0.0	0.382157569601	-0.734241897125	0.32475446186	0.0	0.0	-0.017768752434	0.0	0.0599917830355	0.0	0.0	0.0	0.0727375608889	0.0
unog49	0.992460591998	-2.56748720205	0.0	0.0	0.0	0.0	-0.919104806827	0.0	0.0	0.0	0.0	0.0	0.0	0.0	0.0	-2.16643644964	0.0	0.0	0.0	0.0
unog50	0.0	0.0	0.0	0.0	0.0	-1.09810197032	0.0	0.0	0.0	0.0	0.741563799289	0.0	0.0	1.24209464967	-0.617730226457	0.0	0.0	-1.21106982344	0.0	-0.232498180028
unog51	0.0	0.0	0.316356012251	0.415715115057	0.0	0.0	0.0	0.0	0.0	0.0	0.0246378548017	0.0	0.0	0.0	0.0	-0.763274948793	0.0	0.0	0.0	0.0
unog52	0.0	-1.02966349655	-0.598403273221	-0.550378863547	0.0	0.0	-0.465657117692	-1.24398576114	0.0	0.0	0.0	0.0	0.0	0.83853969569	0.0	0.0	0.0	0.0	0.0	0.0
unog53	-0.628989886164	0.0	-0.260356271229	-0.360088841404	0.0	0.0	0.0	0.0	2.07901399131	0.0	0.0	0.0	0.0	-0.630964137352	0.0	0.0	0.0	0.0	-0.863068332415	0.0719073618078
unog54	0.0	0.0	-0.0618957227757	0.0	0.0	0.0	0.0	0.0	-0.65943519288	0.835369113553	0.0	0.0	0.0	0.0	0.0	0.0	0.0	-0.528918357044	0.634221632832	0.0
unog55	0.0	0.0	0.0	-0.535375195003	0.0	0.0	-0.200975367323	0.0	0.0	0.0	0.0	0.0	0.0	-0.615780600264	0.0	0.0	0.0	0.0	0.0	0.0
unog56	0.0	-0.0429542279227	0.899291216232	0.0	0.0	0.0	1.50966574998	0.0	0.0	0.0	2.32278590926	0.0	-0.790432115598	0.0	0.268285386909	0.797384125765	0.0	0.0	0.0	0.614913584627
unog57	0.515597224115	0.0	0.0	-1.81638784018	-0.783756090313	0.0	0.0	0.0	0.0	0.0	-0.22149386215	0.0	0.0	0.0	0.0	0.0	0.0	0.237596865425	0.0	0.0
unog58	0.0	0.0	0.0	0.0	0.0	-1.7766315184	0.0	0.0	0.939947142263	-0.527869047781	0.0	-0.288140597912	0.0	0.0	0.0	0.0	1.12409046753	0.0	0.0	0.0
unog59	0.0678266016776	0.0	0.0	0.0	0.5109980306	-0.44174299891	0.0	0.0	0.0	0.0	0.0	0.0	0.0	0.0	0.0	0.0	0.0	0.0	0.0	-0.976961328394
unog60	-0.747330681249	0.304410927716	0.0	0.0	0.0	-0.34326863116	0.0	0.0	0.0	0.0	0.0	-0.427073977715	0.0	0.744350427854	-0.500866692421	-1.3749705581	0.0	0.0	0.0	0.0
unog61	0.586148107905	1.96605518679	0.0	0.0	1.23479312026	0.0	0.0	0.0	0.0	0.0	0.0	0.0	0.0	0.0	0.624699015359	0.0	0.0	0.0	0.0	0.0
unog62	-0.457083044431	0.0	0.0	0.0559529677626	0.0	0.0	1.16480953895	0.0	0.0	0.0	0.0	0.0	0.0	-0.14561351412	0.0	0.0	0.213260197801	-0.179478153585	0.0	0.0
unog63	0.777122605379	0.0	0.0	2.57060104716	0.76798681888	0.0	1.26355932647	0.0	0.0	0.0	0.0	0.0	0.0	0.0	0.126858286433	0.0	-0.274015437105	-0.296574305383	0.166403099016	0.0
unog64	0.0	0.0	0.0	0.0	0.0	0.0	-0.667550868118	0.0	0.0	0.0	0.557816772539	0.0	0.0	0.0	0.0	0.0	0.0	0.0	0.168193779226	0.0
unog65	0.0	0.0	0.0	0.0	0.0	0.0	0.0	0.0	0.0	0.0	0.0	0.0	0.127420559629	-0.552949999723	0.0	-1.26489026087	0.41151001257	0.0	0.0	0.0
unog66	-2.74507795105	0.0	0.0	0.0	0.0	0.0	0.0	0.0	0.0	0.0	0.0	0.0	0.0	0.0	0.0	0.0	0.0	1.01603805799	0.0	-0.988008324516
unog67	1.14305715843	0.0930773094592	0.0	0.0	1.13179772721	0.0	0.0681652520116	0.0	0.0	0.0	0.0	-0.446299248347	0.0	0.0	0.989323488627	0.0	0.0	0.0	1.73842686453	0.0
unog68	0.0	0.0	1.07352863458	0.0	0.0	0.0	0.0	0.0	0.0	0.0	0.0	0.0	0.0	0.0	0.0	0.706084743878	0.0	0.0	0.125691811312	0.0
unog69	0.0	0.0	0.0	0.0	0.0	0.0	0.0	0.0	0.0	0.301815338128	0.0	0.0	0.0	0.0	0.0	-0.769048793031	0.0	0.0	0.0	0.430409953809
unog70	0.0	0.0	0.792546830223	0.0	0.0	0.0	0.0	-0.227421883801	0.0	-0.081843294902	0.0	0.0	0.0	0.0	0.0	0.0	0.0	0.0	1.17618131018	0.0
unog71	0.0	0.0	0.0	0.0	0.0	0.0	0.0	1.85057836811	1.02615765792	0.0	1.13724185902	0.0	0.487228561222	0.0	0.0	0.0	0.0	2.00372279555	-1.06354601937	0.0
unog72	0.0	0.0	0.0	0.0	0.0	0.0	0.0	0.0	0.0	0.0	0.914821871829	0.0	0.800706142104	0.0	0.0	0.0	0.0	0.0	1.06957417564	0.0
unog73	0.0	0.0	1.20428118074	0.0	0.0	0.0	0.0	0.0	0.0	0.0	0.0	0.541845389176	0.0	0.0	0.0	0.0	0.0	0.0	0.0	0.0
unog74	0.0	0.0	-0.328888924795	-1.82187619617	0.371289793733	0.554884509894	0.0	-0.487170136015	0.0	-1.65965637935	0.0	0.0	0.0	0.621560399278	0.0	-0.126117769186	0.0	0.305916853855	0.0	0.0
unog75	0.0	0.0	0.0	-0.447883534279	0.0	0.0	0.0	0.42440941214	-0.718959166845	-0.388338324192	0.0	-1.17762173668	-0.721403529508	-0.880687376158	0.0	0.0	0.0	0.0	0.0	-0.205536995252
unog76	0.0	-2.54176577512	0.0565153848734	0.0	0.0	0.0	0.0	0.0	0.0	0.0	0.0	0.0	0.0	-0.250377300837	0.0	-1.39389328141	0.0	0.0	0.00641743737226	0.0
unog77	0.538512343653	0.373853919316	0.0	0.0	0.0	0.0	0.0	0.0	-0.542274886626	-1.81129369138	-0.295912366265	0.0	0.0	0.0	0.0	0.0	0.0	0.0	0.0	-1.74288040804
unog78	0.0	0.0	0.0	0.0	0.725384041815	0.0	0.0	0.0	-0.721557752896	-0.732298366156	0.0	0.0	0.0	0.0	0.0	0.0	0.0	0.0	0.0	0.0
unog79	0.0	0.0	-1.07282578829	0.0	-0.795599164383	0.270560561094	0.0	0.0	0.0	0.0	0.0	0.0	0.0	0.0	0.198300343235	0.0	0.0	0.0	0.0	0.0
unog80	0.0	0.0	0.0	1.0047044762	0.84489024693	0.0	0.0	0.0	0.0	-0.696279831211	0.0	0.0	1.08318727194	0.0	0.0	0.0	0.0	0.0	0.0	0.0
unog81	0.0	0.0	0.0	0.0	0.0	0.0	0.0	0.0	0.0	0.0	0.0	0.0	0.0	0.0	0.0	-0.55907469518	1.92016885495	0.0	0.0	0.0157582163695
unog82	0.0	0.0	0.0	0.0	0.0	0.0	-0.442660954025	0.0	0.0	0.0	0.0	0.0	-0.261346780143	-1.01173382228	0.0	0.0	0.141604261237	0.0	0.0	0.0
unog83	0.0	0.0	0.0	0.0	-0.0208262031538	-0.275642525595	0.0	0.0	0.0	-1.14406437832	0.0	0.0	-1.1697523503	0.0	0.567348395974	0.0	0.0	0.0	0.0	-0.487701166207
unog84	-1.14559624039	0.0	0.0	0.0	0.0	0.0	0.0	0.0	0.0	0.0	0.0	0.0	0.0	0.0	0.0	0.0	0.0	0.0	0.0	0.0
unog85	0.0	0.0	0.0	0.0	0.0	0.0	0.0	0.0	0.0	0.0	0.0	0.0	0.0	0.0950516122998	0.0790737051395	0.0	0.0	0.0	0.0	0.0
unog86	0.0	0.0	0.0	0.0	0.0	1.00906459801	0.0	0.0	0.0	0.0	0.0969886493974	0.0	0.0	0.0	0.0	0.0	0.0	0.0	0.0	0.0
unog87	0.0	-1.81518179313	0.0	0.0	0.0	0.0	0.0	0.0	0.0	1.16767870896	0.0	0.124908883389	0.0	0.0	0.0	1.7223754334	0.0	-1.51541363279	0.0	0.0
unog88	0.0	-1.33518691312	0.0	0.345889056708	1.08241022194	0.0	0.0	0.0	0.540225123173	0.0	0.0	0.0	0.0	0.0667400127269	0.0	0.0	0.0	-1.05167960092	0.0	0.0
unog89	0.0	1.03181263929	0.0	0.0	-1.13291413797	0.0	0.0	0.0	-0.540260056695	0.0	-0.570043243616	0.0	0.0	0.0	0.0	0.0	0.0	0.0	0.0	1.08975253501
unog90	0.0	0.0	-0.0981936235836	-0.595978437044	-0.366032250609	0.0	0.0	0.0	-0.370021033888	0.0754247330033	-1.40904807043	0.0	0.0	0.74634702042	0.0	0.0	-0.992902799251	0.0	0.0	1.36144128639
unog91	0.0	0.0	0.0	0.0	0.799154949076	0.865483615022	0.0	2.04743027226	0.0	0.0	0.0	0.0	1.71399393426	0.0	2.53489215036	0.0	1.63812258288	0.0	0.0	-1.0886929192
unog92	0.0	0.0	0.0	0.0	0.0	0.0	0.0	0.0	0.82382872403	0.0	0.0	-0.238820234861	0.0	0.0	0.750522505931	-1.72292509921	-0.553894162573	0.0	0.0	0.0
unog93	0.0	0.0	0.0	0.0	0.0	0.0	0.0722171467444	0.0	-0.00311297763971	0.0	0.0	0.0	0.0	0.0	0.0	0.0	0.0	0.0	0.0	0.0
unog94	0.0	0.0	0.0	0.0	0.0	0.0	1.13818998302	0.0	-0.874478867192	0.0	-1.080126368	-1.696691314	0.0	0.0	0.0	0.0	1.25201202045	0.0	0.0	0.0
unog95	-0.847324193925	0.0	0.0	0.0	0.0	0.0	0.0	0.0	0.0	-0.376277855741	-1.98440171765	0.0	0.0	-0.275273839302	0.0	0.924694991772	0.0	0.0	0.0	1.11543011541
unog96	0.0	0.0	-1.53737442374	0.0	0.170338725987	-2.31638078028	0.0	0.0	0.0	-1.34020868546	0.0	0.0	0.0	0.0	0.0	0.0	0.0	0.0	0.0	0.0
unog97	0.0	0.0	0.0	0.0	-0.657347872404	1.37490075163	-0.356998648031	0.0	0.0	0.0	0.0	0.0	0.0	0.0	0.0	0.0	-0.129530665462	0.0	0.0	0.0
unog98	0.0	0.0	0.0	-1.25885249084	0.0	0.0	0.0	0.0	-0.798861773926	0.0	0.0	0.0	0.0	0.0	0.0	0.0	0.0	0.874240495646	0.0	0.0
unog99	0.0	0.0	0.0	0.0	0.0	0.0	0.0	0.0	0.0	0.0	0.0	0.0	-0.785362456225	0.0	0.0	0.0	0.566490017289	0.0	0.0	0.0
unog100	0.0	0.0	0.0	0.0	0.0	0.0	0.0	-1.55028461319	0.0669938390958	0.0	0.0	0.0	0.0	0.0	-0.549013876691	0.0	0.0	0.686833037762	0.0	0.0
unog101	0.0	0.0	0.0	0.0	-0.445870475028	0.378767606181	0.0	0.0	0.0	0.0	0.0	0.858523433295	0.0	0.0	-0.924642537783	0.0	0.0	0.0	0.0	0.0
unog102	-0.704194059275	0.356234040116	-0.00138301411489	0.0	2.36277469743	0.0	-1.75723770975	1.22472856635	0.0	-0.144794548111	0.0	0.0	0.0	0.0	0.0	0.0	0.0	0.0	1.05810470194	1.92279994825
unog103	-0.59701766206	1.15079509875	0.0	0.0	0.0	0.3040427987	0.0	0.0	0.681730219543	0.0	0.0	0.0	0.0	0.0	0.0	0.0	0.0	0.0	-1.14392049439	0.0
unog104	0.0	0.0	0.0	0.0	0.0	-1.29944841438	0.0	0.284316058304	0.0	0.0	0.745962329689	0.0	0.0	0.0	0.28672865726	0.0	0.0	-0.683996652224	0.0	0.0
unog105	0.0	0.0	0.0	0.0	0.0	0.0	1.2533853559	0.0	0.0	-1.45710571752	0.0	0.0	-0.546063836909	0.0	0.0	0.0	0.0	1.33521181749	0.0	0.0
unog106	0.0	0.0	0.0	0.0	0.896530001889	0.0	0.0	0.0	0.0	0.0	-1.05167256625	0.0	0.0	0.0	0.0	0.0	0.0	0.0	0.0	0.0
unog107	-1.77808653076	0.0	0.0	0.0	0.0	0.0	0.0	0.0	-0.14167828145	0.0	0.0	0.0	0.0	0.118892448084	0.0	-0.29512802007	0.0661141216859	0.0	0.0	0.0
unog108	0.0	0.0	0.0	0.0	0.596129048556	0.0	0.0	0.0	0.0	-0.732343097782	0.0	0.583488300966	0.0	-0.911855660275	0.0	0.0975837584684	0.0	0.0	0.0	0.0
unog109	0.0	0.0	-1.16542654877	-1.98439419275	0.0	0.0	0.0	0.0	0.0	0.0	-2.63966127858	-0.172279704069	0.0	1.24325549545	0.0	0.0	0.0	0.0	0.0	0.0
unog110	0.0	-0.914093212629	0.0	0.0	0.0	0.0558524818513	0.391098864699	0.0	0.311668032432	0.0	0.426154488328	0.0	0.0	0.0	0.0	0.0	-0.443268885188	0.0	0.0	-0.397115640118
unog111	0.0	0.0	0.0	0.0	0.0	0.0	1.75655287296	0.0	0.0	0.0	0.0	0.553680745918	-0.203328020514	0.0	0.0	0.0	0.0	0.0	0.0	-0.0766347208587
unog112	-0.710272040988	0.0	0.65482481711	0.0	0.0	0.0	0.0	0.0	0.0	0.0	0.574499251177	0.514712948177	0.0	0.0	0.508180143119	0.621083470338	0.0	0.0	0.0	0.0
unog113	0.0	0.0	0.0	0.0	-1.27915228717	0.0	0.0	0.0	0.0	0.0	0.534723996451	0.0	-1.83435894863	-0.745729058911	0.0	0.0	-0.32300772472	0.0763649969111	0.0	0.0
unog114	0.0	0.0	0.0	-0.0026766260165	0.0	0.0	0.0	0.0	0.0	0.0	0.0	-0.179091853158	0.0	0.0	1.26683511398	0.0	0.0	0.0	0.0	0.0
unog115	-1.77075612199	0.0	0.0	0.0	0.0	0.0	-1.27520187262	0.0	0.0	0.0	0.0	0.582938801304	-2.301647415	0.0	0.0	0.208448567416	0.0	1.00740346658	0.0	0.0
unog116	0.0	0.0	0.0	0.0	0.0	0.0	0.0	0.0	0.0	0.0	0.0	-1.62863811415	0.0	0.0	0.0	-0.236031148652	0.0	-1.06319039566	0.0	0.0
unog117	0.0	0.0	-0.839873263763	0.0	0.0	-0.246808308589	0.0	0.0	0.0	0.0	0.0	0.0	0.0	0.0	0.0	0.0	0.0	0.0	0.0	0.0
unog118	0.183995467838	0.0730277142532	0.0	0.0	0.509378893521	1.37288252558	0.0	0.0	0.0	0.0	0.0	0.0	0.0	0.0	0.0	0.0	0.0	0.0	0.0	0.922381996643
unog119	0.0	0.0	0.0	0.0	0.0	0.0	0.0	0.0	-0.501201922318	0.0	0.0	0.0	0.0	0.0	0.0	0.0	0.0	0.0	0.0	0.0
unog120	0.375751663722	0.0	0.0	0.0	0.0	0.0	0.935321801669	0.0	0.0	0.744503183948	0.0	0.0	-0.115554836992	0.0350079186574	0.0	0.0	0.0	-1.02837270966	0.0	0.0
unog121	0.0	0.0	0.0	0.0	0.0	0.0	0.0	0.0	0.0	0.0	0.0	0.0	0.0	0.0	0.0	0.0	0.0	0.0	0.0	0.0
unog122	0.0	0.0	0.0	0.0	0.0	0.0	0.0	0.0	0.0	1.56040337754	0.0	0.0	0.0	0.0	0.0	0.0	0.0	0.0	0.0	0.0
unog123	0.0	0.0	0.0	0.0	0.0	0.0	-0.528213591365	-0.88814487451	0.0	0.0	0.0	0.0	0.0	0.0	0.0	0.0	0.0	0.0	0.0	-0.00706580244882
unog124	0.0	0.0	-0.0285748574771	0.0	0.0	1.21844221216	0.0	0.0	-0.178432269596	0.0	0.0	0.0	0.0	0.0	2.09603316681	0.0	0.0	0.0555425836363	0.0	0.411877339773
unog125	0.0	0.0	0.0	0.0	0.456945188841	0.0	0.98388017174	0.0	0.0	0.0	0.0	0.0	2.00426177109	0.0	-0.665767530773	0.0	0.0	0.0	0.28880852439	0.0
unog126	0.830121745348	0.0	0.0	0.0	0.0	-0.144636168459	-1.35391106961	-1.14562667122	0.0	0.0	0.0	0.0	0.0	0.0	0.148651688184	0.0	0.0	0.0	0.0	0.905122851917
unog127	0.0	0.156363612471	0.0	0.0	0.0	-0.0359848998363	0.0	0.117404085784	-1.05069991643	0.0	0.0	0.0	-0.447423774549	-1.31503573768	0.0	0.0	-1.35034799633	0.0	0.0	0.0
unog128	-1.97227257054	0.0	0.0	0.0	0.0	0.293863130046	0.0	0.0	0.0	0.0	-0.329098675387	0.915118610579	0.0	0.0	0.275459682237	0.0	0.0	0.0	0.0	0.0
unog129	0.667339176072	0.0	0.0	0.657760305837	0.0	0.0	0.0	0.0	0.0	0.0	0.0	1.781014051	0.0	0.0	0.0	0.0	0.0	-1.45430681237	0.0	0.0
unog130	0.0	0.0	0.0	0.0	0.0	0.0	0.0	0.0	0.0	0.0	0.0	0.0	0.0	0.0	0.0	0.0	0.0	0.0	0.0	0.0
unog131	0.0	-1.365873912	0.0	0.728421470398	0.0	0.0	0.0	0.0	0.0	0.0	0.653371208892	0.0	0.0	0.0	0.0	0.0	0.0	0.0	0.0	0.0
unog132	0.0	0.40609096464	0.0	0.0	0.0	0.0	0.0	-0.741245637259	0.0	0.0	0.0	-0.140090395889	0.0	0.170754273975	-0.736687288791	0.0	0.0	0.0	0.0	-1.64693816535
unog133	0.245939891657	0.724888561059	0.0	0.0	0.0	0.563167764162	-1.12184870258	0.0	0.0	0.0	0.0	0.0	0.0	0.0	0.0	0.0	0.0	0.0	0.0	0.0
unog134	1.04149061988	0.0	0.0	0.0	0.0	0.0	0.0	-1.80854518336	0.0	0.0	0.0	0.0	0.0	-1.91679963862	0.0	0.0	0.0	0.194623550521	0.0	0.0
unog135	0.0	1.21702434775	0.0	-0.275349587678	0.0	0.0	0.0	0.0	0.0	-0.47413553574	0.15248831173	0.0	0.0	0.0	0.0	0.0	-0.867769248671	-0.997392009213	0.0	0.0
unog136	0.0	0.0	-0.0997500234172	0.0	0.0	0.0	0.0	1.34467346129	0.0	0.0	0.0	0.0	0.0	0.0	0.0	0.437208398795	0.0	0.0	0.0	0.0
unog137	2.04084835318	0.0	0.0	-0.476126776281	0.0	0.0	0.0	0.0	0.0	0.0	1.2088766247	0.0	0.672482243403	-1.78895753761	0.0	-0.137265801392	-0.0425777434072	2.11818256698	0.159235289533	-1.43471051119
unog138	0.0	0.0	0.0	0.0	0.0	-0.386134594853	0.0	-0.0559587913615	0.0	-0.137909863478	0.0	1.93618413354	0.0	0.0	0.0	0.0	0.0	0.04036623268	0.0	0.0
unog139	0.0	0.0	0.0	0.0	0.0	0.393554504803	0.0	-0.0048437147498	-0.041287911788	0.0	0.0	0.0	0.0	0.0	0.0	0.0	0.0	0.0	0.0	0.0
unog140	0.0	0.0	-2.0831895707	0.0	0.0	0.0	0.0	0.0	-0.545688445903	0.0	0.0	0.0	0.0	0.664754550936	0.0	0.0	1.60237054041	0.0	-1.06850985297	-0.192984546932
unog141	0.0	0.52197255438	0.0	0.0	0.0	0.0	0.0	0.0	0.0	0.0	0.0	-0.0146394818484	0.0	0.0	0.0	-0.0767491992852	0.677638123716	0.0	-0.797235206228	0.0
unog142	0.0	0.0	0.0	0.0	0.0	0.0	0.0	0.0	0.686771656998	-1.92158552753	-0.940858817536	0.0	0.0	0.0	0.0	0.0	0.0	0.0	0.0	0.0
unog143	0.0	0.0	0.0	0.228526656175	0.0	0.0	0.0	-1.08930163756	0.0	0.0	0.248757107562	0.0	0.0	0.0	0.0	0.0	0.0	0.0	0.0	0.0
unog144	1.694473369	0.0	0.0	0.0	0.0	-0.83185057708	0.0	0.0	-0.145261238672	0.0	-0.663146170256	0.0	0.0	-0.356395281812	-0.319759640024	0.0	0.0	0.0	0.0	1.37458100998
unog145	0.0	0.0	0.0	0.0	0.0	0.0	0.0	0.0	-1.97048394487	0.0	0.0	0.0	0.0	0.0	0.0	1.75756190235	0.0	0.0	1.38926493964	0.0
unog146	0.0	-0.383414063407	0.0	0.0	-0.573992750169	0.0	0.0	0.0	0.0	0.0	0.0	0.0	0.0	0.0	0.0	0.0	-1.06503523261	0.0	0.0	0.984213098513
unog147	1.713862689	0.691593317281	0.0	-0.134976443695	0.0	0.0	0.350997671032	0.0	0.0	0.0	0.0	0.0	0.0	0.0	0.0	0.0	0.0	0.0	0.0	-0.242028333884
unog148	0.0	0.0	1.08134429003	0.592794986023	0.0	-1.42320071349	0.0	0.0	0.0	0.0	0.00671241243045	0.0	-1.0895560423	-0.542901398938	0.0	-2.20858494026	0.330369679711	0.0	0.0	0.0
unog149	-0.864076493385	0.0	0.0	0.0	0.0	0.0	-0.889483996276	0.0	0.0	0.0	-2.43663811359	0.0	0.0	0.0	0.826448917121	0.0	0.0	-1.13136109159	0.676240577016	1.36188639212
unog150	-0.801039074933	0.0	-0.613842370064	0.0	0.0	-0.723780350071	0.0	1.82260522674	0.0	0.0	0.0	0.0	1.16560936139	0.0	0.0	0.0	0.0	0.0	0.0	0.0
unog151	0.143280803889	0.0	0.0	0.0	0.0	0.0	0.0	-0.856189355121	0.754110121399	0.0	0.0	0.0	-0.00710690641387	0.0	0.0	0.0	1.14591586049	1.24078449086	-0.844008457052	0.0
unog152	0.0	0.0	0.0	0.0	0.0	0.0	0.0	0.0	-0.190021341165	0.0	0.0	0.0	0.0	0.0	0.0	-0.424156815926	0.0	0.0248490724017	0.94006471945	0.0
unog153	-3.28948193409	0.0	0.0	0.443253137547	0.0	0.0	-1.83796609524	0.0	0.0	0.0	0.0	0.0	0.0	-0.408500235308	0.0	0.0	0.0	0.254305691543	0.0	1.68896893576
unog154	0.0	0.0	0.0	0.0	0.0204773247317	-0.845989594961	0.0	0.396805602861	1.51190752171	0.0	0.0	0.0	0.0	0.0	0.0	0.0	0.0	0.0	0.0	0.0
unog155	0.0	0.0	0.0	0.0	0.0	0.0	0.0	0.0	2.60591522639	0.0	0.0	0.0	0.0	0.0	0.0	0.0	0.567625579709	0.326329932113	0.0	0.0
unog156	0.602461172933	0.0	0.0	-0.430404342837	-0.760264530507	-0.884526905265	0.0	-1.17238203776	0.0	0.0	0.261332520765	1.1139199556	-0.00755689680842	0.0	0.0	-1.58642964252	0.0	0.0	0.0	-0.500086443897
unog157	0.0	0.0	0.0	-1.43085104553	0.0	-1.70063301997	0.0	0.0	0.0	0.0	1.64434696086	0.0	0.0	0.0	0.0	0.0	0.561645834389	0.0	-0.0472815216133	0.0
unog158	0.0	-0.643078172284	1.1510351374	0.0	1.03962341079	0.0	-0.696991532407	0.0	0.0	-1.79955305241	0.0	0.0	0.0	0.0	0.0	0.0	0.0	0.0	0.0	0.0
unog159	0.0	0.0	0.0	0.0	0.0	0.0	0.0	0.0	0.0	0.0	0.0	0.0	0.0	0.603912802031	0.0	0.0	0.0	0.308173106841	0.0	0.0
unog160	0.0	0.0	0.0	0.0	0.0	0.0	0.0	-0.455994633586	0.0	0.0	0.0	0.0	0.29334715545	0.0	0.0	0.0	0.0	0.756416806762	0.0	0.0
unog161	0.0	0.0	0.0	0.0	0.306119860387	0.0	0.0	0.0	0.0	0.0	0.0	-0.441942005301	0.0	0.0	0.0	0.0	0.0	0.0	0.0	-0.0247120590311
unog162	0.0	0.0	0.0	-1.97080436458	0.0	-0.391907813715	1.6417427095	0.0	0.0	0.0	0.0	0.0	0.0	0.0	0.0	0.0	0.0	0.0	0.0	0.0
unog163	0.0	0.0	0.0	0.0	0.0	-1.09185407313	0.0	-0.326609301729	0.0	0.0	0.0	0.0	-0.758513637674	0.0	0.0	0.0	0.0	0.821696639621	0.0	1.13560134965
unog164	0.0	0.0	0.0	0.0	0.0	-0.0720528397456	0.0	0.0	0.0	0.0	-1.16388909182	0.0	0.0	-0.280766911727	0.0	0.0	0.149797441009	-2.69478897395	0.0	0.0
unog165	0.0	0.420279631475	0.0	0.762293923775	-1.0285376122	0.0	0.0	0.550194257353	-1.2225698488	0.0	0.0	0.850749309944	0.0	-0.368321382563	0.0	0.0	0.0	1.40983059681	0.0	-1.85890318614
unog166	0.0	0.0	1.33284175542	0.0	0.0	0.0	-0.541911507032	0.879557560697	0.410574309455	0.0	0.0	0.0	0.0	0.0	0.0	0.0	0.0	0.0	1.5244441534	0.0
unog167	0.0	0.0	0.0	0.0	0.0	0.0	-1.6509395239	0.0	0.0	1.25887726961	0.0	0.0	-0.0960554622068	0.0	0.0	0.0	0.311036517453	-0.133471219639	-0.77030378244	0.0
unog168	0.0	-1.59792130629	0.0	0.0	-2.4883357285	0.0	0.0	0.0	0.0	0.0	0.0	0.0	0.0	0.0	0.0	0.0	0.0	0.0	0.0	0.97311207773
unog169	0.0	0.0	0.0	-0.621218655578	0.0	0.818574048963	0.0	0.0	0.0	0.0	-0.242643226854	-1.45587545774	0.0	-0.182260801599	0.0	0.0	0.0	0.0	0.0	0.0
unog170	0.0	0.0	0.0	0.0	2.2925677352	0.0	0.0	0.0	0.0	0.383868125884	1.11941393624	0.0	0.0	0.0	0.0	0.0	0.19029114626	0.0	0.0	0.0
unog171	0.0	-0.953095000199	0.0	-0.405527855115	0.0	0.0	-0.214258775479	0.0	0.0	0.0	0.0	0.0	0.176350094655	0.0	0.0	0.0	0.0	0.0	-1.50918606896	0.23476445236
unog172	0.0	0.0	0.0	-1.56110013598	0.0	0.0	0.0	-1.04728650984	0.0	0.0	0.0	0.0	0.0	-0.703382168472	-2.37529044384	0.0	0.0	0.0	0.0	-0.481341992798
unog173	0.0	0.0	0.333168133699	0.0	-0.148337395967	0.0	0.0	0.0	0.0	0.0	0.0	-0.783369677969	0.0	0.0	0.535073034366	0.0	0.0	0.0	-1.68787710506	0.0
unog174	0.596387942107	0.0	0.0	0.0	0.0	0.0	0.0	0.0	0.0	0.0	0.0	0.141424860878	0.0	0.0	0.0	0.0	0.0	1.01151699468	0.0	0.0
unog175	1.09813960519	0.0	-1.49076967864	0.0	0.948250622138	0.0	-0.0574454688096	0.0	0.0	0.0	0.0	0.0	0.386603961422	0.0	0.0	0.0	0.0	0.909792308283	-0.154847411996	0.0
unog176	0.0	0.0	0.0	0.0	0.0839954121508	0.0	0.0	0.0	0.0	0.0	0.0	0.0	0.0	0.923961906142	0.0	0.0	1.38157411619	0.0	-0.989653315768	-0.868578124168
unog177	0.0	0.0	0.603894679681	0.0	0.0	0.0	0.0	-0.648514717762	0.0	0.0	1.50359879369	0.0	0.894662902891	0.239065512953	-0.0504393773122	-0.46625883638	0.0	0.0	0.0	0.0
unog178	0.0	0.445772221594	0.0	0.0	-0.983283201734	0.0	0.0	0.0	0.0	0.0	0.0	-0.59093882468	-0.482050359194	0.0	0.0	0.0	0.0	0.0	0.0	0.0
unog179	0.272800021616	0.0	0.0	0.0	-0.312455540906	-0.722909716342	0.0	0.0	0.0	0.0	1.78676790836	0.0	0.732090641024	0.0	0.0	1.63531755172	0.0	0.0	-0.155660409398	0.0
unog180	0.0	0.0	0.0	0.0	0.0	0.898491015026	0.0	0.0	0.0	0.0	0.0	0.0	-1.80436261215	0.0	0.300188884842	0.0	0.0	0.0	0.0	0.0
unog181	0.612026473565	-2.13286125805	0.0	0.0	0.0	1.55229660682	0.768379898512	0.197133177034	0.0	0.0	0.0	0.21390117137	0.0	0.435702481259	0.0	0.0	0.0	0.0	0.0	0.0
unog182	0.0	0.0	0.0	0.0	0.0	0.0	0.0	0.0	0.0	0.523438327204	0.0	0.0	-0.363664698921	0.0	0.0	0.0	0.0	0.0	0.0	-0.509588368172
unog183	0.680052481991	0.0	0.0	0.0	0.0	0.912043441124	0.0	-0.817787127115	-0.579288038596	0.0	-0.633035266968	0.0	0.0	0.0	0.0	0.0	0.0	0.0	0.436137824783	0.0
unog184	0.0	0.0	0.0	-1.20296253416	-0.123944690976	0.0	0.0530337949414	0.0	0.0	2.83518317941	-0.285174300018	0.0	0.0	-0.373571109407	1.80015209306	0.0	-0.11757104669	0.0	-0.562943663016	0.289387475603
unog185	-0.975400706447	-2.1045212888	0.0	0.0	0.0	0.854771172573	0.0	0.0	0.0	0.0	0.0	0.0	-0.489011633673	0.0	-0.580953195495	0.0	0.0	0.0	0.0	0.0523695989339
unog186	0.0	0.0	0.0	0.0	0.0	-0.281448760726	0.161716404248	0.0	0.0	0.0	-1.25986583526	0.0	0.0	0.0	0.0	0.0	0.0	-0.444150124908	0.0	0.0
unog187	1.65781714718	0.0	0.0	0.0	0.922082306991	0.0	0.0	0.0	0.0	1.30125490418	0.0	0.0	0.0	0.0	0.0	0.0	0.0	0.0	-0.348104145264	0.0619072400415
unog188	0.0	0.0	-0.415686227688	1.95680130338	0.0	0.0	0.0	-0.690907307816	0.0	0.0	0.383480705488	0.0	1.64221585993	-0.52982452401	0.449733682544	0.0	0.0	1.08401927999	0.0	0.0
unog189	0.0	0.580210560202	-1.29711788548	0.0	0.0	0.0	0.0	-0.0798912935347	0.0	0.0	0.0	0.811345535116	0.0	-1.6868265514	0.0	0.0	1.10299255608	0.0	0.0	0.0
unog190	0.0	-1.30077031389	0.0	0.0	0.0	0.0	0.0	0.0	0.0	0.0	0.0	0.539666077909	0.0	0.0	0.0	0.0	0.0	0.0	0.0	0.0
unog191	-0.00449606120525	-1.2368227421	0.0	0.0	0.0	0.0	0.0	0.0	0.0	0.375419315255	0.0	0.0	0.0	0.0	0.0	0.847196990555	0.0	0.0	0.0	0.610574502549
unog192	0.0	0.0	0.0	0.0	0.0	0.0	0.0	0.173671852085	0.0	0.0	0.0	0.0	0.0	0.0	0.344391006802	0.0	0.0	0.0	0.0	0.0
unog193	0.0	0.0	0.0	0.724187677979	0.0	0.0	0.0	0.0	0.0	-0.375414406293	0.0	-0.384236054628	0.0	0.0	0.0	0.0	0.0	0.231188891895	-1.71705352634	-0.308597836639
unog194	0.0	-0.892303053628	0.0	0.0	0.0	0.0	0.0	0.0	0.0	0.0	0.0	0.0	0.0	0.0	0.0	0.320754672844	0.0	0.0	0.0	0.0
unog195	0.558076963766	0.0	0.0	0.0	-1.08907298661	0.0	0.0	0.0	0.0	-0.628879241458	0.0	0.0	0.0	0.0	0.542808537023	0.0	2.51756584618	0.0	0.0	0.112875787314
unog196	0.0	0.0	0.0	-0.833915128423	0.0	0.0	0.0	0.0	0.0	0.0	0.0	0.0	-0.517820451828	0.0	0.0	0.0	0.935138101454	0.0	0.0	0.0
unog197	0.0	0.0	0.0	0.0	-0.947146966358	0.0	-1.87713442365	0.487075733939	0.0	0.0	0.0	-0.941976601184	0.0	-1.21064334655	0.0	0.0	0.0	0.0	0.0	0.0
unog198	-0.247836921863	0.0	-1.35544084733	-0.459825205974	-0.67692807945	-0.571416311433	0.0	-0.715213936798	0.0	0.0	0.762361801676	1.12588244628	2.0428623659	1.1383766303	-0.776667674702	0.0	0.0	0.0	-0.966302507109	-0.269307196524
unog199	0.0	-1.18701777663	0.0	0.0384897500845	0.0	0.0	0.0	0.0319823126454	0.395467188651	-1.40930506532	0.0	0.0	0.0	0.0	0.0	0.0	0.0	0.0	0.0	0.0