dost0	dost1	dost2	dost3	dost4	dost5	dost6	dost7	dost8	dost9	dost10	dost11	dost12	dost13	dost14	dost15	dost16	dost17	dost18	dost19
dost0	1.70099855703	0.0	0.0	0.0668295150841	0.0	0.229770457115	0.0	0.0	0.0	0.0	0.0	0.0	0.0	-1.14495762877	0.0	0.0	0.0	-0.386556716566	0.0	1.77389765213
dost1	0.0	0.0	1.2029405448	0.0	0.888053992188	0.0	0.0	0.0	0.303376383755	0.0	0.0	0.0	-0.123328294794	0.0	0.130488323724	0.0	0.757122882152	0.0	0.0	0.0
dost2	0.0	0.0	0.0	1.54362174442	0.0	1.2568158001	0.0	0.0	0.0	0.0	0.0	0.0	0.0	0.643594875161	0.0	0.0	0.863918194672	0.0	0.0	1.36665769678
dost3	0.0	0.0	0.0	0.0	0.0	0.0	0.0	0.0	0.0	0.0	0.0	0.0	0.0	0.0	0.0	0.0	0.0	0.0	0.0	0.0
dost4	0.0	0.0	0.0	0.0	0.0	0.0	0.0	0.0	0.0	0.0	0.35751526861	0.659842048423	0.0	0.0	-1.92739837403	0.0	0.0	0.0	0.0	-0.00766165542687
dost5	0.0	0.0	-1.40420050024	1.03848108139	0.0	-0.210445528362	0.0	0.810524641002	0.0	0.0	1.51276002225	1.28055604823	0.0	-1.23885394909	0.0	0.0	0.0	0.331816960802	0.0	0.0
dost6	-0.574701524863	0.0	0.0	0.0	0.0	0.0	-0.608815933091	0.0	0.0	-0.767300198918	0.0	0.528210949214	0.0	0.0	0.0	0.0	0.0	0.0	0.0	0.0
dost7	0.0	0.0	0.0	0.0	0.0	0.720986258486	0.0	0.0	0.612455640622	0.0	0.0	0.0	-1.71456830447	0.0	0.0	0.0	0.0	0.0	0.0	0.0
dost8	0.0	-1.57445407305	0.0	0.0	0.0	-1.31541503397	0.0	0.0	0.0	0.0	2.25929526315	0.0	0.0	0.0	0.0	0.0	0.0	0.0	0.0	0.0
dost9	0.0	1.11477811618	0.0	0.0	1.81351215723	0.591667594618	0.0	0.0	0.0	0.758191597815	0.0	0.0676348828548	-0.762522372249	-0.149428516352	0.0	0.0	0.0	0.0	0.311202616319	0.0
dost10	0.893250719288	0.0	0.0	0.149801508338	0.0	-0.816688295001	0.0	-0.356762043523	0.0	0.0	0.0	0.0	0.0	0.0	-2.05312563775	0.0	0.0	0.318683488887	0.0	0.0
dost11	-0.171351245238	0.0	0.0	0.0	0.0	0.0	0.593734856964	0.0	0.0	-1.97766316045	0.774883698357	-1.1010709054	0.0	0.0	-1.11734503084	0.0	0.174210883416	0.0	0.0	-0.644785691797
dost12	-0.957780045862	0.0	-0.882979943237	0.0	0.0	0.0	0.903701212618	0.0	0.0	1.80541945128	0.458703911386	0.0	0.0	0.0	0.334815468442	0.0	0.0	0.0	0.0	0.0
dost13	0.0	0.0	0.0	0.0	-2.3344165701	0.0	0.0	0.0	0.0	0.0913547226282	0.0	0.0	0.263989298047	0.0	0.0	0.0	0.0	-0.844612822859	0.0	0.0
dost14	0.0	0.0	0.0	0.84520316389	0.0	0.0	-0.968730703022	0.0	0.0	0.0	0.0	0.0	0.0	0.0	1.62887296448	0.0	0.0	0.0	-1.15257098287	0.0
dost15	0.0	0.0	0.0	0.0	0.0	0.0	0.0	0.0	0.0	-1.15401660469	0.0	0.0	0.0	-0.60458711165	1.88446286373	-0.0604860644821	0.0	0.0	0.0	-1.49300852401
dost16	0.0	0.0	0.0	0.0	0.0	0.0	0.0	0.0	0.0	0.0	0.0	0.0	-1.57566162051	0.0	-0.161578191328	0.0	0.0	0.0	0.0	0.63966222691
dost17	0.0	0.0	0.0	0.0	0.035974705726	-2.32731249891	0.0	-1.28737622654	0.0	0.313720254718	0.0	0.0	0.0	0.0	0.0	0.475370810023	-0.453730283515	0.0	0.0	0.0
dost18	0.0	0.130769261285	0.0	0.0	0.0	0.0	0.0	0.0	0.156378762245	0.0	0.0	0.167113832543	0.0	0.0	0.0	0.0	0.0	0.144355674624	0.0	0.0
dost19	0.0	0.0	0.0	0.0	0.0	-1.12456318886	0.0	0.0	0.0	0.0	0.424888068077	0.0	0.0	0.0299365872705	0.0	0.0	0.0	0.0	0.0	0.0
dosg0	-0.26390446063	0.0	0.0	-0.184153742117	0.0	0.0	0.0	0.0	0.0	0.0	0.0	0.0	0.0	-2.06949413045	2.04316015414	0.0	-1.12546993712	-1.04643881973	0.0	0.0
dosg1	0.0	0.0	0.0	0.0	0.0	0.0	0.0	0.0	0.0	0.0	0.0	0.0	0.0	-0.543680191109	0.0	0.0	0.0	0.0	0.0	0.0
dosg2	0.799986278062	0.0	-0.912283033841	0.0	0.0	0.0	0.0	0.0	0.0	0.0	0.129263492119	0.0	0.0	0.797811204863	0.0	0.0	-0.00592638005737	0.0	0.0	0.0
dosg3	0.0	0.0	0.0	0.0	0.376937916025	0.0	-0.963131446809	0.0	0.0	0.0	1.15218195662	0.0	-0.89567146862	0.0	0.0	0.0	0.0	0.0	0.0	0.0
dosg4	0.624108755977	0.613995754657	0.0	0.631552487568	0.0	0.0	0.0	0.0	0.0	-0.868320725636	0.0	0.155190162713	0.0	0.0	-0.438990469448	0.0	0.0	0.0	0.256955344492	0.0
dosg5	0.0	0.0	0.0	1.21836253591	0.0	0.0	0.282391497398	0.0	0.0	0.0	-0.93592107083	0.77275461433	0.0992836191471	0.0	-0.177383519642	0.0	0.0	0.0	0.0	0.214759147991
dosg6	-0.412078801468	0.0	-0.183418201748	0.616991739815	0.0	0.0	0.0	-0.587705686927	-0.838196541851	0.0	0.0	0.46326621799	0.0	0.0	0.0	0.0	0.0	0.0	-0.421254871521	0.0
dosg7	0.0	0.0	-0.838840833156	-0.235778454247	0.256504327448	-2.05565512369	0.0	0.338801022995	0.0	0.0	0.0	0.296990917844	0.637383239847	0.0	0.0	0.0	0.0	0.0	0.0	0.0
dosg8	0.0	0.0	0.0	0.0	0.0	-1.107622472	0.0	0.0	0.0	0.0	0.0	0.0	0.0	0.746867616698	0.0	0.414892424912	0.0	0.0	-0.491160039196	0.0
dosg9	0.0	1.7022849041	0.0	0.0	0.0	0.0	0.0	0.771183649098	0.0	0.0	0.0	0.0	1.49873264808	0.0	-0.167370290462	0.0	0.0823225490261	-0.847388685984	0.0	0.0
dosg10	0.0	-1.41511513198	-0.885980898575	0.0	0.0	0.301755881937	0.0	0.206345144972	0.0	0.0	0.0	0.0	0.0	0.0	0.151109777286	0.0	-0.676035723077	0.0	0.0	0.0
dosg11	0.0	0.0	-0.378628722091	0.0	0.0	-1.02912466111	0.0	0.0	0.0	0.0	0.0	0.0	0.0	0.0	-1.72605822526	0.0	0.0	0.0	0.0	0.505881073894
dosg12	0.0	0.0	0.0	0.0	0.0	0.0	0.0	0.0	0.0	0.0	0.0	0.0	0.0	0.0	0.0	0.0	0.0	0.0	0.0	0.112948059921
dosg13	0.0	0.956080023889	0.0	0.0	0.0	0.0	0.0	0.0	0.0	0.0	-0.405331994575	0.360386010513	0.0	0.0	0.0	0.0	-1.4989710957	0.0	0.0	0.0
dosg14	0.0	0.0	0.0	0.0	0.0	0.0	0.0	0.0	0.350317154508	0.0	0.0	0.0	0.0	-0.828623152195	0.0	0.0	0.0	0.0	0.0	0.0
dosg15	0.0	0.0	0.0	0.0	0.0	0.596710788328	0.487587730322	-0.0298015338058	0.0	0.0	0.0	0.0	0.0	0.0	0.0	0.0	0.0	-0.890820733276	0.0	0.455794927625
dosg16	0.0	0.0	0.0	0.0	0.0	0.0	0.0	1.24745150908	0.0	0.0	0.0	0.0	-0.697709981044	0.0	0.0	0.0	0.0	0.0	0.0	-0.342028653633
dosg17	0.0	0.0	0.0	0.251767113605	-0.389930359183	0.0	0.0	0.420527043417	-0.228800944422	0.307729892096	0.0	0.0	-0.79342883022	-1.15756517501	0.0456821404983	0.0	0.0	0.0	0.0	0.410012985052
dosg18	0.0	0.0	0.0	0.0	-0.850523775285	0.0	0.0	0.0	0.0	0.141965411624	0.418860503939	0.0	0.31839834784	0.0	0.101363017322	0.0	0.0	0.0	0.0	-0.420569309396
dosg19	-0.427071790137	0.0	0.0	0.0	0.0	0.0	0.573906773586	0.0	0.0	0.0	0.0	0.871948038951	0.0	0.0	0.0	0.0	0.0	0.0	2.3315892313	0.0
dosg20	0.0	0.0	0.0	0.0	0.0	0.0	-0.355220720121	0.933433079822	0.0	0.0	0.0	0.0	0.0	0.0	0.806143420833	0.0	0.0	0.0	0.0	0.0
dosg21	0.0	0.0	0.0	0.0	0.0	0.0	0.0	-0.594933690298	-0.085188144074	-0.513920776402	0.0	0.0	0.0	0.0	0.0	0.0	0.0	0.693813996032	0.0	0.0
dosg22	0.0	0.0	0.0	0.0	0.0	0.0	0.0	0.0	0.0	-1.63198102458	0.0	0.0	-0.872296714371	-0.543081216554	0.819467720263	0.0	0.0	0.0	-1.68884783319	0.0
dosg23	-0.655211745273	0.800364882159	0.0	0.0	0.0	1.08788613976	-0.61845798763	0.0	0.0	-0.204877649006	0.0	0.0971710719366	0.0	0.0	-0.930110962543	0.0	0.0	0.751070140934	-0.20876679711	0.0
dosg24	-1.73950218255	0.0	0.0	0.0	-0.62182976048	0.0	0.52148600388	0.0	0.0	0.0	-0.322549355219	0.0	0.0	0.0	0.0	0.0	0.0	1.40187416331	0.0	-1.07203433489
dosg25	0.0	0.0	0.0	-2.78324363804	0.0	0.0	0.0	0.767353112768	0.214591216822	0.0	0.0	0.0	0.0	0.0	0.0	0.0	0.0	-0.2911476727	0.0	0.0
dosg26	0.0	0.0	-3.09948788442	0.463116907016	0.0	0.0	0.0	0.555289777716	0.0	0.0	0.0	0.0	0.0	0.0	-0.373108214285	0.0	0.0	0.0	0.0	0.0
dosg27	-0.0999318312371	0.0	0.0	0.0	0.0	0.0	0.0	0.0	0.0	0.0	0.797054304367	0.691205549511	-0.328983279014	0.0	0.0	0.0	0.0	0.0	0.0	0.0
dosg28	0.0	0.0	0.0	0.0	0.385035426208	0.0	0.0	0.0	0.0	0.0	-0.788380635382	0.0	0.0	0.0	0.0	0.0	0.0	-0.265012378023	0.0	0.0
dosg29	0.0	0.0	0.716160372558	-1.10406822053	0.0119732907599	-0.528418162785	0.0	0.0	0.0	0.0	0.0	0.0	0.0	0.0	0.0	0.0	1.03620477538	0.0	0.959220349968	0.0
dosg30	0.0	-0.234302560697	-0.069712769741	-1.77020395658	0.0	0.0	0.0	0.0	0.0	0.0	0.0	0.0	0.441936628564	-0.015007770322	1.8972876467	0.0	0.0	0.0	0.497740840302	1.04719896663
dosg31	0.0	0.0	0.0	-0.431436378562	0.0	0.0	0.0	0.0	-1.04287062142	0.0	0.0	0.0	0.0	0.9300941492	-0.357070374518	1.31868133642	0.0	0.0	0.536273391689	0.0
dosg32	1.16465350109	0.0	0.0	0.0	0.0	-0.714584973305	0.0	0.0	0.0	-0.0590293200357	0.0	0.0	0.472810194573	-0.0977219222755	0.0	0.0	0.0	-1.51707521654	0.0	0.0
dosg33	0.0	0.0	0.0	0.0	-0.0990299395092	0.0400630417422	0.0	0.0	-0.882197711243	0.0	0.369698860384	0.0	0.0	0.0	1.64276081641	0.0	0.0	0.0	0.0059911098834	0.0
dosg34	0.0	0.0	0.0	0.0	0.0	0.812646130938	0.946653077965	0.58411164042	0.0	0.0	0.0	0.0	0.0	0.0	-1.1941686391	0.0	0.0	0.0	0.0	0.0
dosg35	0.0	0.0	0.643947426562	0.0	0.0	0.0	0.0	0.0	-1.42312014632	0.0	-0.591366828122	0.0	0.0	-0.270081797928	0.0	0.0	0.0	0.0	0.0	0.0
dosg36	0.0	0.0	0.0	0.0	0.0	0.0	0.0	1.14977477716	-2.18827622912	0.0539468949878	0.756232608645	0.0700860946445	-1.71087989163	0.0	0.0	0.0	1.293787315	0.0	0.0	0.0
dosg37	0.0	0.0	0.0	0.0	0.0	0.0	0.0	0.0	0.0	-0.6640998688	0.540313759063	1.6198762431	0.0	0.0	-0.315247234037	0.0	0.0	1.33307281395	0.0608908322278	-0.338021273994
dosg38	0.0	0.0	0.0	0.0	0.0	0.346278615187	0.148602869802	0.0	-1.35204412888	0.0	0.0	0.0	-0.505429807632	0.0	0.0	0.0	0.0	0.380503689375	0.0	0.0
dosg39	0.0	0.0	0.0	0.0	0.0	1.80898428672	0.0	0.0	0.0	0.0	0.655135573305	1.95057079665	0.0	0.0	-2.21828727613	-0.427334851325	1.27332075915	0.277980757354	0.0	0.168945348496
dosg40	0.0	0.0	0.0	0.0	0.0798126679909	0.0	0.0	0.0	0.0	0.0	0.0	-0.681039530554	0.0	0.831788734145	0.0	0.0	0.0	0.0	-0.171967863146	0.0
dosg41	0.0	0.0	0.0	0.0	0.0	0.0	-1.10219649852	2.14862195378	-3.15115441843	0.0	-0.154164104895	-1.681954221	0.0	0.0	-0.67462383149	0.0	-0.676845270994	-3.20984467745	-0.200990243845	1.21628610272
dosg42	0.0	0.0	0.0	0.0	-0.468025932212	0.0	0.0	0.0	0.272161521549	0.0	1.5322227346	-1.18616603693	0.0	0.611106502447	0.0	0.0518589268836	0.373055054952	0.0	1.04549211566	0.0
dosg43	0.0	0.0	0.0	0.0	0.0	0.0	0.0	0.0	0.0	0.20262884989	0.0	0.0	-1.09838167327	1.01755939947	0.440826735606	0.0	0.0	0.0	-0.728206766949	-0.461018558677
dosg44	0.0	0.0	0.0	0.0	0.0	0.124227073903	0.438016122005	0.0	0.0	0.0	0.0	0.0	0.0	0.0	0.0	0.0	0.0	0.0	0.0	0.0
dosg45	0.148564340787	0.0	0.0	0.0	-0.320850204005	0.0	0.0	0.0	0.0	0.0	0.0	0.0	0.0	0.778890372306	0.0	0.0	0.0	0.0	-0.438851245619	-0.716967409818
dosg46	0.702713101119	0.0	0.0	0.0	0.0485807547939	0.0	0.0	0.0	0.588401790632	0.0	-0.0935960248229	-0.928192969295	-0.44496365544	0.0	0.0	0.0	0.0	-0.925627694548	0.0	0.0
dosg47	0.0	0.0	0.0	0.0	0.0	-1.1416820745	0.0	0.0	0.0	0.0	0.0	-1.68470862558	1.23977771614	0.0	0.0	0.408752595638	0.0	0.0	0.0	-2.26214155171
dosg48	-0.440345520338	-0.666444637048	0.0	0.0	0.0	-1.60590285047	0.731535663064	0.0	0.0	0.0	0.0	-0.716257891105	0.0	0.0	0.0	0.0	0.0	0.0	0.889359015574	0.0
dosg49	0.992460591998	-2.56748720205	0.0	0.0	0.0	0.0	0.0	-0.350997107188	-0.203059365407	0.0	0.0	0.0	0.0	0.0	-0.0474048535661	0.0	0.0	0.0	0.0	0.0418865740844
dosg50	0.0	0.0	0.0	0.0	0.0	-1.09810197032	0.0	0.0	0.0	0.0	0.0	-0.94346422208	0.0	0.0	0.0	0.0	0.0	0.0	0.0	0.0
dosg51	0.0	0.0	0.316356012251	0.415715115057	0.0	0.0	0.0	-2.27092007666	0.0	0.0	1.32151337914	-1.24852909265	0.0	-0.254210304158	0.0	0.0	-0.605100097661	0.0	0.0	0.0
dosg52	0.0	-1.02966349655	-0.598403273221	-0.550378863547	0.0	0.0	0.0	-0.32604794715	-0.0496105863531	0.0	0.0	1.39997009148	0.0	1.17734279352	0.0	0.0	0.0	0.0	0.0	0.0
dosg53	-0.628989886164	0.0	-0.260356271229	-0.360088841404	0.0	0.0	0.80837824601	0.0	0.471191896431	0.0	0.0	0.0	0.0	1.51990776984	0.0	-0.339547993518	0.0	0.0	-0.641374822908	0.0
dosg54	0.0	0.0	-0.0618957227757	0.0	0.0	0.0	0.0262586276805	0.0	0.625485422251	0.0	0.0	0.0	0.0	0.0	1.50967847031	-0.827775166653	0.0	-0.194004520681	0.0	0.0
dosg55	0.0	0.0	0.0	-0.535375195003	0.0	0.0	-0.152378689836	-1.06390802748	-0.175489267482	0.0	0.0	0.0	0.0	0.0	0.0	0.0	0.0	0.0	-1.20212314625	0.0
dosg56	0.0	-0.0429542279227	0.899291216232	0.0	0.0	0.0	0.0	-0.153518922095	0.0	0.0	0.964695432655	0.0	0.0	-1.34620041007	0.0	-1.98179470118	0.0	0.0	0.0	-0.382303808464
dosg57	0.515597224115	0.0	0.0	-1.81638784018	-0.783756090313	0.0	0.0	-1.22552535544	0.0	0.756765921193	0.0	0.0	0.0	0.0	0.507987432757	1.69658170989	1.36512755242	-0.589005713755	0.0	0.0
dosg58	0.0	0.0	0.0	0.0	0.0	-1.7766315184	0.0	0.932671961017	-0.514418168239	0.0	-0.0719668712022	0.0	0.0	0.0	0.0	-1.45199038137	-0.369708735669	-1.43459934611	0.0	0.0
dosg59	0.0678266016776	0.0	0.0	0.0	0.5109980306	-0.44174299891	0.0	0.0	0.0	0.0	0.0	0.0	0.0	0.0	0.0	-0.611249156908	0.0	0.0	0.702696659894	0.0
dosg60	0.0	0.726323852119	0.0	0.0	0.0	0.0	-0.0974308919961	1.62013613737	0.0	0.0	0.0	0.454510035574	0.0	0.0	-0.528324297362	0.0	0.0	0.0	0.0	0.0
dosg61	1.11739133331	-0.903278339391	0.0	0.0	0.0	0.0	0.162940566686	0.0	0.0	0.0	0.0	0.0	-2.00183202211	0.0	0.0	1.36205797635	0.0	0.0	0.0	0.0
dosg62	0.0	-0.260523287077	0.0	0.0	0.0	0.0	0.0357198375848	0.0	0.290812417614	0.0	-0.101652369769	0.0	0.265486831995	0.0	0.0	0.0	0.0	0.0	0.0	0.0
dosg63	0.0	0.0	0.0	0.0	0.0	1.34440870471	0.0	0.828910714456	0.0	0.0	-0.541693386146	0.0	0.0	-0.544573935318	0.0	0.0	0.0	0.0	0.0	0.0
dosg64	0.0	-0.09436137788	0.0	0.662686901631	0.0	-2.2564000841	0.0	0.0	-1.3680626934	0.0	0.0744567293956	0.0	-0.968057233086	1.30477841905	0.0	-1.03445434057	0.0	0.0	0.0	0.0
dosg65	0.0	0.0	0.0	0.0	0.0	0.0	0.0	0.0	-0.807677091408	0.0	0.0	0.0	-0.163469988212	0.0	0.0	0.0	0.0	0.0	0.0	0.0
dosg66	0.0	-0.993863701249	0.0	0.0	-0.637443665197	-0.776496179145	0.0	0.0	0.0	0.0	0.0	0.0	0.0	0.545382494555	0.0	0.112667887623	0.430833591278	0.0	0.0	0.0
dosg67	0.847786466281	0.0	0.0	0.0	0.481988985583	0.0	0.0	0.0	-0.381011167921	0.0	0.0	0.0	0.0	-1.21834654911	0.0	0.0	0.0	0.0	0.0	0.0
dosg68	0.0	0.0	0.0	0.0	0.0	0.0	0.0	0.130805863252	0.0	0.0	0.0	0.0	1.75705172275	0.0	0.0	0.0	0.0	0.0	0.0	-0.966823243629
dosg69	0.0	0.0	0.0	0.0	0.0	0.0	-0.40129469532	0.0	0.0	0.0	-0.336990908209	0.0	0.0	0.0	0.0	0.0	0.0	0.0	0.0	0.0
dosg70	0.0	0.0	0.0	0.0	0.0	0.0	0.0	0.0	0.0	0.0	0.0	-1.00225782852	0.0	0.0	0.0	0.0	0.0	0.0	0.0	-0.51800684363
dosg71	0.0	0.0	0.0691509889648	0.0	0.0	0.0	0.0	0.0	0.0	0.0	0.0	0.0	-1.06459295812	0.152574473517	0.0	0.0	0.0	-1.47644137742	1.77902151127	0.0
dosg72	-0.956279768665	0.0	0.0	0.0	0.0	0.258614574243	0.0	0.0536132444655	0.0	0.175045971346	0.0	0.0	-0.8508987163	0.544755624832	0.0	-0.670527552808	0.0	-1.69944151124	0.0	0.0
dosg73	0.0	0.0	0.0	-1.16443234075	0.0	0.0	0.0	0.0	0.0	0.0	0.0	0.0	0.0	0.0	0.0	0.0	0.0	0.0	0.0	0.0
dosg74	0.0	0.0	0.0	0.0	0.0	0.0	-2.42137879203	0.0	0.0	0.0	1.67311493095	0.0	0.0	0.0	0.0	0.0	0.0	0.0	-1.32905475804	0.0
dosg75	0.0	0.0	0.0	0.0	0.0	0.0	0.0	0.0	-1.65148625051	0.0	0.0	0.0	0.0	0.0	0.0	0.412496278364	0.445323894409	0.0	0.0	0.0
dosg76	0.0	0.0	0.0	0.0	0.0	-0.586008415651	0.0	0.0	0.0	0.779419255097	2.63256348581	0.0	0.0	-0.368777383811	0.0	-0.412682759172	0.782617082243	0.860960517489	0.0	0.0
dosg77	0.0	0.0	0.0	0.0	0.0	0.0	0.0	0.0	0.0	0.577454054252	-0.788707697761	0.0	0.0	0.0	0.0	1.75128073471	0.0	0.0	1.6697326844	0.0
dosg78	0.344022735977	0.0	0.0	0.0	0.0	0.0	0.131989734645	0.0	0.0	0.0	0.0	0.0	0.0	0.0	0.0	0.0	0.0	0.0	0.0	-1.34846373545
dosg79	0.0	0.0	0.0	-0.719001041165	0.541287517071	0.0	0.0	0.53397500967	-0.0943277365422	0.828616032092	0.0	0.0	0.0	0.0	0.0	0.0	0.0	0.0	0.0	0.0
dosg80	0.0	-1.63852909251	0.0	0.035611942139	0.0	-0.558034659652	0.0	0.0	-1.62466833592	1.17812402145	0.0	0.0	0.0	0.0	-0.0768929521737	0.203370532066	-0.629658001437	0.0	0.345621297909	0.0
dosg81	1.81559595935	0.0	0.0	0.0	-0.898937601506	0.0	0.0	0.0	0.0	0.0	0.0	-1.15889123343	0.0	0.0	0.0	0.0	0.0	0.0	0.0	0.0
dosg82	-1.05257993689	0.0	0.742035731588	0.0	0.0	-0.615352154684	0.0	0.0	0.0	0.0	0.0	-1.91456756183	0.0	0.0	0.0	0.0	0.0	0.0	-1.07500658715	0.0
dosg83	0.0	0.0	-0.0816070289418	0.0	-0.340563973313	0.0	-0.0745243994764	0.0	0.0	-0.081497256922	0.0	0.0	-1.29221303122	0.0	0.0	0.0	-0.973546118415	0.0	0.0	0.0
dosg84	0.0	0.0	0.0	0.0	0.0	0.437478064547	0.0	0.0	0.0	0.125406790243	0.0	0.0	0.0	-0.522809107747	0.23754017976	0.0	0.0	0.0	0.0	0.0
dosg85	0.0	0.0	0.367563146213	0.0	2.27086958023	0.0	0.0	0.0	0.0	-0.0771665055586	0.0	0.0	1.0569051925	0.0	-0.734495899811	-1.07221981588	-1.52230903893	0.0	-1.01867074489	0.0
dosg86	0.0	0.0	0.0	0.0	0.0	0.0	0.143804403217	0.0	-1.7435513683	0.0	0.0	0.0	0.0	0.0	0.0	0.0	0.0	0.0	0.0	0.0
dosg87	0.0	0.0	0.0	0.0	0.0	0.0	1.4799590225	-0.776135266888	0.655680969389	0.0	0.0	-0.192097962251	0.0	0.0	0.0	0.0	0.0	0.0	0.0	0.0
dosg88	0.0	0.0	-0.398428449887	0.0	0.0	0.469590050629	0.0	0.0	0.0	0.0	0.0	0.0	0.967374407826	0.0	0.0	0.0	0.0	-0.094082525418	0.0	1.01736240243
dosg89	0.0	0.0	0.0	0.0	0.236097590021	0.0	0.0937181717079	0.0	0.217230409509	0.0	0.0	0.0	0.0	0.0	0.0	0.0	0.0	-1.17346242208	0.0	0.0
dosg90	0.0	0.0	0.0	0.0	0.0	0.0	0.0	0.0	0.0	0.0	1.61556149082	0.0	0.0	1.03784364053	0.0	0.0	0.0	0.929388435942	0.0	-1.76507654669
dosg91	0.0	-0.125518876406	0.0	1.00658971658	-0.430224823278	0.0	0.0	-0.802685667737	0.0	0.0	0.0	0.0	0.0	0.0	0.0	0.0	0.0	-0.360487607758	0.0	0.0
dosg92	-1.11403462678	0.888023491686	-0.539129915834	0.0	0.0	0.0	0.0	1.13655765938	0.0	0.0	0.0	0.0	0.0	0.0	0.0	-1.03358455659	0.0	-0.0454057034213	0.0	0.958724000497
dosg93	0.0	0.0	0.74361033026	0.0	0.572368669402	0.0	0.363578833715	0.0	-0.327980638676	0.0	-0.236771291996	0.0	0.0	0.0	0.0	0.0	0.0	0.0	0.0	0.0
dosg94	0.0	0.0	0.0	0.0	0.0	0.0	0.0	0.0	0.0	0.0	0.0	0.0	0.0	0.0	0.0	0.0	0.0	0.0	-1.35157019676	0.0
dosg95	0.0	0.0	0.0	0.0	0.0	0.0	0.0	0.0	-1.0022136133	0.0	-0.913332584116	0.0	0.0	0.0	0.0	0.0	0.0	0.0	0.0	0.0
dosg96	0.0	0.0	0.517068252258	0.0	0.0	0.0	0.0	0.0	0.613628313998	-1.38032901978	0.0	0.0	0.0	0.0547422877248	2.0162577619	0.0	0.0	0.564763917072	-0.1587044023	0.0
dosg97	0.0	0.0	0.0	-1.11018103478	0.0	0.0	-1.90063440587	0.0	0.0	-0.0617817856752	0.0	0.0	0.0	0.0	0.0	0.0	0.0	-0.850504167692	0.0	0.0
dosg98	0.150542938906	0.0	0.0	0.0	0.0	0.0	0.0	0.0	-0.705883650762	0.0	0.0	0.0	-1.62020812626	0.0	0.0	0.0	0.0	0.0	0.0	0.0
dosg99	0.516336971012	0.0	0.0	1.36641278572	0.0	0.0	0.0	0.0	0.0	0.0	-1.97685247637	0.0	0.0	0.0	2.55467476602	0.0	0.0	-0.335739643815	0.0	0.0
dosg100	0.0	0.0	0.0	0.0	0.0	0.0	0.0	0.0	0.0	0.790864686012	0.0	0.0	0.0	0.0	0.0	0.947635161572	0.0	0.0	0.0	0.0
dosg101	-0.688833046481	0.0	0.0	0.0	0.0	0.784801372107	0.0	0.0	0.0	0.0912361864529	1.93053425172	0.0	0.254956853535	-0.375438416648	-0.122078710752	0.0	0.0	0.407779525907	0.0	0.0
dosg102	0.233678483702	0.0	0.0	0.0	0.0	0.0	0.0	0.0	0.0	0.0	0.0	0.0	0.0	-0.281802477639	0.0	-0.919212241653	0.0	0.0	0.0	1.36363840124
dosg103	0.0	0.0	0.0	0.0	-0.721715104597	0.0	0.0	0.0	0.0	0.0	1.66935269101	0.0	0.603714954679	0.0	0.0	0.0	0.0	1.06854483715	0.0	0.0
dosg104	-0.153198122077	0.0	0.0	0.0	0.0	0.0	0.0	-0.682110113626	-1.00688612345	0.0	0.0	-0.00790810046061	0.0	0.0	0.0	0.0	-1.44436538406	0.943632147938	1.78602162397	0.0
dosg105	0.0	0.0	0.0	-1.49995716539	0.0	0.0	0.0	0.0	0.0	0.0	0.0	0.491964620092	0.0	0.0	0.724769822841	-2.30358383151	0.0	0.0	-0.0325773048454	-0.794417850167
dosg106	0.0	0.778168310134	0.0	0.0	0.0	0.0	0.0	0.0	0.0	0.0	0.463216213583	0.0	0.0	0.0	0.0	0.571058065925	0.0	1.15541905606	0.0	0.0
dosg107	0.0	0.0	0.0	0.0	0.0	-1.25250122007	0.0	0.0	0.0	0.0	0.0	0.194518424815	0.0	0.0	0.0	0.0	0.0	-0.203268378452	0.0	0.0
dosg108	0.0	0.0	0.0	0.0	0.0	0.0	0.0	0.0	0.0	0.0	0.170664208307	0.0	0.0	0.0	-0.38675981302	-1.07760393175	0.0	-0.991115876234	0.0	1.63769638705
dosg109	0.0	0.0	-0.592392331447	0.0	0.0	0.0	0.0	0.0	0.0	0.0	0.0	0.0	0.0	0.0	0.0	0.888486743939	0.0	0.0	-1.49349481591	0.0
dosg110	0.0	0.0	0.0	0.0	-1.99079691629	0.301755744982	0.0	0.0	0.0	0.0	-0.525971223996	0.0	0.0	0.0	0.0	0.0	0.0	0.0	0.0	0.0
dosg111	0.0	0.926316570432	1.48766672862	-0.0507551584458	0.0	0.0	0.0	0.0	-0.880748398801	0.0	0.0	0.0	0.0	0.0	0.0	0.0	0.0	0.0	0.0	0.0
dosg112	0.0	0.0	1.11785922375	0.0	0.0	0.0	0.0	0.0	0.0	0.0	-0.405011636361	0.0	1.11263441612	0.939981230295	0.0	0.0	0.0	0.0	2.4888579508	0.0
dosg113	0.0	0.0	0.0	0.0	0.0	0.0	0.0	0.0773590581455	-0.673958024081	0.0	0.0	0.0	0.0	0.0	0.0	0.0	0.0	0.0	0.0	-1.80147026061
dosg114	0.0	0.0	0.0	-0.408101513139	0.0	0.0	0.0	0.0	0.0	0.0	0.0	0.0	0.0	0.132499619104	0.0	0.0	0.0	0.0	-0.541311413068	0.0
dosg115	0.0	0.0	0.0	0.0	0.0	0.542258801852	1.56239457042	0.0	0.0	0.496864413561	0.0	0.0	0.724321211918	0.0	0.0	0.0	0.0	0.0	2.99957010946	0.0
dosg116	0.0	0.0	0.0	0.0	0.0	0.0	0.0	0.0	0.0	0.0	-0.205980184227	1.64708659845	-0.266378872214	0.809171779684	1.37630105662	0.0	0.119865573743	2.66465061593	0.0	0.0
dosg117	0.0	0.0	0.0	2.85615150918	0.0	0.0	0.0	0.0	1.59851359685	0.0	-0.148251168915	0.0	0.0565137242035	0.0	0.0	0.0	-0.312617045092	0.319420940968	0.0	0.0
dosg118	0.0	0.0	0.0	0.0	0.0	0.0	0.0	0.0	0.0	0.0	0.0	0.0	0.0	-0.36059602357	0.0	0.0	0.675461629436	0.0	0.0	0.0
dosg119	0.0	0.0	0.0	0.0	1.34942511185	-1.57393370717	-0.0685325035888	0.078349938971	0.0	0.0	0.0	0.0	0.0	-0.29841055702	0.0	0.0	0.0	0.0	-0.457321764027	0.550995883665
dosg120	0.0	0.0	-0.676474677568	0.0	0.0	0.0	0.0	0.0	0.0	0.0	0.0	-0.429163452037	0.0	0.110722956954	0.0	-0.225572888275	0.0	0.0	0.0	0.0
dosg121	-1.52457487815	0.0	0.0	-1.16266158266	0.796964118561	1.89107508436	0.0	0.0	0.12027864603	0.0	0.0	0.0	0.0	0.0	0.0	0.0	0.0	0.0	0.0	0.571181243131
dosg122	0.0	0.0	0.0	0.0	0.0	0.0	0.0	0.0	0.0	-0.0276564611803	0.0	0.0	1.10341542694	-0.480240892381	0.0	-1.45996834351	0.0	0.0	0.418434177092	0.0
dosg123	-0.611528917352	0.0	0.0	1.86652271316	-0.667704782222	0.574507032701	0.0	0.0	0.0	0.0	0.0	0.0	0.0	0.0	0.0	0.0	0.0	0.0	0.0	0.0
dosg124	-1.26411654952	0.394540317134	0.0	0.0	0.0	0.0	0.0	0.0	0.0	0.0	-0.103389849954	0.0	0.0	0.0	0.0	0.0	0.0	0.0	-0.0280928402167	0.0
dosg125	0.487492861561	0.0	0.691041209139	0.0	0.0	0.0	0.0	0.0	0.0	0.0	0.0	2.16647187325	0.0	0.672036075541	-0.82317561193	0.0	0.0	0.0	0.0	0.0
dosg126	0.0	0.0	0.0	0.0	0.0	0.0	0.0	0.0	0.0	1.08862382934	0.0	0.0	0.166283702803	0.0	0.0	0.0	0.661298372656	0.515995366554	0.0	0.0
dosg127	0.0	0.0	0.0	0.0	0.0	0.0	0.0	0.0	0.0	0.104271512281	0.0	0.0	0.264972192868	0.04390160956	0.0	0.0	0.0	0.0	1.70273542776	0.0
dosg128	0.0	-1.33201858104	1.91403590727	0.574930622938	-0.498646463071	0.0	0.0	0.0	0.0130128935338	0.0	0.0	0.0	0.0	0.0	0.0	0.0	-2.0724572447	0.0	0.0	-0.088402673324
dosg129	0.0	-0.0680579210906	0.0	0.0	0.0	0.0	0.0	-1.08044827234	-0.930834948473	0.0	0.0	0.0	1.02215818539	0.0	0.0	0.0	0.331846408801	0.0	0.0	0.0
dosg130	0.0	2.49413360683	0.0	0.920180012422	0.0	0.0	0.0	0.0	0.0	0.0	0.0	-1.84898403014	0.0	-0.514319974197	0.0	-0.559070080732	1.34369928435	0.0	0.0	0.0
dosg131	0.0	0.0	0.0	0.0	0.0	0.0	-1.46666926418	0.0	0.0	0.636399798054	0.717854047229	0.0	0.0	0.0	0.0	0.611496227276	-0.0694550394524	0.0	-0.117303498224	0.0
dosg132	1.30999156787	0.0	0.0	0.0	-0.0216541772685	0.0	0.0	0.0	0.0	0.0	0.0	0.0	0.993675994814	0.0	0.0	0.0	0.0	0.0	0.0	0.0
dosg133	0.0	0.0	0.3345593014	0.0	-0.755068405985	0.0	0.0	0.0	0.0	0.0	0.0	0.0	0.0	-0.677161171592	0.0	0.757601573377	0.0	0.0	0.363459954582	0.0
dosg134	0.0	0.0	1.87605210725	-0.850114303285	0.215316362521	-0.706280996566	0.0	0.0	-0.0445642044461	0.0	-0.983211579894	-0.899898710088	0.0	-1.01962146352	0.0	0.0	0.0	0.47761151508	0.0	0.0
dosg135	0.0	0.0	-0.309969227277	1.41126170855	0.0	0.0	0.0	0.0	0.994942160125	0.0	0.0	0.352160687758	0.0	0.095090748532	0.0	-0.437732320132	0.0	0.0	0.0	0.0
dosg136	-1.47593809429	0.0	0.0	0.0	-0.057406404894	0.0	0.0	0.0	0.0	0.0	0.0	0.0	0.0	-1.45712839538	0.165036121212	0.0	0.0	0.0	0.0	0.0
dosg137	0.0	0.0	0.0	-0.600608627967	0.0	0.0	0.253648210119	0.0	0.0	0.0	0.0	0.0	0.888613814219	0.0	0.0	-0.868167962438	1.23714444735	-0.0192270464845	0.7531750754	0.0
dosg138	0.196580008428	0.0	0.0	0.0	-1.08812827012	0.829086901253	0.0	-0.235338098168	0.0	-0.292255891463	0.0	0.177792514065	0.965704061155	0.0	1.84535268532	0.0	0.0	0.0	0.0	0.0
dosg139	0.912304191648	-0.0503067158898	-0.221485247136	0.0	0.0	0.0	0.0	0.0	0.0	-0.572301904682	0.0	0.0	0.0	0.0	0.0	0.0	0.0	0.585492087958	0.0	0.0
dosg140	0.0	0.0	0.0	1.53255707398	0.0	-1.32557326602	0.0	0.277085742458	0.166662279452	0.0	0.0	0.0	0.0	0.0	-1.3736131391	0.0	0.0	0.0	0.0	1.23786632355
dosg141	0.0	1.54322259375	0.0	0.0	-0.348708352788	0.926937652179	0.0	-1.18835825744	0.0	0.0	0.0	0.0	0.0	0.0	0.0	-0.562268095781	0.0	0.0	0.775429436058	0.0
dosg142	0.0	0.0	0.0	0.0	0.0	0.486246463232	0.0	0.0	0.0	0.0	0.0	0.789658339524	0.0	0.0	0.0	0.0	0.0	0.650864760037	0.0	-0.320722182105
dosg143	1.10676240979	0.0	0.0	0.0703868587653	0.0	1.56024821529	1.2091426775	0.0	0.0	0.0	0.0	0.0	0.0	0.0	-1.82106942662	2.05883856114	0.0	0.0308437355532	0.0	0.0
dosg144	0.0183089367999	-0.0446247832726	0.0	0.0	0.0	0.0	0.0	0.0	0.0	0.0	0.0	-0.11462736366	0.0	0.0	0.648276614015	0.0	-1.21418410359	1.4951893184	-0.855731419866	0.232065858061
dosg145	1.6028096387	-0.0565648689255	-0.129263260929	0.0	0.0	0.0	-1.03677693571	0.0	0.0	0.0	0.0	-1.31550929922	0.0	0.0	-1.12180623807	0.0	0.821730079282	0.0	1.2181925009	0.0
dosg146	0.0	1.41140108744	0.0	0.0	0.0	0.0	0.0	0.0	0.0	0.0	0.635684764747	0.0	0.0	0.260191701306	0.0	0.386733118068	0.0	-0.640562730308	0.0	0.288214179508
dosg147	0.0	-0.773550820693	0.0	0.0	-1.07485135432	0.0	-2.52738339903	0.0	0.0	0.0	0.0	-0.797863065466	0.0	0.0	-1.06742013627	0.0	0.0	0.0	0.0	-0.0214516839165
dosg148	0.0	0.0	0.0	1.38912396421	0.117737106078	0.672839650092	1.33673641236	-0.781084324962	0.332729198981	-0.628401947362	0.0	0.0	-0.978056044996	0.0	0.0	0.0	0.0	0.0	0.0	-0.502778939105
dosg149	0.0	0.0	0.0	0.0	0.0	-0.113331258601	0.0	0.0	0.0	-1.07744965856	0.0	0.0	1.57490787247	0.0	-0.288102519284	0.0	0.0	0.0	0.0	0.59009206273
dosg150	0.0	0.0	0.0	0.0	0.668091305873	0.0	0.0	0.0	0.0	1.20553804133	0.0	0.0	0.0	0.0	0.0	0.0	0.0	0.0	0.146438772532	-0.0127035924649
dosg151	0.0	0.0	-1.13476919813	-0.0917818603305	0.0	0.0	-0.248225459784	0.0958132191964	0.0	0.0	0.0	0.0	0.0	0.774637259585	0.0	0.0	0.0	0.0	0.0	0.0
dosg152	0.0	0.0	0.910575889273	0.0	0.0	0.0	-0.74504741853	-0.378552311023	0.0	0.0	0.515268980267	-1.72245814875	0.0	0.0	0.0	0.0	0.0	0.0	0.788821741188	-2.04857842162
dosg153	-0.801830318839	0.0	-0.910151207575	0.0	0.0	0.0	-0.220925661143	0.0	-0.722637593569	-0.027725077206	0.0	0.0	0.109207812316	0.0	0.0	0.0	0.0	0.155417270706	0.0	0.0
dosg154	0.0	0.0	0.0	1.07339762516	-1.00232484555	0.0	0.0	0.68897770404	0.0	0.0	0.0	0.0	0.0	0.0	0.0	-0.00831200758022	0.0	-1.4547202483	0.0	0.0
dosg155	0.0	0.289109806562	0.0	-1.86435987031	0.0	0.0	0.0	0.0	0.0	0.0	0.0	0.0	-1.58379147432	0.0	-0.0877345846085	0.0	0.0	0.0	0.493383853422	0.0
dosg156	0.0	0.0	0.0	-2.73406684986	0.0	1.36341168609	-0.173853090877	0.0	0.0	-0.893580418831	0.0	0.0	0.0	0.0	0.857123165428	0.0	0.118098746105	0.0	0.0	0.0
dosg157	0.0	0.0	-0.293661257111	0.0	0.0	0.0	0.0	0.0	0.915645108851	1.45701681532	1.31888220685	0.0	0.0	0.0	0.0	0.0	0.437904919926	-0.0471375434421	-0.150267250249	0.0
dosg158	0.0	1.93228494885	0.0	0.0	-0.845277646996	-1.70077480945	0.0	0.0	0.0	0.0	0.353420521343	-0.0203273093465	0.0	0.109798457118	0.0	0.0	0.0	1.77885218016	0.0	0.0
dosg159	0.189134479513	0.0	0.0	0.0	0.0	0.0	-0.618200596575	0.0	-1.76713658578	0.0	0.0	0.0	0.0	0.0	0.0	0.0	2.26252382978	0.0	0.0	-0.844150929179
dosg160	0.0	0.0	0.0	0.0	0.0	0.0	0.0	0.152951104024	0.0	0.0	0.0	-1.50856967405	0.0	0.0	0.0	0.0	0.0	0.0	0.0	-0.358580786021
dosg161	0.0	0.0	0.849430100078	0.0	0.0	0.35473714559	0.0	0.0	-0.217368841256	-0.358978252811	0.0	-1.52382478482	0.0	0.206784871676	-0.44906098885	-0.400371804006	0.0	0.0	0.0	-2.52764651518
dosg162	0.0	0.0	0.0	1.33865536125	0.0	0.0	0.0	0.0	0.991807562214	0.991023945714	-0.0580472741196	-0.718039539275	0.0	-0.694849701372	0.0	0.0	0.751059156025	0.0	0.0	0.0
dosg163	-0.625514172226	0.0	0.0	0.0	0.0	0.173084193911	0.0	0.0	0.0	0.0	0.0	0.0	-0.0278355596313	-0.496448320067	0.0	2.06352748524	-2.23501853239	0.0	0.0	0.0
dosg164	0.0	1.40487225239	0.0	0.0	0.0	0.0	0.369646709387	0.0	0.0	0.0	0.0	0.0	0.0	0.0	0.0	0.0	-0.684558942902	0.0	0.0	0.0
dosg165	0.0	0.0	0.0	0.0	0.0	0.0	0.0	0.0	0.0	0.0	0.0	0.114370286713	-0.429386573277	0.0	0.0	0.0	0.0	-1.13814036492	0.0	0.0
dosg166	0.0	0.0	0.0	0.0	0.0	0.0	0.752205590689	0.0	0.0	0.0	0.427386508382	0.0	0.0	0.0	0.0	0.0	0.778316952035	0.0	0.0	0.0
dosg167	0.0	0.0	0.0	0.0	0.0	0.0	0.0	0.0	0.0	1.56649516811	-0.541503562792	0.137275686567	-0.375565631814	0.0	1.1967333284	0.0	0.0	0.832559045439	0.0	0.0
dosg168	0.0	-1.27229990103	0.0	-1.29577368998	0.807931934261	0.0	0.0	0.0	0.0	-0.0283344391563	0.0	0.0	0.0	0.0	0.0	0.0	0.0	0.0	0.0	0.0
dosg169	-1.30230036541	-0.945981915327	0.0	0.0	0.0	0.0	-0.344708934198	0.0	0.0	0.205004860646	-0.306540072282	0.0	0.0	0.0	0.0	0.500001273944	0.0	-0.538305346417	0.0	0.0
dosg170	0.0	1.15304968923	0.0	0.0	0.573234968572	0.0	0.0	0.0	0.0	0.0	-0.948875600163	0.0	-0.00844409529505	0.0	0.0	0.0	0.0	2.0599906175	-0.709264730355	0.0
dosg171	0.0	-0.914122268636	0.0	0.0	0.0	0.0	0.0	0.0	0.0	0.0	0.0	0.0	0.0	0.0	0.0991916243579	0.0	0.0	0.0	-0.48620864766	0.0
dosg172	-1.10666300703	0.0	-1.30334267239	0.0	0.0	0.0	0.0	0.0	0.0	0.0	0.0	0.250824006215	0.0	0.0	0.0	0.0	0.0	-0.437096676082	0.0	0.0
dosg173	0.0	0.0	1.66080400549	0.0	0.0	2.95760928099	0.0	0.0	0.0330165160895	0.0	0.928406574858	0.0	0.0	0.0	0.0	0.0	0.0777136207149	-0.220240496607	0.0	0.0
dosg174	0.0	0.0	0.0	0.0	0.0	1.52513313389	-0.398545339168	0.0199110856353	0.0	0.0	0.0722348298067	0.0	-0.829565183487	0.0	0.0	0.0	0.13138300549	0.0	0.0	-1.45177946477
dosg175	1.00996939655	0.0	0.872336320213	0.0	0.0	0.62468797685	0.0	0.0	0.0	-0.960189352329	0.0	0.0	-0.00209247681042	0.0	0.0	0.0	-0.679959973828	-0.565738069443	2.74326493581	0.0
dosg176	-0.745350488904	0.0	-0.0901658448671	0.0	0.0	0.0	0.0	0.0	0.0	-1.34891862171	1.45921436114	-0.881262358895	2.92179356584	0.0	0.0	0.584582847107	-0.18209483973	0.0	0.0	0.0
dosg177	1.25153228449	0.0	0.0	-0.424101891853	-1.46724075975	0.0	0.0	0.0	0.0	0.665094229071	0.0	0.0	0.0	0.0	1.01158029968	0.0	0.0	-1.40134820196	0.0	0.176874596465
dosg178	0.0	1.28114508958	-0.213284382524	0.0	0.0	0.0	-0.208758179975	0.0	0.437999166642	0.0	0.0	0.0	-2.74237482831	0.0	0.0	0.0	0.112686312622	0.0	0.0	0.0
dosg179	-2.50697289807	0.0	0.0	0.0	0.0	0.0	0.0	0.0	0.919481419574	0.0	0.0	0.0	0.421720061116	0.0337298877649	-2.34529118489	0.0	0.0	0.0	-1.01351449645	0.0790873863414
dosg180	0.0	0.0	-1.25092851347	0.0	0.452184230442	0.0	0.0	0.0	0.0	0.0	-1.24157712326	0.0	0.0	0.0	0.0	1.06244984843	1.76071152719	0.0	0.0	-1.66873387304
dosg181	0.0	0.0	0.0	-0.501808352767	0.0	-0.0314935737824	0.0	0.0	-0.569388591192	0.0	0.42505146586	0.0	0.514774941766	0.0	0.0	0.410159517221	1.77261320459	0.438067443072	0.0	0.0
dosg182	-0.474737941925	0.0	0.692386107949	0.0	0.0	-1.02207326066	0.0	0.0	0.0	0.0	0.0	0.595725122691	0.0	0.0	2.61381740065	0.0	0.0	0.0	0.0	0.0
dosg183	0.0	0.363282015095	0.0	0.0	-0.680969444815	-0.949697042303	0.317647455037	0.0	0.0	0.0	0.349427511701	0.0	0.0	0.0	0.0	0.912518089178	0.629238732682	0.0	-0.745537411787	-1.64058552871
dosg184	-2.96717587926	0.0	0.0	0.0	0.0	0.0	0.0	0.0	1.72136142013	0.0	0.0	0.0	0.0	0.0	0.0	-0.480665214299	0.0	0.0	0.0	-0.652840824151
dosg185	0.514132338351	0.304743504557	0.0	-0.0474218357767	0.0	-0.0830950664057	0.0	0.0	0.0	0.0	-0.400791820239	0.0	0.0	0.0	0.0	0.0	0.0	0.0	0.0	0.0
dosg186	0.0	-1.05206073434	0.909810614146	0.0	0.0	0.0	0.0	0.0	0.0	0.0	0.0	0.0	0.0	1.66967655676	0.0	2.736125302	0.0	0.0	0.0	0.0
dosg187	0.0	0.0	0.0	0.0	0.0	-0.218894245167	0.0	0.0	0.0	1.32847025958	0.0	0.0	0.0	0.0	0.0	0.0	0.0	0.0	0.0	0.0
dosg188	0.0	0.0	-1.44784300882	0.0	-0.761563676715	0.0	0.0	-0.900078685774	0.0	0.0	0.0	0.0	-1.74443125203	0.0	0.0	0.0	0.0	0.0	0.0	0.0
dosg189	-1.34363756655	0.0	0.0	0.0	0.644318637385	0.0	0.0	0.0	0.0	0.0	0.0	0.0	-0.428352464061	0.0	-0.52328651379	0.0	0.0	0.0	0.0	0.0
dosg190	0.0	0.0	0.0	-0.975310530048	0.0	0.0	0.227051738064	0.614879758839	-0.229668257124	0.0	-1.2202320187	0.0	-0.816735363602	0.0	0.0	0.0	0.0	0.0	0.0	0.0
dosg191	0.0	0.0	0.0	0.104512058972	0.115432377012	0.0	0.398880077955	0.0	0.0	-0.932290634993	0.0	0.0	0.0	0.0	0.0648073026104	-0.456034049932	0.0	0.0	0.0	-0.254735961682
dosg192	0.0	0.0	0.0	0.0	0.0	0.0	-2.03068862389	0.0	0.0	0.0	1.44438541307	0.0	0.0	0.0	-0.300549688317	0.0	0.0	0.0	-1.99801202318	0.0
dosg193	-0.39650312029	0.0	0.0	0.0	-0.664857110033	1.23371426693	0.0	0.920190381317	1.1037414227	1.97496139775	-0.348830947355	-0.367785026152	0.0	0.0	0.0	0.0	0.0	-0.28607131453	0.0	0.0
dosg194	0.0	-0.56794122034	0.0	0.0	0.0	0.0	-0.858417976093	-0.368804193956	0.0	0.0	0.0	0.0	-0.607201510564	-0.677505590584	0.0	-0.264944132548	0.0	1.24033226199	0.0	0.0
dosg195	0.0	0.0	0.0	0.0	0.0	0.0	0.0	0.173766579138	0.0	0.0	0.0	0.646299043963	0.0	0.0	0.0	0.0	0.112701649148	-1.70871554913	0.0	0.0
dosg196	0.0	0.0	0.0	0.0	0.117318531802	-0.505193036578	0.0	0.618777085324	0.0	0.0	1.93670682443	0.0	0.0	0.0	0.0	-0.289673890933	0.0	-0.281794757697	0.0	1.03849012219
dosg197	0.512420843427	0.0	0.0	0.0	0.0	0.21233552484	1.6002030428	0.0	0.450415148141	2.3336162465	-1.1685903144	0.0	0.842908180365	0.0	0.0	0.0	0.373665115757	0.0	0.0	-1.15539964124
dosg198	0.0	0.0	0.464547380071	0.0	0.711274548245	0.0	-0.441615617238	0.0	0.0	0.0	0.0	0.0	-0.339019829072	0.0	0.0	0.0	-1.94939752546	0.0	0.0	0.0
dosg199	0.0	0.0	0.0	0.0	-2.09063829707	0.0	0.0	0.0	0.0	0.0	0.0	-0.589599416861	-0.000532443059581	0.0	0.0	0.0	0.0	-1.68232019227	0.0	0.0