dost0	dost1	dost2	dost3	dost4	dost5	dost6	dost7	dost8	dost9	dost10	dost11	dost12	dost13	dost14	dost15	dost16	dost17	dost18	dost19
dost0	0.0	1.96373471065	-0.456086814517	0.0	0.0	0.0	0.0	0.0	0.0	-0.349499386727	0.0	0.0	0.0	0.0	0.0	0.0	0.0	0.0	0.0	0.0
dost1	0.0	0.0	0.0	0.0	0.0	-1.13541775203	0.0	0.0	0.0	0.0	0.0	0.0	0.0	0.0	0.0	0.0	0.0	-0.482148292367	-0.0973098353497	0.0
dost2	0.0	1.4330047489	0.0	0.0	0.0	0.0	-1.29066093466	-1.46333516471	0.153589625747	0.0	0.0	0.0	0.0	0.0	0.0	-0.553190414279	0.0	0.0	0.0	0.0
dost3	0.0	0.0	0.0	0.0	0.0	0.0	0.0	-0.158952569212	-0.230937070641	0.0	0.0	0.0	0.0	0.0	0.0	0.436737259609	0.0	0.0	0.733253360191	0.0
dost4	0.0	-0.304643376319	0.0	0.691723372628	0.0	0.0	0.0	0.771051043932	0.0	0.0	0.81607342656	0.0	0.0	-1.56085041515	0.0	0.0	-1.22317561635	-1.55843152103	0.0	0.0
dost5	-0.165288040412	0.0	-1.80305095827	0.0	0.0	0.0	0.0	0.0	0.0	0.0	0.313563297284	0.729026522944	0.0	0.396303884006	-1.79795530364	0.0	0.481694028153	0.095113949241	0.0	0.0
dost6	0.120929886492	0.0	0.0	0.0	0.0	0.0	0.0	0.0	0.0	0.0	0.0	0.83217183586	0.0	0.0	0.135143787034	0.0	0.620360072554	0.0	-0.139021371448	0.0
dost7	-0.341273549141	0.0	-1.47847888489	0.0	0.0	-0.0529812218981	0.0	0.0	0.0	0.0	0.0	0.0	-0.985403473751	0.0	-0.0477423324823	-1.63015351303	0.0	0.518242318649	0.0	0.0
dost8	0.0	0.0	-2.52569764018	-1.21672036959	-0.35142867966	0.0	-1.83649686362	0.930746757212	-0.76910820461	0.0	0.0	0.0	0.0	-1.27723683397	0.0	1.61726829108	0.0	0.0	0.0	0.0
dost9	0.0	0.0	-1.53241540247	0.0	0.0	0.0	0.0	0.0	0.0	0.0	0.0	-2.15396482339	0.0	0.0	0.986684705729	0.0	1.78135508409	0.0	0.0	0.326107432811
dost10	-1.62147223393	0.0	0.0	0.0	1.00166948899	0.0	0.0	0.0	0.0	0.0	1.29998340077	0.0	0.0	0.0	-0.828846441638	0.0	0.0	0.0	0.0	0.0
dost11	0.0	0.0	0.0	0.0	-1.55423441184	0.221391770359	0.0	0.0	0.0	0.0	0.0	-0.298681336517	-2.44242626749	0.365839070767	-1.19858870132	0.0	0.0	-0.398578520187	0.0	0.0
dost12	0.0	0.0	0.151289080408	0.081991867853	0.0	0.0	0.0	0.0	0.0	0.0	0.0	-0.120420016779	0.0	0.0	0.0	-1.18313360536	1.38819608928	-2.33125143103	0.0	0.0
dost13	0.0	0.0	0.0	0.0	0.0	0.0	0.0	0.0	0.0	0.0	-1.20120965744	0.0	0.0	0.0	0.0	0.0	0.0	0.0	0.244048555519	0.0
dost14	0.379568369853	0.0	0.600447068831	0.0	-0.506169211589	0.0	0.0	0.0	1.9867360439	0.0	0.695449568782	-0.24898321348	0.0	1.06058644579	0.930243165582	0.0	0.0	0.0	0.0	0.0
dost15	0.732123278888	0.687778106312	0.0	0.0	0.0	0.0	0.605100930344	-1.35812147023	0.0680343246107	-0.242342995992	0.0	0.0	-1.55272933655	0.0	0.0	0.106502055663	0.0	0.0	-1.96724698535	0.0
dost16	0.0	0.0	0.358260792396	0.0	0.237011796508	0.0	0.0	-0.0849532086725	-1.44997526703	0.0	0.0	0.0	0.0	0.0	0.0	0.0	0.0	-0.332504041451	0.0	-0.375178329251
dost17	0.459826105184	0.0	0.0	0.0	-0.536075874546	0.0	0.0	0.0	0.369042218963	-0.593521518447	0.0	0.0	1.34837185169	0.0	0.0	0.0	0.0	0.784345666649	-0.570581859657	0.271447285874
dost18	0.0	0.0	0.0	0.0	0.0	-0.346811456159	-1.15682586395	-0.369468536736	1.16147046234	0.0	0.0	0.0	0.0	0.0	1.93095841863	0.0	-1.03371300093	-1.32805986798	0.0	0.219310977775
dost19	0.0	0.0	0.712014818682	0.0	0.0	-0.257375344455	0.0	0.0	0.343708174507	0.0	0.81190971813	-0.0736713709523	-0.398367615933	-0.205901639932	0.0	0.0	0.0	0.0	-1.16892353524	0.643878637259
dosg0	0.0	-0.204426347899	0.0	0.0	0.0	0.0	0.0	0.0	-2.15223286059	0.0	-0.730789165196	0.0	0.0	0.0	-0.633432324853	0.0	-0.545051306092	0.304552766873	0.623724517038	0.0
dosg1	0.0	0.0	0.0	0.0	0.0	0.0	0.0	1.02863189503	0.0	0.0	0.0	0.0	0.0	-1.85224565442	0.0	0.0	0.0	0.0	0.0	0.0
dosg2	0.0	-1.45706311365	-0.703021583581	0.0	0.0	0.0	0.0	0.0	0.0	0.0	1.01338484638	0.0	0.0	0.0	0.0	0.785978806217	0.0	0.0	0.0	0.0
dosg3	0.946396631497	0.265480304338	-1.40881402282	0.0272779914008	1.6563170021	-1.05068753007	1.21223518983	0.0	0.64861274255	1.18762343023	0.0	1.9884949678	0.0	0.184500132306	0.0	0.0	0.0	0.0	0.0	0.0
dosg4	0.0	0.0	0.0	0.0	0.0	0.0	0.199554100802	0.0	0.0	2.7413613895	0.0	0.0	0.0	0.0	0.0	0.0	0.0	2.36545586855	0.0	0.0
dosg5	0.0	0.0	-0.951896988951	0.0	0.0	0.0	0.0	0.0	0.0	0.0	0.0	-0.814469097065	0.0	0.0	0.0	0.0	0.0	0.0	-1.77514438768	0.0
dosg6	0.0	0.0	1.37928033716	0.0	0.0	0.0	0.0	-0.175382249596	0.202162643029	0.0	0.0	0.0	0.0	0.0	0.0	0.0	0.0	0.0	0.0	0.0
dosg7	-0.278194048527	0.0	0.0	0.0	-1.61988967198	0.889761331422	0.0	0.0	2.08871609933	0.0	0.0	0.0	0.0	0.0	0.0	0.0	0.0	0.0	0.0	0.0
dosg8	0.0	0.0	0.0	0.0	0.160027750166	0.0	0.0	0.0	0.0	-0.241664867221	0.0	0.0	0.0	-1.3225539913	0.0	-1.46434023511	0.0	0.0	0.0	-1.31923153037
dosg9	0.0	-1.38885648178	0.0	0.0	-0.679357461861	0.0	1.97387571998	0.0	0.0	0.0	0.0	0.0	0.0	0.0	0.0	0.0	0.0	0.0	-1.07510386383	1.64179078137
dosg10	0.0	0.0	1.30909005657	0.0	0.0	0.0	0.0	0.0	0.0	-1.40864411231	-0.0307562260506	-1.79260970722	0.0	-1.20256855579	-0.389172687227	0.0	0.0	0.0	0.0	-0.739139883334
dosg11	0.0	0.0	0.206855627844	0.0	0.0	0.0	0.0	0.0	0.0	0.0	-0.210356677913	0.0	-1.04533693688	0.761363511254	0.0	0.0	0.0	0.0	0.0	-0.0158136028632
dosg12	-0.073043343076	0.318604364087	0.0	0.0	0.0	0.0	0.0	0.0	-0.178286683995	0.0	0.0	0.0	0.0	0.0	0.0	0.0	0.0	-0.381352391034	0.0	0.708342646213
dosg13	0.0	0.0	0.0	0.0	-1.04513939675	1.65346711111	1.6582569715	0.0	0.0	-1.10476259303	0.0	0.0	0.0	0.0	0.0	0.0	-1.10803310434	0.0	0.0	0.0
dosg14	0.0	0.0	0.0	0.304755461945	0.0	-0.291197304931	0.0	0.0	0.0	0.0	-0.0511007959196	0.0	0.0	0.0	0.0	0.0	0.934110212035	0.0	0.0	0.0
dosg15	0.0	0.0	0.0	0.0	0.0	-0.112586020831	-0.782895904731	0.0	0.0	0.0	1.22409341783	0.0	-0.257774076802	0.170733747054	0.0	0.0	0.0	0.0	0.0	0.663777508166
dosg16	1.95638330265	0.0	0.0	0.0	-1.00831674208	0.0	0.0	0.0	0.0	0.0	0.0	0.0	0.0	-1.6850564966	0.0	-0.0671021635896	0.0	0.0	0.0	-1.00979201876
dosg17	0.0	0.0	0.632301957015	0.0	-0.693302541893	0.0	0.0	0.0	0.0	0.0	0.721605398882	-0.204090249483	0.0	-0.517522235725	0.0	0.65869857873	0.0	-2.42922632682	0.0	-1.71566649259
dosg18	-0.860216451283	0.114148321569	0.0	0.0	0.15665725535	0.0	0.0	2.62456260999	0.0	0.0	0.0	0.0104249141475	0.0	0.0	-0.0141258795762	-0.7027867208	0.0	0.0	0.0	0.0
dosg19	0.0	0.0	0.0	0.0	0.0	-1.98973366939	0.0	0.0	0.0	0.0	0.942346970537	0.0	0.0	0.0	0.502116239983	-2.11275816402	0.0	0.0	0.295204125037	-0.209771004851
dosg20	0.0	0.0	0.0	0.0	0.0	0.0	-0.301270335901	2.08544891413	0.211687539722	0.0	0.0	0.0	0.0	0.0	0.0	0.0	0.0	0.0	0.0	0.0
dosg21	0.0	0.514865437509	0.359883200044	0.0	0.0	0.0	0.0	0.0	0.343888014553	0.529366507043	0.868599237721	0.0	0.0	-1.87185284899	0.795396713253	0.0	0.0	0.232572379446	0.0	0.0
dosg22	0.0	0.0	0.0	-0.218914723624	0.0	0.0	0.0	0.0	0.0	0.0	0.0	0.0	0.0	0.0	0.0	-0.586482083951	-0.295079228843	0.0	0.0	0.0
dosg23	0.0	0.0	0.0	-1.04601478532	-0.374636449544	0.0	0.0	0.0	-1.30849402566	-0.0718681982648	-0.193002176965	0.0	0.0	0.0	0.0	0.0	0.0	0.0	0.500127549232	0.0
dosg24	-0.24627142576	0.0	0.0	0.0	0.0	0.0	-1.55757560636	0.0	0.0	-0.836858795073	-0.128545500265	0.0	0.0	-0.128306868166	0.0	-0.713427862504	0.709615105747	0.0	0.0	0.0
dosg25	-1.13600752062	0.0	0.0	0.0	0.0	0.0	0.0	0.0	0.0	0.0	-0.855186234579	0.0	0.0	0.0	0.0	0.0	0.0	0.0283654645034	0.587837878971	0.0
dosg26	1.4364282241	0.0	0.0	-0.60737608551	0.0	0.0	0.0	0.318336182776	0.0	0.0	-0.893706938176	0.0	0.0	1.351934666	0.0	0.0	0.0	0.0	0.0	0.0
dosg27	0.0	0.0	0.0	0.0	0.114910994936	0.0	0.105590970103	0.0	0.0	0.0	0.0	0.0	0.0	-0.0856036044002	0.478618635849	0.057149574002	0.0	-2.52279243226	-0.0339034961639	0.0
dosg28	0.0	0.0	0.0	0.0	1.16340256789	0.0	0.0	0.0	0.0	0.332365926368	0.0	0.0	0.0	-0.784479063189	0.0	0.0	0.510332862884	0.0	0.0	0.896813341772
dosg29	0.0	0.129288404536	0.0	0.394307425836	0.0	0.0	-0.192188040882	0.0	0.0	0.0	1.5288984482	0.0	0.0	0.0	0.0	-0.28489809123	-1.4018928733	0.0	0.0	0.0
dosg30	0.334115172322	-0.373319152205	0.0	-1.10899012172	0.0	0.0	0.0	0.0	0.0	0.468431153908	0.0	0.0787241517853	-1.82922234087	0.0	-0.00601684224995	0.0	1.1007367594	-0.743111733388	0.0	0.0
dosg31	0.0	-0.537794283536	0.0	0.0	0.0	0.0	-1.26843668831	0.948923149789	0.0	0.0	-0.0781409950109	0.0	-1.21246375911	0.0	0.0	0.0	-0.320852536265	0.0	0.0	0.0
dosg32	0.0	0.0	0.0	0.0	0.0	0.0	2.16699370179	0.0	0.0	-0.809873974545	0.0	0.530618917199	0.0289116097418	0.0	0.0	0.0	0.0	0.0	0.0	0.0
dosg33	-0.0631511567467	1.28244775116	0.0	1.00167849466	0.0	0.0	0.0	0.0	0.492057129696	0.0	-0.219301330411	0.212090536633	0.0	0.0	0.0	0.48353674856	0.673351667822	0.0	0.0	0.0
dosg34	0.0	0.0	1.63970948712	0.0	0.0	0.0	0.0	0.0	0.0	-0.423324890901	1.20477333132	0.0	-0.196532943725	0.0	0.43695043452	0.0	-1.61693571038	-0.0104652606543	0.0	0.0
dosg35	0.0	0.0	0.0	-0.487247912423	0.0	-0.64904052728	0.0	0.0	0.0	0.0	0.939391382795	0.0	0.0	0.0	0.0	0.0	0.456631495748	0.0	0.0	0.0
dosg36	0.0	0.0	0.0	0.518163868044	0.0	0.0	0.0	0.0	0.0	0.0	0.0	0.773665149305	0.0	0.316849930642	0.0	0.0	0.0	-1.52035597571	0.0	0.0
dosg37	0.0	0.0	0.585729058159	0.0	0.0	0.0	0.0	0.0	-0.182592091048	0.0	0.121594698598	0.0	0.0	0.0	0.236981750115	0.0	0.750685205667	0.0	0.0	0.0
dosg38	1.0699959303	0.0	1.38205983851	0.0	-0.408300558641	-0.0854834214876	0.0	-0.103175466568	0.0	-0.0763231698003	0.0	1.57863910624	0.0	0.0	0.0	0.0	0.0	0.0	0.0	0.0
dosg39	0.0	0.0	0.0	0.0	-0.500952890185	0.0	0.0	0.0	0.0	0.0	0.0	0.0	0.0	0.0	0.0	-1.34273551515	-0.195691542077	0.0	-0.873362177255	0.0
dosg40	-1.18535456383	1.98213913369	0.0	0.0	0.0	-0.23567248348	0.0	0.0	0.0	0.0	0.0	0.0	0.0	0.0	0.0	0.0	0.464481869008	-1.52852598885	0.0	0.0
dosg41	0.296845731815	0.0	0.0	0.0	0.087054095583	0.0	0.0	0.830675776022	-0.875039407124	0.0	0.0	0.0	-0.130574553992	0.0	1.14843282646	0.0	0.0	0.0	0.0	0.0
dosg42	0.0	0.0	0.0	0.0	0.0	-0.72833188938	0.0	-0.221678030769	0.0	0.0	0.0	1.00462090577	0.0	0.0	0.0	0.0	0.0	1.11098349506	0.0	0.0
dosg43	0.0	0.0	0.0	0.0	0.0	0.150346631434	0.0	0.0	0.0	0.0	0.0	0.0	-0.212766524356	1.77049448331	0.0	0.0	0.0	0.0	0.0	-1.51935036782
dosg44	0.0	0.0	0.0	0.0	0.0	0.666903862433	0.0	1.33088393346	0.0	0.911019054016	0.0	0.0	0.0	0.0	0.0	0.0	0.0	0.0	-0.461877232255	0.0
dosg45	-0.566316830062	0.0	0.0	0.0	0.318670386668	0.0	0.0	0.0	0.0	0.0	0.0	0.0	0.0	0.0	0.0	0.0	0.0	0.0	0.0	0.0
dosg46	0.0	0.0	0.0581200867652	-0.436803954244	0.0	1.26789052852	0.0	0.603405499675	0.0	0.0	0.0	0.0	0.0	0.0	0.0	0.0	0.0	0.0	0.55878497987	0.0
dosg47	-0.0380504707914	0.0	-0.654784657193	0.0	0.0	-1.09257484398	0.0	0.0	0.0	0.0	0.899832901918	0.0	0.0	0.0	0.0	0.0	1.74937955878	0.0	0.0	0.0
dosg48	0.0	0.0	0.0	0.0	0.0	0.0	0.0	0.0	0.0	0.245674955222	0.0	-0.0119992185977	0.0	0.0	-2.61304417654	0.0	0.0	0.0	-0.948301938014	0.0
dosg49	0.0	0.0	0.0	-0.760618742771	0.0	0.0	0.0	0.0773763394757	0.0	0.0	1.11137169758	0.0	0.0	0.695112662514	0.0	0.0	0.0	0.0	0.0	0.0
dosg50	0.0	0.0	0.0	0.0	0.0	1.01037772844	0.0	0.0	0.0	0.0	0.0	0.0	0.461541569555	-1.80873934635	0.0	0.0	0.667770270971	0.0	0.0	0.0
dosg51	-1.45255257702	0.0	0.0	-0.0974734858954	0.0	0.0	0.0	0.0	0.0	0.0	-1.17970567393	0.0	-0.526178482128	0.42049939622	0.0	-1.2558168634	0.0	0.0	0.0	0.0
dosg52	0.0	0.0	0.0	0.0	0.0	0.0	0.0	0.0	0.0	0.914451562964	0.0	0.0	-0.534609924076	0.0	0.878333455007	0.0	0.0724650793795	0.0	0.726669441004	0.0
dosg53	0.0	-0.396424378955	0.61723036245	0.0	0.0	0.0	2.17901309874	0.0	-0.248267556837	0.0	0.807482067148	0.0	0.600036509506	0.0	0.0	0.0	0.0	0.0	0.0	0.0
dosg54	0.0	0.0	0.0	-1.98340479241	0.763385777311	0.0	-0.82461049678	0.874130647489	0.0	0.0	1.55522610093	0.0	1.55338752969	0.0	-0.725758708359	0.0	0.0	0.0	0.0	0.0
dosg55	0.0	0.0	0.0	-1.03922562305	0.0	0.0	0.0	0.0	0.0	0.0	0.0	0.0	0.0	-0.863419723018	0.0	0.0	0.0	0.60122187003	0.0	0.0
dosg56	0.0	0.0	0.0	0.0	0.0	0.0	0.0	0.0	0.0	0.0	0.0	0.0	-0.919924835814	0.0	1.83003981649	0.0	-1.89023288595	0.0	0.0	0.0
dosg57	-0.0452132501689	0.0	0.0	0.415546768989	0.0	0.145289135684	0.0	0.0	0.0	-0.323471081033	0.0	0.0	0.0	0.0	0.0	0.0	0.0	0.0	0.615256324379	0.0
dosg58	-0.141828805255	0.0	0.0	-0.770841106319	0.0	0.0	-0.0691448646598	0.0	0.0	0.0	0.0	0.0	0.0	-0.179832241621	0.0	0.0	0.0	2.37601026697	0.0	0.0
dosg59	0.0	-1.68000584703	0.0	0.0	0.0	0.0	0.0	-0.893718289957	0.0	0.0	1.83390601354	0.0	0.0	-1.54820454235	0.0	0.0	0.0	-0.759206304738	0.0	-0.388706819267
dosg60	0.0	0.403587626027	0.0	0.0	0.0	0.0	0.0	-0.0321806785049	0.0	0.0	-0.865879690819	0.0	-0.196769393867	0.0	0.0	0.185215262881	0.0	0.0	-0.277554432927	0.0
dosg61	0.0	0.0	0.0	0.0	0.0	0.0	0.336273188987	0.0	-0.221338278572	-0.234035333691	0.264765775551	0.0	0.0	0.0	0.0	0.0	0.0	0.0	0.0	0.0
dosg62	0.0	-0.372831644262	0.0	-0.00567109649149	0.0	1.68847239604	0.0	0.881636010373	0.0	0.0	0.0	-0.883130586814	2.24087361755	0.0	0.0	0.0	0.0	0.0	0.0	0.0
dosg63	1.18902679217	0.0	0.0	0.0	0.0	0.0	0.0	0.0	0.0	0.0	0.0	0.0	0.0	0.0	0.0	-0.378697362661	0.0	0.0	0.0	0.0
dosg64	0.0	0.0	0.0	-1.39155482886	0.0	-1.68486550425	-0.296253198851	0.0	0.0	0.0	0.0	0.0	0.928632410252	0.23934306914	0.0	0.0	0.577561628002	-1.32730532727	0.0	0.0
dosg65	0.0	0.0	0.0	0.0	0.0	0.0	0.0	0.0	0.0	0.0	0.0	0.0	0.0	0.0	0.0	0.0	0.0	0.0	0.0	0.823016587619
dosg66	0.830628084596	0.0	0.0	1.25675731377	0.0	0.0	1.79808073787	0.0	0.0846373276984	0.0	0.411688861004	0.0	0.0	0.0	0.0	0.0	0.0	1.52739063362	0.0	0.0
dosg67	-2.61276254677	0.0	0.0	0.0	0.0	0.0	0.0	0.0	0.0	0.0	2.15375803143	0.0	0.0	0.0	0.0	0.0	0.0	0.0712291977185	1.403216452	0.0
dosg68	0.0	0.0	0.0	0.0	0.0	0.819369112671	1.286834715	0.0	-1.19636307426	0.0	0.588416569945	0.0	1.87076888538	0.0	0.0	0.0	0.0	0.0	0.0	0.0
dosg69	0.0	0.0	0.0	0.0	0.0	1.03289154382	0.0	0.0	1.59120347615	-0.168743484161	-1.08480549565	0.0	-1.53226041219	0.0	0.435298058251	0.0	2.64126598895	0.0	0.0	0.0
dosg70	0.0	-0.437074297522	0.0	-1.03998512721	0.28117508917	-0.855908193321	0.0	0.0	0.0	0.0	0.0	-0.417712577968	0.362292607708	0.0	0.0	-0.617722508174	0.0	0.0	0.0	0.0
dosg71	0.0	0.0	0.0	0.0	-0.659121187301	0.0	0.0	0.0	0.0	0.0	0.0	0.0	0.0	0.0	0.0	0.0	0.0	0.0	0.0	0.0
dosg72	0.0	0.333683289705	0.0	0.0	0.0	0.0	0.0	0.0	0.0	0.0	0.0	0.0	0.0	0.0	0.0	0.0	0.0	1.05533489048	0.0	-1.07890172409
dosg73	0.0	0.0	0.0	0.0	0.0	-0.521121461286	0.0	-0.386428243533	0.0	0.130139756248	0.0	0.0	0.579601377162	-1.19866668445	0.0	0.0	0.0	0.0	-0.420777685886	-2.04027738311
dosg74	0.0	1.59812985566	0.0	0.0	0.0	0.0	0.0	0.140923918469	0.0	0.0	0.233006395018	-0.670650032295	0.0	-0.923563535667	0.0	-1.20640745141	0.0	0.0	0.544332788707	0.0
dosg75	0.0	0.0	0.0	0.0	-0.179758351185	-1.54959061812	1.12291354541	0.0	0.0	0.0	0.0	0.0	0.0	0.0	0.0	0.0	0.0	0.0	0.0	0.0
dosg76	-0.515930387456	0.0	0.0	0.0	-0.909946088797	0.0	0.0	0.0	0.0	0.0	-0.535685972507	-1.3722495676	0.0	-1.83657395496	0.196867127365	0.0	0.0	0.0	0.898039477651	0.0
dosg77	0.0	0.0	0.0	0.0	-0.216578072055	0.0	0.0	0.0	0.0	0.0	0.0	0.0	0.0	-0.272694449669	-0.946769319299	0.0	0.0	0.0	2.55554199917	0.0
dosg78	0.0	0.0	-1.21191068556	0.0	0.0	-0.601763512467	1.23026840649	0.0	0.730505326492	0.0	0.144949476905	0.0	1.30998372273	0.0	0.0	0.0	0.106547714707	0.0	0.0	-1.54565095923
dosg79	0.0	0.0	-0.47259505804	-1.62217917132	0.0	-1.25797185765	0.0	0.0	0.0	0.0	0.391032191544	0.0	-0.638376376017	0.0	-1.94239377347	0.0	1.29344917439	2.00890815066	0.0	0.0
dosg80	0.0	0.0	0.0	0.0	0.0	0.0	0.0	0.0	0.0	0.404515201702	0.729487087598	0.0	0.0	0.0	0.0	0.0	0.0	0.0	0.0	0.0
dosg81	0.0	0.0	0.0	0.0	0.0	0.0	0.36635789119	0.284951136048	0.0	0.0	0.0	0.0	-0.160794928279	0.0	0.0	0.0	0.0	0.281177971098	0.0	0.310900231541
dosg82	0.0	0.0	0.0	0.0	0.0	0.0	-1.12679186412	0.0	0.0	0.0	0.231285473174	0.0	0.0	1.09486223259	1.74051097367	0.0	0.0	0.0	0.0	-0.316090508412
dosg83	-0.331360770623	0.0	0.0	-0.174766158628	0.0	0.0	0.665839192694	0.0	0.750521436277	-1.83652237498	0.0	0.0	0.0	0.0	-0.695760056543	0.0	0.0	0.0	0.0	0.0
dosg84	0.0	0.0	0.0	0.0	0.0	0.0	0.894248511643	0.865092937391	0.0	0.0	0.0	0.0	0.0	0.0	0.0	0.0	0.0	0.758290393166	0.0	0.0
dosg85	0.0	0.0	0.0	0.0	0.118784536321	0.0	0.0	0.0	0.0	0.496402584285	0.0	0.0	0.0	-1.10659141184	0.0	0.0	0.0	0.0	-0.521169120819	0.616678385081
dosg86	0.0	0.00439598045164	0.0	-0.972819194975	0.0	0.0	0.0	0.0	1.39230587803	-0.121785710022	0.923629330944	0.0	-0.782576826306	0.0	0.0	-1.38321382478	0.0	0.0	0.0	0.0
dosg87	0.0	0.0	1.69023303454	2.04697099783	-1.68241367126	0.0	0.0	0.0	0.0	-1.4151603634	0.0	0.0	-0.669206151352	0.0	0.0	0.0	0.0	-1.09836247449	0.0	0.0
dosg88	0.0	0.0	2.17547304839	1.85353961484	-0.205820118776	-0.570302535561	0.0	0.0	0.0	0.0	0.0	-0.602789668867	0.0	0.0	0.0	0.213294765606	0.0	-0.815081190407	0.0	0.952917314898
dosg89	0.0	0.0	0.0	0.0	0.0	0.0	0.0	0.0	-1.2615305165	-0.0939717703004	0.0	0.0	-0.226114851316	0.0	0.0	-0.0804461699298	0.0488356527022	0.0	0.0	-1.25141953822
dosg90	-0.220428926232	0.0	0.0	0.281252958973	-1.3222177191	-2.43564469569	0.0	0.0	-0.690009160439	0.0	0.0	0.0	0.0	0.0	0.0	0.0	0.0	0.0	0.0	0.0
dosg91	0.0	-0.0712267106232	0.0	0.0	0.0	0.0	0.0	0.0	0.0	0.0	0.0	0.0	-0.622541713603	0.0	-0.652350409517	0.0	0.0	0.0	0.0	0.0
dosg92	-0.574851909422	0.0	0.0	-0.096409319294	0.0	0.0	0.538818444776	0.0	0.0	0.0	0.0	0.0	0.0	0.0	0.0	0.0	0.0	0.0	0.47534985544	0.0
dosg93	0.0	0.544723709263	-1.35271540416	0.0	0.0	0.0	0.0	0.0	0.0	0.0	0.0	0.0	0.0	0.0	0.0	0.0	0.0	-1.6034363676	1.03167215287	0.0
dosg94	0.0	0.0	0.0	0.0	0.0	0.0	0.0	0.0	0.0	-0.750135375829	0.0	0.0	0.0	0.0	0.0	0.0	0.0	0.0	0.0	0.0339210870096
dosg95	3.1167907578	0.0	0.0	0.0	0.0	0.107008532165	0.0	0.0	0.0	0.0	0.0	0.0	0.0	0.0	0.0	0.0	0.0	0.0	0.0	0.0
dosg96	0.156423176719	0.0	0.0	0.811600070311	0.157029755437	0.0	0.0	0.0	-1.71976157794	0.0	0.0	0.0	0.0	-2.19007945148	0.0	0.0	0.0	0.0473661907265	0.0	0.0
dosg97	0.0	1.35323477106	0.0	0.531254656844	0.0	1.03574570969	-0.50721604337	0.0	0.0	0.0	0.0	0.0	0.0	0.0	0.0	-1.78490308797	0.0	0.0	0.0	0.250578173322
dosg98	0.0	0.515891826401	0.0	-0.67662700264	0.0	0.0	0.0	0.0	0.0	0.0	-1.47456326686	-2.06232681883	0.0	0.0	0.0	0.0	0.0	0.0	0.0	0.0
dosg99	0.0	0.0	0.0	0.0	0.0	0.0	-0.537709375723	0.0	0.0	0.0	-0.0233634057693	0.0	0.0	0.0	0.0	0.0	0.0	0.0	-0.0498451552937	0.0
dosg100	0.684962672251	0.0	0.0	0.0	0.0	0.128865722094	0.0	3.4010546999	0.0	0.0	0.0	0.0	0.0	0.0	0.0	0.0	-1.10384104326	0.0	0.0	0.0
dosg101	1.13192485522	0.0	0.0	0.0	0.0	0.0	0.402408424427	-2.07243505875	0.0	0.0	0.0	0.0	0.0	0.0	0.0	0.0	-0.0940751742434	0.0	0.0	0.0
dosg102	-0.658471861194	0.0	0.0	0.0	0.0	-0.588145893256	0.0	0.0	0.0	0.0	0.0	0.0	0.0	-1.25972444806	0.0	0.0	0.0	2.15003629469	0.0	0.0
dosg103	0.0	0.880994122143	0.0	0.0	0.0	-0.364828345935	0.0	0.0	0.0	0.975898672419	0.0	0.0	0.0	-0.410274702688	0.0	0.0	0.0	0.0	0.0	0.0
dosg104	0.0	0.0	0.0	0.0	0.229432148192	0.0	0.0	0.0	0.0	0.0	1.33999937285	0.0	0.0	0.0	0.0	0.0	0.0	0.0	-0.943598830473	0.0
dosg105	0.0	0.0	0.0	0.0	0.0	0.0	0.0	0.0	0.0	0.0	0.0	0.955402800396	0.0	0.0	0.0	0.0	-0.0968176487831	0.0	0.0	0.0
dosg106	0.0	0.0	0.0	0.0	0.0	0.0	-0.782824473998	0.12720831056	1.99068972103	0.0	0.0	0.0	0.0	0.0	0.0	0.0	0.0	0.0	0.0	0.69794737461
dosg107	0.0	0.0	0.0	0.0	-0.661750416449	0.0	0.0	0.0	0.0	0.0	0.0	0.0	-0.330428263499	0.0	0.0	0.0	-0.417225547478	0.0	0.0	0.0
dosg108	-0.0738217582496	0.0	0.0	0.0	0.0	0.0	0.0	0.0	1.52084710266	0.283676190178	0.0	-0.309942211912	0.0	0.613346399461	-0.376307261348	-1.92384876541	1.81272360644	0.0	1.19259035377	0.0
dosg109	0.0	0.0	0.0	0.0	0.0	0.0	-1.32089438545	0.0	0.0	-0.576383209249	0.0	-0.0447552447851	0.0	0.0	0.0	0.0	0.0	-0.173338809831	0.0	0.0
dosg110	-0.242615945367	0.0	0.0	-1.18829477689	1.47269786604	0.0	0.0	0.0	0.99433289016	0.0	0.0	0.0	0.0	0.0	0.0	0.0	0.0	0.0	0.0	0.0
dosg111	0.0	-0.44280340724	-0.603950276433	0.0	-0.448792787817	0.0	-0.144744402683	0.0	-0.170820238609	0.0	-0.2964221354	0.0	0.460176036039	0.0	0.0	0.0	0.0	0.0	0.0	0.0
dosg112	-0.862679776259	0.0	-0.732904777839	0.0	0.0	0.0	0.0	1.26302061588	0.0	0.0	0.0	0.0	0.0	0.0	0.0	0.0	0.0	0.812290266418	0.0	0.0
dosg113	-0.241507784357	0.357191858137	0.0	0.0	0.0	-0.740538672524	0.0	0.0	0.0	0.0	0.0	0.0	0.0	0.0	0.0	0.261297368914	0.0	0.0	0.0	0.0
dosg114	1.89477547657	0.0	0.0	0.0	0.0	0.0	0.0	0.0	0.0	0.0	0.0	-0.290833149674	0.0	0.0	0.0	0.0	-0.362544729068	0.0	0.0	0.0
dosg115	-0.426819398567	0.0	0.0	0.0	0.0	1.79947066467	0.0	0.0	0.0	0.0	0.0	0.0	-2.11456093614	0.0	0.0	0.0	-1.41147653061	-0.118168969327	0.0	0.0
dosg116	0.0	1.37902258879	-1.60364155788	0.0	0.0	0.0	0.0	0.0	0.0	0.0	0.0	0.0	0.0	0.0	0.0	0.535378843783	0.832244124352	-0.431180824848	0.0	-1.54859383088
dosg117	0.0	0.0	0.0	0.0	0.965927927661	0.0	-0.16423405071	0.742061949209	0.0	-0.22040804916	0.0	0.0	0.0	0.0	0.0	0.0	-0.0258188424308	0.0	0.0	0.0
dosg118	0.0	0.0	0.0	0.0	0.869309310659	0.0	0.0	0.672585646332	-0.55774264657	0.0	0.0	0.0	0.0	-1.60219982232	0.753777217253	0.319192092559	0.0	0.0	0.0	0.0
dosg119	-0.753300795161	0.0	0.0	-1.32103407574	-1.33778131164	0.0	0.0	0.0	0.0	0.0	-0.83543510445	0.0153919388684	0.330194851966	0.0	0.0	0.0	0.0	0.0	0.0	0.0
dosg120	0.0	-0.643404640945	0.0	0.49775185542	0.0	0.0	0.0	0.0	0.0	0.0	0.0	0.0	0.0	0.0	-0.973914550095	0.0	0.0	0.0	0.0	0.0
dosg121	0.0	0.0	0.0	0.0	0.0	0.0	0.0	0.0	1.09458415242	0.0	0.0	0.0	0.0	0.350984047471	0.0	-2.71184690321	0.0	-0.206682871013	0.0	0.0
dosg122	0.0	-0.524778635197	0.0	0.0	-0.849238934162	0.0	0.0	0.0	0.0	0.0	0.605074053112	-0.570142435438	0.00281501695752	0.0	0.0	0.0	-0.0326745821641	0.0	0.0	-0.198174147371
dosg123	0.0	-1.24146747686	0.0	0.0	0.0	0.0	0.0	0.0	0.0	0.0	0.0	0.0	0.0	0.0	0.0	-0.403619979516	1.48682490217	0.0	0.0	0.0
dosg124	0.0	0.0	0.0	0.704728363812	-0.218290816645	0.0	0.0	0.0	0.891366672983	0.0	0.0	0.0	0.0	0.387148981709	0.0	0.0	0.0	0.0	0.0	0.0
dosg125	0.671105007013	0.0	0.0	1.23510352908	0.0	0.0	0.0	0.0	0.0	0.0	0.0	0.530441756508	0.0	0.269250336524	0.0	0.0	0.0	0.0	0.0	0.0
dosg126	0.0	0.0	0.0	0.319109867069	0.0	0.0450226349636	0.0	-0.0777025241935	0.0	0.0	0.00640611011729	0.0	0.0	0.0	0.0	0.0	0.700490005714	0.0	0.0	0.0
dosg127	0.0	0.0	0.0	0.0	0.0	0.0	-0.602445599648	-0.364460227418	-0.53040715754	-2.36028271225	0.0	0.0	0.0	0.0	0.0	0.165830356545	0.0	-0.385288598771	0.0	0.0
dosg128	0.0	0.0	0.0	0.0	0.0	0.0	0.0	0.0	0.0	0.0	0.0	0.986119211429	0.0	0.0	0.164829959359	0.64120124812	0.0	0.0	0.0	0.362685956681
dosg129	0.0	-0.0894755854905	-1.6097459351	0.0	0.0	0.0	0.81128706164	0.0	0.36865538599	0.0	-0.0552417569057	0.0	0.0	0.0	0.0	0.0	1.01676801441	0.0	0.0	0.0
dosg130	0.0	0.0	0.0	0.0	0.491574948344	0.193316079774	0.0	0.0	0.0	0.0	0.0	0.0	0.0	0.0	0.0	0.0	0.0	0.0	0.0	-0.0574654282903
dosg131	1.8419491375	-0.516072209813	0.0	0.0	0.0	-0.0119682196286	-0.62031820339	0.0	0.982516996789	0.0	0.0	0.0	0.956546992334	0.0	0.0	0.343039911736	0.0	0.0	0.0	0.0
dosg132	0.0	0.0	0.768579946889	0.0	0.0	0.0	0.0	0.33826626369	0.0	0.0861863091019	0.0	0.0	0.0	0.0	0.0	0.0	0.0	-0.37176193141	0.0	0.0
dosg133	0.0	0.0	-0.158037528525	0.445987663026	-0.442150242668	0.0	-0.476138183959	0.0	-1.2755995391	-1.79456675588	0.0	0.0	0.476902618373	0.0	0.0	0.0	0.0	0.0	0.196223757265	0.987870507049
dosg134	0.0	0.0	0.0	0.0	0.0	0.0	0.0	0.0	0.0	0.0	0.0	0.0	0.0	0.0	0.544904975886	0.0	0.0	0.0	0.0	0.0
dosg135	1.08319634137	0.0	0.0	0.0	0.0	0.0	1.17845469196	0.0	0.0	0.0	0.0	0.0	0.0	0.0	0.0	0.0	0.0	0.0	-0.558609526844	-0.616851484899
dosg136	-0.0784572958942	0.0	0.0	-1.46381393976	0.0	0.0	0.0	0.0	0.0	0.0	0.0	-0.496471884644	0.0	0.0	0.0	0.0	0.0	-0.329041837463	0.0	0.0
dosg137	0.0	0.0	0.0	0.780524004995	0.589023954925	0.0	-0.037273183292	-0.886079808246	0.0	0.0	0.0	0.0	1.84279046993	0.0	0.278976420602	0.0	0.0	0.0	0.0	0.0
dosg138	0.0	0.0	0.0	0.0	0.0	0.731366653931	0.0	0.0	0.0	0.0	0.837661970643	0.0	0.0	0.0	0.0	0.0	0.0	0.0	0.0	0.0
dosg139	0.738277843283	0.0	0.0	0.0	0.0	0.732667868635	0.0	0.0	0.0	0.644788805869	0.0	0.87528421818	0.0	0.0	0.0	0.0	0.0	0.0	-1.69295417205	0.0
dosg140	0.217829307757	0.0	0.0	0.0	0.0	0.0	0.0	0.234817439895	0.0	0.0	0.0	0.0	0.0	0.0	0.0	0.0	0.0	0.0	0.0	0.0
dosg141	0.0	0.0	-0.0982050333693	0.0	0.0	0.0	0.0	-0.170882695973	0.0	0.0	0.0	0.0	0.0	0.0	0.0	0.0	0.0	0.0	0.0	0.0
dosg142	0.0	0.0	0.0	0.0	0.0	0.0	0.0	-0.202983002361	0.0	0.0	-1.14703683307	0.0	0.0	-1.55605857718	0.0	0.0	0.0	0.0	0.0	0.0
dosg143	0.0	0.0	0.0	0.0	0.0	0.0	0.0	0.0	0.0	0.0	0.0	0.0	0.0	0.0	0.0	0.0	-0.862921068579	0.0	0.0	0.410677626589
dosg144	0.0	0.0	0.624358403187	0.0	0.0	0.0	0.0	0.0	0.0	0.0	0.0	0.0	-0.240129047331	0.0	0.0	0.0	0.690352532579	0.0	0.0	0.0
dosg145	1.44989656757	0.0	0.0	0.177542874136	-0.0289881933754	0.0	0.772228980731	0.0	0.0	0.0	0.0	0.0	0.0	0.0	0.0	0.0	0.0	0.0	0.0	0.0
dosg146	0.0	0.137312434005	-0.230671446454	0.0	-1.20201392208	0.0	0.0	-0.12250123775	0.0	0.0	0.0	0.0	0.0	0.586566865394	0.0	0.0	0.0	0.0	-0.65252852898	0.0
dosg147	0.0	0.0	0.0	0.0	0.0	0.0	0.0	0.0	0.0	0.0	-0.614448246243	0.0	0.544173329022	0.0	0.0	0.0	0.0	0.0	0.0	0.0
dosg148	0.0	0.0	0.0	0.0	0.0	0.0	0.0	0.0	0.0	0.0	0.0	-1.34119176135	0.0	0.0	0.120898704612	-1.75338792621	0.0	0.883669125132	0.0	0.0
dosg149	0.0	0.0	0.0	0.0	0.0	0.0	0.0	0.0	0.0	-0.185594465523	0.0	0.0	0.0	0.0	0.0293713098571	0.0	0.0	0.926483507098	0.0	0.0
dosg150	0.0	0.0	0.0	0.189095208878	0.0	0.0	0.731338202486	-0.35850220061	0.0	0.0	0.0	0.0	0.586093737122	-0.632313610276	0.0	0.0	0.0	0.0	0.0	0.151482724116
dosg151	0.0	0.0	0.0	0.0	0.0	0.0	0.0	0.0	1.63505620387	-1.93725480003	0.0	0.632109657036	0.0	0.0	0.0	-0.0599475495835	0.0	0.0	0.0	0.0
dosg152	0.0	0.0	0.0	0.0	0.0	0.0	0.0	0.0	0.0	0.0	0.0	0.0	0.0	-0.785053205122	0.0632752824711	0.0	0.95829249646	0.0	-1.93628467132	0.0
dosg153	1.23257101303	0.0	1.24324538323	-1.59072514997	0.0	0.0	1.07875724614	0.0	-1.37420310153	-0.382857379141	0.0	0.0	0.0	0.0	0.0	0.0	-0.740400697778	0.0	0.0	0.0
dosg154	0.0	0.0	0.0	-0.529397533051	2.77901400177	0.0	0.099899979009	-0.639339998785	0.0	1.73849270547	0.0	0.0	0.0	1.03657046183	0.490984690346	0.0	-0.953802884089	0.0	0.0	0.0
dosg155	0.0	0.0	0.0	-0.566511427975	0.0	0.0	0.0	-1.28008226345	-0.519085653137	0.0	0.0	0.0	0.0	-0.688354243306	-0.88653447654	-2.35369533323	0.0	0.0	0.0	0.0
dosg156	0.0	0.0	0.0	0.0	0.0	0.0	1.667934395	-0.77546953377	0.0	0.0	0.0	0.0	0.0	0.0	0.0	0.0	0.923183089452	0.850698215339	0.0	0.0
dosg157	1.99720649268	0.0	0.52178634073	0.0	0.0	0.0	0.0	0.0	0.0258016834554	0.944202512335	0.0	0.0	0.0	0.0	0.0	0.0	0.0	0.0	-0.0182323073729	1.29127439036
dosg158	0.0	0.167105211654	0.0	0.0	0.0	-0.0875258969515	-1.31362829441	0.0	0.0	1.06765605679	-0.792662964267	0.0	0.0	0.0	0.0	0.0	0.0	0.0	0.598702333434	0.0
dosg159	0.0	0.968614073962	-1.29587172342	0.507919983923	0.0	0.0	0.0	0.0	0.0	0.0	0.0	0.0	1.04153578343	0.0	0.0	0.0	0.0	-1.97546530682	-0.459603827242	0.0
dosg160	0.0	0.0	0.0	0.0	2.08355961728	-0.336160915675	-1.31881318033	0.0	0.266772774537	0.0	-2.38367648419	-0.0448176313903	0.82483810346	0.0	-0.0155130507051	0.0	-0.898760620058	0.0	1.4449321195	0.0656967871633
dosg161	0.0	0.0	0.0	0.532907627082	-0.556317372497	0.532403582504	0.0	-0.860064528776	0.0	-0.70694325747	0.0	0.0	-0.203864168712	0.431867670993	0.0	1.35834445294	0.0	0.0	0.0	0.0
dosg162	0.0	0.0	0.0	-2.03841984076	0.100140292215	0.0	-0.334037675813	1.68835641815	0.0	0.0	0.0	0.0	0.0	0.0	0.0	0.0	-1.47179317738	0.0	0.464141542962	0.0
dosg163	0.0	0.0	-1.16832935906	0.0	0.169422268575	0.0	0.0	0.0	0.0	0.403865669838	0.0	0.0	0.0	0.0	0.347930932601	0.0	0.0	0.0	0.0	0.0
dosg164	0.0	0.0	0.0	-0.0993358206011	0.0	0.0	0.0	-1.94560817492	0.0	2.00048145742	0.0	0.0	0.0	0.0	-2.07333454583	0.0	0.0	0.0	0.0	0.0
dosg165	0.0	0.0	0.0	0.0	0.0	0.0	0.0	0.0	0.0	0.0	0.0	0.0	0.0	0.0	0.956456905948	-0.579066744269	0.0	0.349492343356	0.0	0.0
dosg166	0.625480926586	0.0	0.0	0.522811754938	0.0	0.0	0.0	0.0	0.0	0.0	0.97703689015	0.27491269657	0.0	-0.158299263356	1.21735321317	0.0	0.0	0.0	0.0	0.0
dosg167	-0.128620462883	-0.0788317605278	0.0	0.195443602963	0.0	0.0	0.0	0.0	1.69468932428	-0.109586184012	0.0	0.0	0.0	0.0	0.671515129063	0.0	0.0	0.0	0.0	-0.021686717971
dosg168	-0.496428551831	0.0	0.0	0.0	0.0	-0.614595950226	0.0	0.0	0.0	0.0	0.0	0.0	0.0	0.660634670941	0.723284675522	0.503029451891	0.0	-0.0581986754942	-0.605822230266	1.83503421453
dosg169	0.0	0.0	2.11678803863	0.0	0.0	0.0	0.0	0.0	0.0	0.0	-1.75899685605	0.0	0.0	0.0	-1.11904788542	0.0	0.0	0.0	0.825428686206	0.0
dosg170	0.149336260285	0.0	0.0	0.0	0.0	0.0	0.0	0.0	0.0	0.0	0.0	0.905940630617	0.0	-0.764145213896	0.0	0.0	0.0	0.0	0.0	0.0
dosg171	0.543946734834	0.0	0.0	0.0	0.0	0.0	0.0	0.0	0.0	0.0	0.0	0.0	-0.141382347845	0.0	0.0	0.0	0.0	0.0	0.0	0.0
dosg172	0.0	-0.0892828896624	0.0	0.761107478581	0.0	0.0	0.0	0.0	0.395233592733	0.0	0.0	0.0	0.0	0.0	0.0	-0.0858532898096	0.0	0.0	0.0	0.931477487754
dosg173	0.67353613892	0.0	0.0	0.132955798779	0.0	0.0	0.0	0.0	0.0	0.0	0.0	0.0	0.0	0.0	0.0	0.715915760579	0.0	-0.83143160285	0.0	1.31431825303
dosg174	0.0	0.0	0.0	1.09104981163	1.3355841479	1.08915836411	0.0	1.16797268579	0.0	0.0	0.0	0.0	0.0	0.0	0.0	0.0	0.0	0.0	-0.548122230991	0.0
dosg175	-0.572676917336	0.0	0.0	0.0	0.0	0.0	0.0	0.0	0.0	0.716206975608	-0.147695594148	0.0	0.0	0.0	0.720614013503	-1.64261112775	0.0	0.0	0.0	1.66100600847
dosg176	0.0	0.0	0.0	0.0	0.0	0.0797400638124	0.746840468773	0.0	0.0	0.679729542775	0.0	0.0	1.05645084801	0.0	0.0	0.0	0.0	0.179411996617	0.0	1.44817569201
dosg177	0.0	0.0	0.0	0.0	0.0	-0.577086484623	0.0	0.0	0.0	0.0	0.0	0.0513138256965	0.0	0.0175038172422	0.12168422376	-0.8744327495	0.0	0.0	0.0	0.0
dosg178	0.0	0.0	1.39192293766	0.0	0.0	0.0	0.0	0.0	0.0	0.0	1.32163140377	0.0	0.0	0.0	0.0	0.0	-0.518338151628	0.0	0.0	0.0
dosg179	0.0	0.0	0.0	-0.414414842678	0.465985080283	0.0	0.0	0.0	0.0	0.0	0.0	1.07748586667	0.0150718112881	-0.601252154635	0.0	0.0	0.0	0.0	0.0	-0.780222439345
dosg180	-1.66195403825	0.0	0.0	0.67886741452	-0.856119531488	0.0	0.0	0.0	0.0	0.0	0.0	0.0	0.0	-1.11101367102	0.0	0.0	-0.3379642196	0.0	0.0	0.0
dosg181	0.0	0.0	0.494000648714	0.0	0.0	0.0	0.0	-0.476727192968	1.03173096067	0.0	0.0	0.0	0.0	0.0	0.0	0.0	-0.543654283801	0.0	0.174736315024	0.0
dosg182	0.474994930148	0.0	0.0	0.0	0.0	0.0	0.0	0.0	0.0	0.535114417572	0.0	-0.830038968089	-0.134878961382	0.0	0.37124775879	0.0	-1.62966310246	0.0	0.0	0.0
dosg183	1.2868201597	-0.15668396928	0.0	0.0	0.0	0.0	0.0	0.0	0.0	0.0	0.0	0.0	0.0	0.0	0.0	0.0	0.0	0.113154562968	0.0	1.44334134851
dosg184	0.0	0.0	0.0	0.0	0.0	-0.344088625631	-0.189195359709	-0.630394954166	0.0	0.0	0.0	0.0	-0.831274757468	0.0	-0.565244089171	0.0	0.0	0.0	0.0	0.0
dosg185	0.0	0.0	-1.79698666815	0.0401563811753	0.0	0.0	1.41433206482	0.0	0.0	-1.65785088643	-0.399583743959	0.689366092699	0.0	0.295619531901	2.3751130551	0.0	-1.50585510136	-0.254321020361	-0.0458950718111	0.0
dosg186	0.0	1.4942558485	0.0	0.0	0.0	0.0	0.0	0.0	0.0	0.0	0.0	1.48056663697	0.0	0.0	0.0	2.41504708314	0.0	0.0	0.0	0.0
dosg187	0.0	2.02804329981	0.314845080816	0.0	0.0	0.843304821805	0.0	0.0	0.0	-0.722663543172	0.0	0.0	0.0	0.0	1.04088505186	0.0	0.0	0.0	0.0	0.0
dosg188	0.0	0.0	0.0	0.0	0.0	1.23003853674	0.0	0.0	0.742856539888	0.0	-0.568619001626	0.795749843796	0.0	0.0	0.275435487136	0.0	0.0	0.0	0.154225697591	0.0
dosg189	0.0	0.0	0.0	0.0	2.46233946717	0.0	0.0	0.0	1.9798697875	0.31144206537	0.0	0.0	0.0	0.0	-0.450950271784	0.0	1.2046920617	0.0	-1.3288069245	0.0
dosg190	0.0	0.0	0.0	0.0	0.0	0.0	0.317318048006	0.0	0.0	0.959801239762	0.0	0.0	0.0	0.116212073165	0.553012093798	0.0	0.0	0.0	0.0	0.0
dosg191	-1.84646624381	-1.40131998723	0.0	0.0	0.0	0.0	0.0	-0.987318286929	0.0	0.0	0.0	0.0	0.0	0.0	0.0	0.0	0.0	0.0	0.0	0.0
dosg192	0.0	0.0	0.531804648289	0.645674315835	0.0	0.0	0.0	-1.40981728772	0.0	0.0	0.0	0.0	0.0	0.0	0.0	0.0	0.0	0.0	0.0	0.0
dosg193	0.112329879607	0.0	0.0	0.0	0.0	0.0	0.0	0.0	-0.44978818284	0.0	-1.33995818563	0.0	0.0	0.0	0.0	-0.141128656194	0.0	0.0	0.0	0.0
dosg194	0.0	0.0	0.0	0.0	0.0	0.0	0.0	0.0	0.0	0.0	1.14185635881	0.0	0.0	0.788001467098	0.785014838711	0.0	0.0	0.0	0.0	0.0
dosg195	0.683118476163	0.0	0.0	0.96811491637	0.0	0.0	0.0	0.0	0.0	0.0	0.0	0.0	3.06451436451	0.128704507796	0.0	0.0	0.0	0.0	0.0	0.0
dosg196	0.0	0.0	-0.393529799024	0.0	0.0	0.312046436843	0.0	0.0	0.0	-2.36085175843	-1.1468175571	0.0	-0.617417799259	0.0	0.0	0.0	0.0	0.0	0.0	0.0
dosg197	0.0	0.0	0.0	0.0	0.0	0.0	0.0	0.0	0.0	0.0	0.0	0.382169794354	-1.11087261018	0.0	-0.562422978196	0.502960117885	-0.204844180639	0.0	0.0	-2.15723010413
dosg198	0.0	0.0	0.0	0.0	0.0	0.0	0.0	0.0	-1.16554805045	1.42533871045	0.0	0.0	0.0	0.0	0.0	-1.13772091491	0.0	0.0	0.0	0.0
dosg199	0.0	0.0	0.399477836471	0.0	0.0	0.0	0.0	0.0	0.934856049824	0.0	0.0	0.0	0.0	0.0	0.0	0.0	0.0	0.0	0.0	-0.749583719765