unot0	unot1	unot2	unot3	unot4	unot5	unot6	unot7	unot8	unot9	unot10	unot11	unot12	unot13	unot14	unot15	unot16	unot17	unot18	unot19
unot0	0.0	1.96373471065	-0.456086814517	0.0	0.0	0.0	0.0	0.0	0.0	-0.349499386727	0.0	0.0	0.0	0.0	0.0	0.0	0.0	0.0	-1.63614438489	0.0
unot1	0.0	0.0	0.0	0.0	0.0	-1.13541775203	0.0	0.0	0.0	0.0	0.0	0.0	0.0	0.0	0.0	0.0	0.0	-0.482148292367	0.0	0.0
unot2	0.0	1.4330047489	0.0	0.0	0.0	0.0	-1.29066093466	-1.46333516471	0.153589625747	0.0	0.0	0.0	0.0	0.0	0.0	-0.553190414279	0.0	0.0	-0.00534783287955	-0.292301780398
unot3	0.0	0.0	0.0	0.0	0.0	0.0	0.0	-0.158952569212	-0.230937070641	0.0	0.0	0.0	0.0	0.0	0.0	0.436737259609	0.0	0.0	0.0	-0.674781466606
unot4	0.0	-0.304643376319	0.0	0.691723372628	0.0	0.0	0.0	0.771051043932	0.0	0.0	0.81607342656	0.0	0.0	-1.56085041515	0.0	0.0	-1.22317561635	-1.55843152103	1.61800217471	0.0
unot5	-0.165288040412	0.0	-1.80305095827	0.0	0.0	0.0	0.0	0.0	0.0	0.0	0.313563297284	0.729026522944	0.0	0.396303884006	-1.79795530364	0.0	0.481694028153	0.095113949241	0.0	0.0
unot6	0.120929886492	0.0	0.0	0.0	0.0	0.0	0.0	0.0	0.0	0.0	0.0	0.83217183586	0.0	0.0	0.135143787034	0.0	0.620360072554	0.0	0.0	0.0
unot7	-0.341273549141	0.0	-1.47847888489	0.0	0.0	-0.0529812218981	0.0	0.0	0.0	0.0	0.0	0.0	-0.985403473751	0.0	-0.0477423324823	-1.63015351303	0.0	0.518242318649	0.0	0.0
unot8	0.0	0.0	-2.52569764018	-1.21672036959	-0.35142867966	0.0	-1.83649686362	0.930746757212	-0.76910820461	0.0	0.0	0.0	0.0	-1.27723683397	0.0	1.61726829108	0.0	0.0	0.0	0.0
unot9	0.0	0.0	-1.53241540247	0.0	0.0	0.0	0.0	0.0	0.0	0.0	0.0	-2.15396482339	0.0	0.0	0.986684705729	0.0	1.78135508409	0.0	0.0	-0.663905261772
unot10	-1.62147223393	0.0	0.0	0.0	1.00166948899	0.0	0.0	0.0	0.0	0.0	1.29998340077	0.0	0.0	0.0	-0.828846441638	0.0	0.0	0.0	1.44834549436	0.0
unot11	0.0	0.0	0.0	0.0	-1.55423441184	0.221391770359	0.0	0.0	0.0	0.0	0.0	-0.298681336517	-2.44242626749	0.365839070767	-1.19858870132	0.0	0.0	-0.398578520187	-0.207292557962	0.0
unot12	0.0	0.0	0.151289080408	0.081991867853	0.0	0.0	0.0	0.0	0.0	0.0	0.0	-0.120420016779	0.0	0.0	0.0	-1.18313360536	1.38819608928	-2.33125143103	0.0	0.0
unot13	0.0	0.0	0.0	0.0	0.0	0.0	0.0	0.0	0.0	0.0	-1.20120965744	0.0	0.0	0.0	0.0	0.0	0.0	0.0	1.08006036443	1.37249378871
unot14	0.379568369853	0.0	0.600447068831	0.0	-0.506169211589	0.0	0.0	0.0	1.9867360439	0.0	0.695449568782	-0.24898321348	0.0	1.06058644579	0.930243165582	0.0	0.0	0.0	0.0	0.779647359496
unot15	0.732123278888	0.687778106312	0.0	0.0	0.0	0.0	0.605100930344	-1.35812147023	0.0680343246107	-0.242342995992	0.0	0.0	-1.55272933655	0.0	0.0	0.106502055663	0.0	0.0	0.0	0.0
unot16	0.0	0.0	0.358260792396	0.0	0.237011796508	0.0	0.0	-0.0849532086725	-1.44997526703	0.0	0.0	0.0	0.0	0.0	0.0	0.0	0.0	-0.332504041451	0.0	0.0
unot17	0.459826105184	0.0	0.0	0.0	-0.536075874546	0.0	0.0	0.0	0.369042218963	-0.593521518447	0.0	0.0	1.34837185169	0.0	0.0	0.0	0.0	0.784345666649	0.0	-1.845611008
unot18	0.0	-0.155779051376	0.0	-0.550019091383	0.0	0.0	0.0	0.0	0.422501817582	0.0	0.570594011272	0.0	1.11897828873	0.0	0.45949463789	-0.840745404702	0.0	0.0	0.0	0.0
unot19	0.0	0.0	0.0	0.0	0.0	0.0	0.0	-0.809795755871	0.0	0.0	0.0	0.0	0.0	0.0	0.0	0.0	0.0	-0.799990932881	0.0	0.0
unog0	0.0	-0.204426347899	0.0	0.0	0.0	0.0	0.0	0.0	-2.15223286059	0.0	-0.730789165196	0.0	0.0	0.0	-0.633432324853	0.0	-0.545051306092	0.304552766873	1.56637810841	-1.87774882828
unog1	0.0	0.0	0.0	0.0	0.0	0.0	0.0	1.02863189503	0.0	0.0	0.0	0.0	0.0	-1.85224565442	0.0	0.0	0.0	0.0	0.0	0.0
unog2	0.0	-1.45706311365	-0.703021583581	0.0	0.0	0.0	0.0	0.0	0.0	0.0	1.01338484638	0.0	0.0	0.0	0.0	0.785978806217	0.0	0.0	0.0	0.0
unog3	0.946396631497	0.265480304338	-1.40881402282	0.0272779914008	1.6563170021	-1.05068753007	1.21223518983	0.0	0.64861274255	1.18762343023	0.0	1.9884949678	0.0	0.184500132306	0.0	0.0	0.0	0.0	0.0	0.0
unog4	0.0	0.0	0.0	0.0	0.0	0.0	0.199554100802	0.0	0.0	2.7413613895	0.0	0.0	0.0	0.0	0.0	0.0	0.0	2.36545586855	0.0	0.0
unog5	0.0	0.0	-0.951896988951	0.0	0.0	0.0	0.0	0.0	0.0	0.0	0.0	-0.814469097065	0.0	0.0	0.0	0.0	0.0	0.0	0.781358006267	0.0
unog6	0.0	0.0	1.37928033716	0.0	0.0	0.0	0.0	-0.175382249596	0.202162643029	0.0	0.0	0.0	0.0	0.0	0.0	0.0	0.0	0.0	0.0	0.0
unog7	-0.278194048527	0.0	0.0	0.0	-1.61988967198	0.889761331422	0.0	0.0	2.08871609933	0.0	0.0	0.0	0.0	0.0	0.0	0.0	0.0	0.0	-1.89850915561	0.0
unog8	0.0	0.0	0.0	0.0	0.160027750166	0.0	0.0	0.0	0.0	-0.241664867221	0.0	0.0	0.0	-1.3225539913	0.0	-1.46434023511	0.0	0.0	0.0	0.0
unog9	0.0	-1.38885648178	0.0	0.0	-0.679357461861	0.0	1.97387571998	0.0	0.0	0.0	0.0	0.0	0.0	0.0	0.0	0.0	0.0	0.0	0.0	0.0
unog10	0.0	0.0	1.30909005657	0.0	0.0	0.0	0.0	0.0	0.0	-1.40864411231	-0.0307562260506	-1.79260970722	0.0	-1.20256855579	-0.389172687227	0.0	0.0	0.0	0.0	0.0
unog11	0.0	0.0	0.206855627844	0.0	0.0	0.0	0.0	0.0	0.0	0.0	-0.210356677913	0.0	-1.04533693688	0.761363511254	0.0	0.0	0.0	0.0	0.0	0.0
unog12	-0.073043343076	0.318604364087	0.0	0.0	0.0	0.0	0.0	0.0	-0.178286683995	0.0	0.0	0.0	0.0	0.0	0.0	0.0	0.0	-0.381352391034	0.0	0.0
unog13	0.0	0.0	0.0	0.0	-1.04513939675	1.65346711111	1.6582569715	0.0	0.0	-1.10476259303	0.0	0.0	0.0	0.0	0.0	0.0	-1.10803310434	0.0	0.0	0.0
unog14	0.0	0.0	0.0	0.304755461945	0.0	-0.291197304931	0.0	0.0	0.0	0.0	-0.0511007959196	0.0	0.0	0.0	0.0	0.0	0.934110212035	0.0	-2.52647587225	0.0
unog15	0.0	0.0	0.0	0.0	0.0	-0.112586020831	-0.782895904731	0.0	0.0	0.0	1.22409341783	0.0	-0.257774076802	0.170733747054	0.0	0.0	0.0	0.0	0.0	-1.76857405288
unog16	1.95638330265	0.0	0.0	0.0	-1.00831674208	0.0	0.0	0.0	0.0	0.0	0.0	0.0	0.0	-1.6850564966	0.0	-0.0671021635896	0.0	0.0	0.0	0.0
unog17	0.0	0.0	0.632301957015	0.0	-0.693302541893	0.0	0.0	0.0	0.0	0.0	0.721605398882	-0.204090249483	0.0	-0.517522235725	0.0	0.65869857873	0.0	-2.42922632682	0.0	0.0
unog18	-0.860216451283	0.114148321569	0.0	0.0	0.15665725535	0.0	0.0	2.62456260999	0.0	0.0	0.0	0.0104249141475	0.0	0.0	-0.0141258795762	-0.7027867208	0.0	0.0	0.0	0.0
unog19	0.0	0.0	0.0	0.0	0.0	-1.98973366939	0.0	0.0	0.0	0.0	0.942346970537	0.0	0.0	0.0	0.502116239983	-2.11275816402	0.0	0.0	0.0	0.0
unog20	0.0	0.0	0.0	0.0	0.0	0.0	-0.301270335901	2.08544891413	0.211687539722	0.0	0.0	0.0	0.0	0.0	0.0	0.0	0.0	0.0	0.0	0.0
unog21	0.0	0.514865437509	0.359883200044	0.0	0.0	0.0	0.0	0.0	0.343888014553	0.529366507043	0.868599237721	0.0	0.0	-1.87185284899	0.795396713253	0.0	0.0	0.232572379446	0.0	0.0
unog22	0.0	0.0	0.0	-0.218914723624	0.0	0.0	0.0	0.0	0.0	0.0	0.0	0.0	0.0	0.0	0.0	-0.586482083951	-0.295079228843	0.0	0.0	0.0
unog23	0.0	0.0	0.0	-1.04601478532	-0.374636449544	0.0	0.0	0.0	-1.30849402566	-0.0718681982648	-0.193002176965	0.0	0.0	0.0	0.0	0.0	0.0	0.0	0.0	0.0
unog24	-0.24627142576	0.0	0.0	0.0	0.0	0.0	-1.55757560636	0.0	0.0	-0.836858795073	-0.128545500265	0.0	0.0	-0.128306868166	0.0	-0.713427862504	0.709615105747	0.0	-0.362376471471	0.0
unog25	-1.13600752062	0.0	0.0	0.0	0.0	0.0	0.0	0.0	0.0	0.0	-0.855186234579	0.0	0.0	0.0	0.0	0.0	0.0	0.0283654645034	-1.02982553843	0.0
unog26	1.4364282241	0.0	0.0	-0.60737608551	0.0	0.0	0.0	0.318336182776	0.0	0.0	-0.893706938176	0.0	0.0	1.351934666	0.0	0.0	0.0	0.0	0.0	2.24834181344
unog27	0.0	0.0	0.0	0.0	0.114910994936	0.0	0.105590970103	0.0	0.0	0.0	0.0	0.0	0.0	-0.0856036044002	0.478618635849	0.057149574002	0.0	-2.52279243226	0.0	0.241721726454
unog28	0.0	0.0	0.0	0.0	1.16340256789	0.0	0.0	0.0	0.0	0.332365926368	0.0	0.0	0.0	-0.784479063189	0.0	0.0	0.510332862884	0.0	0.14575736648	0.0
unog29	0.0	0.129288404536	0.0	0.394307425836	0.0	0.0	-0.192188040882	0.0	0.0	0.0	1.5288984482	0.0	0.0	0.0	0.0	-0.28489809123	-1.4018928733	0.0	0.0	-0.603492303327
unog30	0.334115172322	-0.373319152205	0.0	-1.10899012172	0.0	0.0	0.0	0.0	0.0	0.468431153908	0.0	0.0787241517853	-1.82922234087	0.0	-0.00601684224995	0.0	1.1007367594	-0.743111733388	0.0	0.0
unog31	0.0	-0.537794283536	0.0	0.0	0.0	0.0	-1.26843668831	0.948923149789	0.0	0.0	-0.0781409950109	0.0	-1.21246375911	0.0	0.0	0.0	-0.320852536265	0.0	0.0	0.164601248903
unog32	0.0	0.0	0.0	0.0	0.0	0.0	2.16699370179	0.0	0.0	-0.809873974545	0.0	0.530618917199	0.0289116097418	0.0	0.0	0.0	0.0	0.0	-1.63510814111	0.0
unog33	-0.0631511567467	1.28244775116	0.0	1.00167849466	0.0	0.0	0.0	0.0	0.492057129696	0.0	-0.219301330411	0.212090536633	0.0	0.0	0.0	0.48353674856	0.673351667822	0.0	0.0	0.0
unog34	0.0	0.0	1.63970948712	0.0	0.0	0.0	0.0	0.0	0.0	-0.423324890901	1.20477333132	0.0	-0.196532943725	0.0	0.43695043452	0.0	-1.61693571038	-0.0104652606543	0.0	0.0
unog35	0.0	0.0	0.0	-0.487247912423	0.0	-0.64904052728	0.0	0.0	0.0	0.0	0.939391382795	0.0	0.0	0.0	0.0	0.0	0.456631495748	0.0	0.0	0.0
unog36	0.0	0.0	0.0	0.518163868044	0.0	0.0	0.0	0.0	0.0	0.0	0.0	0.773665149305	0.0	0.316849930642	0.0	0.0	0.0	-1.52035597571	-0.881667739931	0.0
unog37	0.0	0.0	0.585729058159	0.0	0.0	0.0	0.0	0.0	-0.182592091048	0.0	0.121594698598	0.0	0.0	0.0	0.236981750115	0.0	0.750685205667	0.0	0.0	0.0
unog38	1.0699959303	0.0	1.38205983851	0.0	-0.408300558641	-0.0854834214876	0.0	-0.103175466568	0.0	-0.0763231698003	0.0	1.57863910624	0.0	0.0	0.0	0.0	0.0	0.0	0.0	0.0
unog39	0.0	0.0	0.0	0.0	-0.500952890185	0.0	0.0	0.0	0.0	0.0	0.0	0.0	0.0	0.0	0.0	-1.34273551515	-0.195691542077	0.0	0.0	0.399891783825
unog40	-1.18535456383	1.98213913369	0.0	0.0	0.0	-0.23567248348	0.0	0.0	0.0	0.0	0.0	0.0	0.0	0.0	0.0	0.0	0.464481869008	-1.52852598885	0.0	-1.13377472133
unog41	0.296845731815	0.0	0.0	0.0	0.087054095583	0.0	0.0	0.830675776022	-0.875039407124	0.0	0.0	0.0	-0.130574553992	0.0	1.14843282646	0.0	0.0	0.0	0.0	0.0
unog42	0.0	0.0	0.0	0.0	0.0	-0.72833188938	0.0	-0.221678030769	0.0	0.0	0.0	1.00462090577	0.0	0.0	0.0	0.0	0.0	1.11098349506	0.0	0.0
unog43	0.0	0.0	0.0	0.0	0.0	0.150346631434	0.0	0.0	0.0	0.0	0.0	0.0	-0.212766524356	1.77049448331	0.0	0.0	0.0	0.0	-2.25139028202	0.0
unog44	0.0	0.0	0.0	0.0	0.0	0.666903862433	0.0	1.33088393346	0.0	0.911019054016	0.0	0.0	0.0	0.0	0.0	0.0	0.0	0.0	0.0	0.0
unog45	-0.566316830062	0.0	0.0	0.0	0.318670386668	0.0	0.0	0.0	0.0	0.0	0.0	0.0	0.0	0.0	0.0	0.0	0.0	0.0	0.0	0.627857984389
unog46	0.0	0.0	0.0581200867652	-0.436803954244	0.0	1.26789052852	0.0	0.603405499675	0.0	0.0	0.0	0.0	0.0	0.0	0.0	0.0	0.0	0.0	0.0	0.0
unog47	-0.0380504707914	0.0	-0.654784657193	0.0	0.0	-1.09257484398	0.0	0.0	0.0	0.0	0.899832901918	0.0	0.0	0.0	0.0	0.0	1.74937955878	0.0	0.0	-0.0670543780195
unog48	0.0	0.0	0.0	0.0	0.0	0.0	0.0	0.0	0.0	0.245674955222	0.0	-0.0119992185977	0.0	0.0	-2.61304417654	0.0	0.0	0.0	0.0	0.0
unog49	0.0	0.0	0.0	-0.760618742771	0.0	0.0	0.0	0.0773763394757	0.0	0.0	1.11137169758	0.0	0.0	0.695112662514	0.0	0.0	0.0	0.0	0.0	0.0
unog50	0.0	0.0	0.0	0.0	0.0	1.01037772844	0.0	0.0	0.0	0.0	0.0	0.0	0.461541569555	-1.80873934635	0.0	0.0	0.667770270971	0.0	0.0	0.0
unog51	-1.45255257702	0.0	0.0	-0.0974734858954	0.0	0.0	0.0	0.0	0.0	0.0	-1.17970567393	0.0	-0.526178482128	0.42049939622	0.0	-1.2558168634	0.0	0.0	0.0	0.0
unog52	0.0	0.0	0.0	0.0	0.0	0.0	0.0	0.0	0.0	0.914451562964	0.0	0.0	-0.534609924076	0.0	0.878333455007	0.0	0.0724650793795	0.0	0.0	0.0
unog53	0.0	-0.396424378955	0.61723036245	0.0	0.0	0.0	2.17901309874	0.0	-0.248267556837	0.0	0.807482067148	0.0	0.600036509506	0.0	0.0	0.0	0.0	0.0	0.0	0.0
unog54	0.0	0.0	0.0	-1.98340479241	0.763385777311	0.0	-0.82461049678	0.874130647489	0.0	0.0	1.55522610093	0.0	1.55338752969	0.0	-0.725758708359	0.0	0.0	0.0	0.0	0.0
unog55	0.0	0.0	0.0	-1.03922562305	0.0	0.0	0.0	0.0	0.0	0.0	0.0	0.0	0.0	-0.863419723018	0.0	0.0	0.0	0.60122187003	0.0	-0.52650380392
unog56	0.0	0.0	0.0	0.0	0.0	0.0	0.0	0.0	0.0	0.0	0.0	0.0	-0.919924835814	0.0	1.83003981649	0.0	-1.89023288595	0.0	0.0	0.77333854907
unog57	-0.0452132501689	0.0	0.0	0.415546768989	0.0	0.145289135684	0.0	0.0	0.0	-0.323471081033	0.0	0.0	0.0	0.0	0.0	0.0	0.0	0.0	0.0	0.0
unog58	-0.141828805255	0.0	0.0	-0.770841106319	0.0	0.0	-0.0691448646598	0.0	0.0	0.0	0.0	0.0	0.0	-0.179832241621	0.0	0.0	0.0	2.37601026697	0.0	0.0
unog59	0.0	-1.68000584703	0.0	0.0	0.0	0.0	0.0	-0.893718289957	0.0	0.0	1.83390601354	0.0	0.0	-1.54820454235	0.0	0.0	0.0	-0.759206304738	0.0	0.0
unog60	0.0	0.403587626027	0.0	0.0	0.0	0.0	0.0	-0.0321806785049	0.0	0.0	-0.865879690819	0.0	-0.196769393867	0.0	0.0	0.185215262881	0.0	0.0	0.0	-1.23053270215
unog61	0.0	0.0	0.0	0.0	0.0	0.0	0.336273188987	0.0	-0.221338278572	-0.234035333691	0.264765775551	0.0	0.0	0.0	0.0	0.0	0.0	0.0	0.0	-0.352679192427
unog62	0.0	-0.372831644262	0.0	-0.00567109649149	0.0	1.68847239604	0.0	0.881636010373	0.0	0.0	0.0	-0.883130586814	2.24087361755	0.0	0.0	0.0	0.0	0.0	0.0	1.57541659552
unog63	1.18902679217	0.0	0.0	0.0	0.0	0.0	0.0	0.0	0.0	0.0	0.0	0.0	0.0	0.0	0.0	-0.378697362661	0.0	0.0	0.806328167727	-0.29378102054
unog64	0.0	0.0	0.0	-1.39155482886	0.0	-1.68486550425	-0.296253198851	0.0	0.0	0.0	0.0	0.0	0.928632410252	0.23934306914	0.0	0.0	0.577561628002	-1.32730532727	0.0	0.0
unog65	0.0	0.0	0.0	0.0	0.0	0.0	0.0	0.0	0.0	0.0	0.0	0.0	0.0	0.0	0.0	0.0	0.0	0.0	-0.621365807646	0.0
unog66	0.830628084596	0.0	0.0	1.25675731377	0.0	0.0	1.79808073787	0.0	0.0846373276984	0.0	0.411688861004	0.0	0.0	0.0	0.0	0.0	0.0	1.52739063362	-0.0201962124933	0.0
unog67	-2.61276254677	0.0	0.0	0.0	0.0	0.0	0.0	0.0	0.0	0.0	2.15375803143	0.0	0.0	0.0	0.0	0.0	0.0	0.0712291977185	0.0	0.0
unog68	0.0	0.0	0.0	0.0	0.0	0.819369112671	1.286834715	0.0	-1.19636307426	0.0	0.588416569945	0.0	1.87076888538	0.0	0.0	0.0	0.0	0.0	0.695662894495	-1.73187422235
unog69	0.0	0.0	0.0	0.0	0.0	1.03289154382	0.0	0.0	1.59120347615	-0.168743484161	-1.08480549565	0.0	-1.53226041219	0.0	0.435298058251	0.0	2.64126598895	0.0	-1.18681955243	0.0
unog70	0.0	-0.437074297522	0.0	-1.03998512721	0.28117508917	-0.855908193321	0.0	0.0	0.0	0.0	0.0	-0.417712577968	0.362292607708	0.0	0.0	-0.617722508174	0.0	0.0	0.0	0.0
unog71	0.0	0.0	0.0	0.0	-0.659121187301	0.0	0.0	0.0	0.0	0.0	0.0	0.0	0.0	0.0	0.0	0.0	0.0	0.0	0.538758824769	0.0
unog72	0.0	0.333683289705	0.0	0.0	0.0	0.0	0.0	0.0	0.0	0.0	0.0	0.0	0.0	0.0	0.0	0.0	0.0	1.05533489048	0.0	0.0
unog73	0.0	0.0	0.0	0.0	0.0	-0.521121461286	0.0	-0.386428243533	0.0	0.130139756248	0.0	0.0	0.579601377162	-1.19866668445	0.0	0.0	0.0	0.0	0.0	0.0
unog74	0.0	1.59812985566	0.0	0.0	0.0	0.0	0.0	0.140923918469	0.0	0.0	0.233006395018	-0.670650032295	0.0	-0.923563535667	0.0	-1.20640745141	0.0	0.0	-0.358370567184	0.0
unog75	0.0	0.0	0.0	0.0	-0.179758351185	-1.54959061812	1.12291354541	0.0	0.0	0.0	0.0	0.0	0.0	0.0	0.0	0.0	0.0	0.0	0.0	0.0
unog76	-0.515930387456	0.0	0.0	0.0	-0.909946088797	0.0	0.0	0.0	0.0	0.0	-0.535685972507	-1.3722495676	0.0	-1.83657395496	0.196867127365	0.0	0.0	0.0	0.0	0.0
unog77	0.0	0.0	0.0	0.0	-0.216578072055	0.0	0.0	0.0	0.0	0.0	0.0	0.0	0.0	-0.272694449669	-0.946769319299	0.0	0.0	0.0	0.0	0.0
unog78	0.0	0.0	-1.21191068556	0.0	0.0	-0.601763512467	1.23026840649	0.0	0.730505326492	0.0	0.144949476905	0.0	1.30998372273	0.0	0.0	0.0	0.106547714707	0.0	0.0	0.0
unog79	0.0	0.0	-0.47259505804	-1.62217917132	0.0	-1.25797185765	0.0	0.0	0.0	0.0	0.391032191544	0.0	-0.638376376017	0.0	-1.94239377347	0.0	1.29344917439	2.00890815066	0.0	0.0
unog80	0.0	0.0	0.0	0.0	0.0	0.0	0.0	0.0	0.0	0.404515201702	0.729487087598	0.0	0.0	0.0	0.0	0.0	0.0	0.0	0.0	0.0
unog81	0.0	0.0	0.0	0.0	0.0	0.0	0.36635789119	0.284951136048	0.0	0.0	0.0	0.0	-0.160794928279	0.0	0.0	0.0	0.0	0.281177971098	0.0	0.0
unog82	0.0	0.0	0.0	0.0	0.0	0.0	-1.12679186412	0.0	0.0	0.0	0.231285473174	0.0	0.0	1.09486223259	1.74051097367	0.0	0.0	0.0	0.546483319579	0.0
unog83	-0.331360770623	0.0	0.0	-0.174766158628	0.0	0.0	0.665839192694	0.0	0.750521436277	-1.83652237498	0.0	0.0	0.0	0.0	-0.695760056543	0.0	0.0	0.0	0.0	0.0
unog84	0.0	0.0	0.0	0.0	0.0	0.0	0.894248511643	0.865092937391	0.0	0.0	0.0	0.0	0.0	0.0	0.0	0.0	0.0	0.758290393166	0.0	0.372823329582
unog85	0.0	0.0	0.0	0.0	0.118784536321	0.0	0.0	0.0	0.0	0.496402584285	0.0	0.0	0.0	-1.10659141184	0.0	0.0	0.0	0.0	0.0	0.0
unog86	0.0	0.00439598045164	0.0	-0.972819194975	0.0	0.0	0.0	0.0	1.39230587803	-0.121785710022	0.923629330944	0.0	-0.782576826306	0.0	0.0	-1.38321382478	0.0	0.0	0.0	0.318742521498
unog87	0.0	0.0	1.69023303454	2.04697099783	-1.68241367126	0.0	0.0	0.0	0.0	-1.4151603634	0.0	0.0	-0.669206151352	0.0	0.0	0.0	0.0	-1.09836247449	-2.11428864849	0.0
unog88	0.0	0.0	2.17547304839	1.85353961484	-0.205820118776	-0.570302535561	0.0	0.0	0.0	0.0	0.0	-0.602789668867	0.0	0.0	0.0	0.213294765606	0.0	-0.815081190407	0.0	0.0
unog89	0.0	0.0	0.0	0.0	0.0	0.0	0.0	0.0	-1.2615305165	-0.0939717703004	0.0	0.0	-0.226114851316	0.0	0.0	-0.0804461699298	0.0488356527022	0.0	-0.978515956783	0.0
unog90	-0.220428926232	0.0	0.0	0.281252958973	-1.3222177191	-2.43564469569	0.0	0.0	-0.690009160439	0.0	0.0	0.0	0.0	0.0	0.0	0.0	0.0	0.0	0.0	0.0
unog91	0.0	-0.0712267106232	0.0	0.0	0.0	0.0	0.0	0.0	0.0	0.0	0.0	0.0	-0.622541713603	0.0	-0.652350409517	0.0	0.0	0.0	0.0	0.0
unog92	-0.574851909422	0.0	0.0	-0.096409319294	0.0	0.0	0.538818444776	0.0	0.0	0.0	0.0	0.0	0.0	0.0	0.0	0.0	0.0	0.0	0.0	0.0
unog93	0.0	0.544723709263	-1.35271540416	0.0	0.0	0.0	0.0	0.0	0.0	0.0	0.0	0.0	0.0	0.0	0.0	0.0	0.0	-1.6034363676	0.522959104507	0.626688432046
unog94	0.0	0.0	0.0	0.0	0.0	0.0	0.0	0.0	0.0	-0.750135375829	0.0	0.0	0.0	0.0	0.0	0.0	0.0	0.0	0.0	1.33694260375
unog95	3.1167907578	0.0	0.0	0.0	0.0	0.107008532165	0.0	0.0	0.0	0.0	0.0	0.0	0.0	0.0	0.0	0.0	0.0	0.0	0.0	0.0
unog96	0.156423176719	0.0	0.0	0.811600070311	0.157029755437	0.0	0.0	0.0	-1.71976157794	0.0	0.0	0.0	0.0	-2.19007945148	0.0	0.0	0.0	0.0473661907265	0.0	1.49301844473
unog97	0.0	1.35323477106	0.0	0.531254656844	0.0	1.03574570969	-0.50721604337	0.0	0.0	0.0	0.0	0.0	0.0	0.0	0.0	-1.78490308797	0.0	0.0	0.0	-0.583068413527
unog98	0.0	0.515891826401	0.0	-0.67662700264	0.0	0.0	0.0	0.0	0.0	0.0	-1.47456326686	-2.06232681883	0.0	0.0	0.0	0.0	0.0	0.0	-0.134916436982	0.673668332143
unog99	0.0	0.0	0.0	0.0	0.0	0.0	-0.537709375723	0.0	0.0	0.0	-0.0233634057693	0.0	0.0	0.0	0.0	0.0	0.0	0.0	-0.575144128007	1.52636610495
unog100	0.684962672251	0.0	0.0	0.0	0.0	0.128865722094	0.0	3.4010546999	0.0	0.0	0.0	0.0	0.0	0.0	0.0	0.0	-1.10384104326	0.0	0.0	-1.48822530839
unog101	1.13192485522	0.0	0.0	0.0	0.0	0.0	0.402408424427	-2.07243505875	0.0	0.0	0.0	0.0	0.0	0.0	0.0	0.0	-0.0940751742434	0.0	0.0	0.0
unog102	-0.658471861194	0.0	0.0	0.0	0.0	-0.588145893256	0.0	0.0	0.0	0.0	0.0	0.0	0.0	-1.25972444806	0.0	0.0	0.0	2.15003629469	0.0	0.0
unog103	0.0	0.880994122143	0.0	0.0	0.0	-0.364828345935	0.0	0.0	0.0	0.975898672419	0.0	0.0	0.0	-0.410274702688	0.0	0.0	0.0	0.0	0.0	-1.03036106238
unog104	0.0	0.0	0.0	0.0	0.229432148192	0.0	0.0	0.0	0.0	0.0	1.33999937285	0.0	0.0	0.0	0.0	0.0	0.0	0.0	0.0	0.0
unog105	0.0	0.0	0.0	0.0	0.0	0.0	0.0	0.0	0.0	0.0	0.0	0.955402800396	0.0	0.0	0.0	0.0	-0.0968176487831	0.0	0.0	0.0
unog106	0.0	0.0	0.0	0.0	0.0	0.0	-0.782824473998	0.12720831056	1.99068972103	0.0	0.0	0.0	0.0	0.0	0.0	0.0	0.0	0.0	1.37368375257	0.0
unog107	0.0	0.0	0.0	0.0	-0.661750416449	0.0	0.0	0.0	0.0	0.0	0.0	0.0	-0.330428263499	0.0	0.0	0.0	-0.417225547478	0.0	0.0	0.0
unog108	-0.0738217582496	0.0	0.0	0.0	0.0	0.0	0.0	0.0	1.52084710266	0.283676190178	0.0	-0.309942211912	0.0	0.613346399461	-0.376307261348	-1.92384876541	1.81272360644	0.0	0.0	0.0
unog109	0.0	0.0	0.0	0.0	0.0	0.0	-1.32089438545	0.0	0.0	-0.576383209249	0.0	-0.0447552447851	0.0	0.0	0.0	0.0	0.0	-0.173338809831	-1.31507538146	0.0
unog110	-0.242615945367	0.0	0.0	-1.18829477689	1.47269786604	0.0	0.0	0.0	0.99433289016	0.0	0.0	0.0	0.0	0.0	0.0	0.0	0.0	0.0	0.0	0.0
unog111	0.0	-0.44280340724	-0.603950276433	0.0	-0.448792787817	0.0	-0.144744402683	0.0	-0.170820238609	0.0	-0.2964221354	0.0	0.460176036039	0.0	0.0	0.0	0.0	0.0	-1.94576521529	0.0
unog112	-0.862679776259	0.0	-0.732904777839	0.0	0.0	0.0	0.0	1.26302061588	0.0	0.0	0.0	0.0	0.0	0.0	0.0	0.0	0.0	0.812290266418	0.0	0.0
unog113	-0.241507784357	0.357191858137	0.0	0.0	0.0	-0.740538672524	0.0	0.0	0.0	0.0	0.0	0.0	0.0	0.0	0.0	0.261297368914	0.0	0.0	0.0	0.324712662114
unog114	1.89477547657	0.0	0.0	0.0	0.0	0.0	0.0	0.0	0.0	0.0	0.0	-0.290833149674	0.0	0.0	0.0	0.0	-0.362544729068	0.0	0.0	0.0
unog115	-0.426819398567	0.0	0.0	0.0	0.0	1.79947066467	0.0	0.0	0.0	0.0	0.0	0.0	-2.11456093614	0.0	0.0	0.0	-1.41147653061	-0.118168969327	0.0	0.0
unog116	0.0	1.37902258879	-1.60364155788	0.0	0.0	0.0	0.0	0.0	0.0	0.0	0.0	0.0	0.0	0.0	0.0	0.535378843783	0.832244124352	-0.431180824848	0.0	0.0
unog117	0.0	0.0	0.0	0.0	0.965927927661	0.0	-0.16423405071	0.742061949209	0.0	-0.22040804916	0.0	0.0	0.0	0.0	0.0	0.0	-0.0258188424308	0.0	0.0	-1.29989490324
unog118	0.0	0.0	0.0	0.0	0.869309310659	0.0	0.0	0.672585646332	-0.55774264657	0.0	0.0	0.0	0.0	-1.60219982232	0.753777217253	0.319192092559	0.0	0.0	0.0	0.0
unog119	-0.753300795161	0.0	0.0	-1.32103407574	-1.33778131164	0.0	0.0	0.0	0.0	0.0	-0.83543510445	0.0153919388684	0.330194851966	0.0	0.0	0.0	0.0	0.0	0.0	0.0
unog120	0.0	-0.643404640945	0.0	0.49775185542	0.0	0.0	0.0	0.0	0.0	0.0	0.0	0.0	0.0	0.0	-0.973914550095	0.0	0.0	0.0	-1.56548731441	0.0
unog121	0.0	0.0	0.0	0.0	0.0	0.0	0.0	0.0	1.09458415242	0.0	0.0	0.0	0.0	0.350984047471	0.0	-2.71184690321	0.0	-0.206682871013	1.76275060996	0.0
unog122	0.0	-0.524778635197	0.0	0.0	-0.849238934162	0.0	0.0	0.0	0.0	0.0	0.605074053112	-0.570142435438	0.00281501695752	0.0	0.0	0.0	-0.0326745821641	0.0	0.0	-0.355288731707
unog123	0.0	-1.24146747686	0.0	0.0	0.0	0.0	0.0	0.0	0.0	0.0	0.0	0.0	0.0	0.0	0.0	-0.403619979516	1.48682490217	0.0	0.0	-0.414073487585
unog124	0.0	0.0	0.0	0.704728363812	-0.218290816645	0.0	0.0	0.0	0.891366672983	0.0	0.0	0.0	0.0	0.387148981709	0.0	0.0	0.0	0.0	0.0	-0.168656525418
unog125	0.671105007013	0.0	0.0	1.23510352908	0.0	0.0	0.0	0.0	0.0	0.0	0.0	0.530441756508	0.0	0.269250336524	0.0	0.0	0.0	0.0	0.0	0.0
unog126	0.0	0.0	0.0	0.319109867069	0.0	0.0450226349636	0.0	-0.0777025241935	0.0	0.0	0.00640611011729	0.0	0.0	0.0	0.0	0.0	0.700490005714	0.0	1.22767976919	-0.464518011271
unog127	0.0	0.0	0.0	0.0	0.0	0.0	-0.602445599648	-0.364460227418	-0.53040715754	-2.36028271225	0.0	0.0	0.0	0.0	0.0	0.165830356545	0.0	-0.385288598771	0.0	-0.0738628430738
unog128	0.0	0.0	0.0	0.0	0.0	0.0	0.0	0.0	0.0	0.0	0.0	0.986119211429	0.0	0.0	0.164829959359	0.64120124812	0.0	0.0	-1.88413596322	0.0
unog129	0.0	-0.0894755854905	-1.6097459351	0.0	0.0	0.0	0.81128706164	0.0	0.36865538599	0.0	-0.0552417569057	0.0	0.0	0.0	0.0	0.0	1.01676801441	0.0	-0.449226986969	0.0
unog130	0.0	0.0	0.0	0.0	0.491574948344	0.193316079774	0.0	0.0	0.0	0.0	0.0	0.0	0.0	0.0	0.0	0.0	0.0	0.0	0.0	0.0
unog131	1.8419491375	-0.516072209813	0.0	0.0	0.0	-0.0119682196286	-0.62031820339	0.0	0.982516996789	0.0	0.0	0.0	0.956546992334	0.0	0.0	0.343039911736	0.0	0.0	1.74911446781	-0.105783926237
unog132	0.0	0.0	0.768579946889	0.0	0.0	0.0	0.0	0.33826626369	0.0	0.0861863091019	0.0	0.0	0.0	0.0	0.0	0.0	0.0	-0.37176193141	0.0	0.0
unog133	0.0	0.0	-0.158037528525	0.445987663026	-0.442150242668	0.0	-0.476138183959	0.0	-1.2755995391	-1.79456675588	0.0	0.0	0.476902618373	0.0	0.0	0.0	0.0	0.0	0.0	1.02087461409
unog134	0.0	0.0	0.0	0.0	0.0	0.0	0.0	0.0	0.0	0.0	0.0	0.0	0.0	0.0	0.544904975886	0.0	0.0	0.0	0.0	0.0
unog135	1.08319634137	0.0	0.0	0.0	0.0	0.0	1.17845469196	0.0	0.0	0.0	0.0	0.0	0.0	0.0	0.0	0.0	0.0	0.0	0.0	0.0
unog136	-0.0784572958942	0.0	0.0	-1.46381393976	0.0	0.0	0.0	0.0	0.0	0.0	0.0	-0.496471884644	0.0	0.0	0.0	0.0	0.0	-0.329041837463	0.0	-1.12516835128
unog137	0.0	0.0	0.0	0.780524004995	0.589023954925	0.0	-0.037273183292	-0.886079808246	0.0	0.0	0.0	0.0	1.84279046993	0.0	0.278976420602	0.0	0.0	0.0	0.0	0.0
unog138	0.0	0.0	0.0	0.0	0.0	0.731366653931	0.0	0.0	0.0	0.0	0.837661970643	0.0	0.0	0.0	0.0	0.0	0.0	0.0	0.0	0.0
unog139	0.738277843283	0.0	0.0	0.0	0.0	0.732667868635	0.0	0.0	0.0	0.644788805869	0.0	0.87528421818	0.0	0.0	0.0	0.0	0.0	0.0	-1.65285922982	-0.346466020918
unog140	0.217829307757	0.0	0.0	0.0	0.0	0.0	0.0	0.234817439895	0.0	0.0	0.0	0.0	0.0	0.0	0.0	0.0	0.0	0.0	0.0	-0.152164278289
unog141	0.0	0.0	-0.0982050333693	0.0	0.0	0.0	0.0	-0.170882695973	0.0	0.0	0.0	0.0	0.0	0.0	0.0	0.0	0.0	0.0	0.0	1.13157957308
unog142	0.0	0.0	0.0	0.0	0.0	0.0	0.0	-0.202983002361	0.0	0.0	-1.14703683307	0.0	0.0	-1.55605857718	0.0	0.0	0.0	0.0	1.05087583203	0.0
unog143	0.0	0.0	0.0	0.0	0.0	0.0	0.0	0.0	0.0	0.0	0.0	0.0	0.0	0.0	0.0	0.0	-0.862921068579	0.0	0.0	0.0
unog144	0.0	0.0	0.624358403187	0.0	0.0	0.0	0.0	0.0	0.0	0.0	0.0	0.0	-0.240129047331	0.0	0.0	0.0	0.690352532579	0.0	0.0	0.0
unog145	1.44989656757	0.0	0.0	0.177542874136	-0.0289881933754	0.0	0.772228980731	0.0	0.0	0.0	0.0	0.0	0.0	0.0	0.0	0.0	0.0	0.0	0.0	0.0
unog146	0.0	0.137312434005	-0.230671446454	0.0	-1.20201392208	0.0	0.0	-0.12250123775	0.0	0.0	0.0	0.0	0.0	0.586566865394	0.0	0.0	0.0	0.0	0.0	0.0
unog147	0.0	0.0	0.0	0.0	0.0	0.0	0.0	0.0	0.0	0.0	-0.614448246243	0.0	0.544173329022	0.0	0.0	0.0	0.0	0.0	0.0	-1.54773746631
unog148	0.0	0.0	0.0	0.0	0.0	0.0	0.0	0.0	0.0	0.0	0.0	-1.34119176135	0.0	0.0	0.120898704612	-1.75338792621	0.0	0.883669125132	0.0	0.0
unog149	0.0	0.0	0.0	0.0	0.0	0.0	0.0	0.0	0.0	-0.185594465523	0.0	0.0	0.0	0.0	0.0293713098571	0.0	0.0	0.926483507098	0.0	0.0
unog150	0.0	0.0	0.0	0.189095208878	0.0	0.0	0.731338202486	-0.35850220061	0.0	0.0	0.0	0.0	0.586093737122	-0.632313610276	0.0	0.0	0.0	0.0	0.0	-0.978899726752
unog151	0.0	0.0	0.0	0.0	0.0	0.0	0.0	0.0	1.63505620387	-1.93725480003	0.0	0.632109657036	0.0	0.0	0.0	-0.0599475495835	0.0	0.0	0.0	0.0
unog152	0.0	0.0	0.0	0.0	0.0	0.0	0.0	0.0	0.0	0.0	0.0	0.0	0.0	-0.785053205122	0.0632752824711	0.0	0.95829249646	0.0	0.0	0.0
unog153	1.23257101303	0.0	1.24324538323	-1.59072514997	0.0	0.0	1.07875724614	0.0	-1.37420310153	-0.382857379141	0.0	0.0	0.0	0.0	0.0	0.0	-0.740400697778	0.0	0.0	0.0
unog154	0.0	0.0	0.0	-0.529397533051	2.77901400177	0.0	0.099899979009	-0.639339998785	0.0	1.73849270547	0.0	0.0	0.0	1.03657046183	0.490984690346	0.0	-0.953802884089	0.0	0.0	2.02064185911
unog155	0.0	0.0	0.0	-0.566511427975	0.0	0.0	0.0	-1.28008226345	-0.519085653137	0.0	0.0	0.0	0.0	-0.688354243306	-0.88653447654	-2.35369533323	0.0	0.0	0.0	0.0
unog156	0.0	0.0	0.0	0.0	0.0	0.0	1.667934395	-0.77546953377	0.0	0.0	0.0	0.0	0.0	0.0	0.0	0.0	0.923183089452	0.850698215339	0.0	0.0
unog157	1.99720649268	0.0	0.52178634073	0.0	0.0	0.0	0.0	0.0	0.0258016834554	0.944202512335	0.0	0.0	0.0	0.0	0.0	0.0	0.0	0.0	-0.277901632682	0.0
unog158	0.0	0.167105211654	0.0	0.0	0.0	-0.0875258969515	-1.31362829441	0.0	0.0	1.06765605679	-0.792662964267	0.0	0.0	0.0	0.0	0.0	0.0	0.0	0.0	0.0
unog159	0.0	0.968614073962	-1.29587172342	0.507919983923	0.0	0.0	0.0	0.0	0.0	0.0	0.0	0.0	1.04153578343	0.0	0.0	0.0	0.0	-1.97546530682	0.0	0.0
unog160	0.0	0.0	0.0	0.0	2.08355961728	-0.336160915675	-1.31881318033	0.0	0.266772774537	0.0	-2.38367648419	-0.0448176313903	0.82483810346	0.0	-0.0155130507051	0.0	-0.898760620058	0.0	0.0	0.0
unog161	0.0	0.0	0.0	0.532907627082	-0.556317372497	0.532403582504	0.0	-0.860064528776	0.0	-0.70694325747	0.0	0.0	-0.203864168712	0.431867670993	0.0	1.35834445294	0.0	0.0	0.0	0.0
unog162	0.0	0.0	0.0	-2.03841984076	0.100140292215	0.0	-0.334037675813	1.68835641815	0.0	0.0	0.0	0.0	0.0	0.0	0.0	0.0	-1.47179317738	0.0	0.0	0.0
unog163	0.0	0.0	-1.16832935906	0.0	0.169422268575	0.0	0.0	0.0	0.0	0.403865669838	0.0	0.0	0.0	0.0	0.347930932601	0.0	0.0	0.0	0.0	0.0
unog164	0.0	0.0	0.0	-0.0993358206011	0.0	0.0	0.0	-1.94560817492	0.0	2.00048145742	0.0	0.0	0.0	0.0	-2.07333454583	0.0	0.0	0.0	0.0	2.16861424651
unog165	0.0	0.0	0.0	0.0	0.0	0.0	0.0	0.0	0.0	0.0	0.0	0.0	0.0	0.0	0.956456905948	-0.579066744269	0.0	0.349492343356	-0.296296787532	0.0
unog166	0.625480926586	0.0	0.0	0.522811754938	0.0	0.0	0.0	0.0	0.0	0.0	0.97703689015	0.27491269657	0.0	-0.158299263356	1.21735321317	0.0	0.0	0.0	0.0	0.0
unog167	-0.128620462883	-0.0788317605278	0.0	0.195443602963	0.0	0.0	0.0	0.0	1.69468932428	-0.109586184012	0.0	0.0	0.0	0.0	0.671515129063	0.0	0.0	0.0	0.0	0.941683823707
unog168	-0.496428551831	0.0	0.0	0.0	0.0	-0.614595950226	0.0	0.0	0.0	0.0	0.0	0.0	0.0	0.660634670941	0.723284675522	0.503029451891	0.0	-0.0581986754942	0.0	0.342179310696
unog169	0.0	0.0	2.11678803863	0.0	0.0	0.0	0.0	0.0	0.0	0.0	-1.75899685605	0.0	0.0	0.0	-1.11904788542	0.0	0.0	0.0	0.0	0.0
unog170	0.149336260285	0.0	0.0	0.0	0.0	0.0	0.0	0.0	0.0	0.0	0.0	0.905940630617	0.0	-0.764145213896	0.0	0.0	0.0	0.0	0.0356074823212	-0.0862612626465
unog171	0.543946734834	0.0	0.0	0.0	0.0	0.0	0.0	0.0	0.0	0.0	0.0	0.0	-0.141382347845	0.0	0.0	0.0	0.0	0.0	-0.838478380758	1.15795586842
unog172	0.0	-0.0892828896624	0.0	0.761107478581	0.0	0.0	0.0	0.0	0.395233592733	0.0	0.0	0.0	0.0	0.0	0.0	-0.0858532898096	0.0	0.0	0.0	-0.64590695105
unog173	0.67353613892	0.0	0.0	0.132955798779	0.0	0.0	0.0	0.0	0.0	0.0	0.0	0.0	0.0	0.0	0.0	0.715915760579	0.0	-0.83143160285	0.0	0.31607586079
unog174	0.0	0.0	0.0	1.09104981163	1.3355841479	1.08915836411	0.0	1.16797268579	0.0	0.0	0.0	0.0	0.0	0.0	0.0	0.0	0.0	0.0	0.0	0.0
unog175	-0.572676917336	0.0	0.0	0.0	0.0	0.0	0.0	0.0	0.0	0.716206975608	-0.147695594148	0.0	0.0	0.0	0.720614013503	-1.64261112775	0.0	0.0	0.0	0.0
unog176	0.0	0.0	0.0	0.0	0.0	0.0797400638124	0.746840468773	0.0	0.0	0.679729542775	0.0	0.0	1.05645084801	0.0	0.0	0.0	0.0	0.179411996617	-0.0191513234723	0.0
unog177	0.0	0.0	0.0	0.0	0.0	-0.577086484623	0.0	0.0	0.0	0.0	0.0	0.0513138256965	0.0	0.0175038172422	0.12168422376	-0.8744327495	0.0	0.0	0.0	0.0
unog178	0.0	0.0	1.39192293766	0.0	0.0	0.0	0.0	0.0	0.0	0.0	1.32163140377	0.0	0.0	0.0	0.0	0.0	-0.518338151628	0.0	0.0	-0.602513109588
unog179	0.0	0.0	0.0	-0.414414842678	0.465985080283	0.0	0.0	0.0	0.0	0.0	0.0	1.07748586667	0.0150718112881	-0.601252154635	0.0	0.0	0.0	0.0	0.0	0.0
unog180	-1.66195403825	0.0	0.0	0.67886741452	-0.856119531488	0.0	0.0	0.0	0.0	0.0	0.0	0.0	0.0	-1.11101367102	0.0	0.0	-0.3379642196	0.0	1.42541606042	0.0
unog181	0.0	0.0	0.494000648714	0.0	0.0	0.0	0.0	-0.476727192968	1.03173096067	0.0	0.0	0.0	0.0	0.0	0.0	0.0	-0.543654283801	0.0	0.0	0.0
unog182	0.474994930148	0.0	0.0	0.0	0.0	0.0	0.0	0.0	0.0	0.535114417572	0.0	-0.830038968089	-0.134878961382	0.0	0.37124775879	0.0	-1.62966310246	0.0	0.0	0.0
unog183	1.2868201597	-0.15668396928	0.0	0.0	0.0	0.0	0.0	0.0	0.0	0.0	0.0	0.0	0.0	0.0	0.0	0.0	0.0	0.113154562968	0.0	1.96204287626
unog184	0.0	0.0	0.0	0.0	0.651189275936	0.0	0.0	0.0	0.0	3.14599285615	0.0	0.0	0.0	-0.474804517775	0.0	0.0	0.212792328408	0.330376158536	0.0	-0.387045190863
unog185	0.0	0.0	0.0	0.0	0.0	0.0	0.0	0.0	0.0	0.399290391279	0.846465830521	0.0	0.0	0.0	0.0	0.19950511239	0.0	0.0	1.03699835845	0.0
unog186	-1.07490935335	0.0	-0.683695676688	0.0	-0.54948055959	0.0	0.0	0.6291840192	0.0	1.87392689316	0.0	-0.844920366175	0.0	0.0	0.0	0.0	0.0	-0.267791743547	0.0	0.0
unog187	0.0	0.0	0.407489273114	0.0	0.0	-0.236818899842	-0.825148507393	0.0	0.0	0.0	0.0	0.0	0.0	0.0	0.0	0.0	0.0	0.0	0.0	0.0
unog188	0.0	0.0	0.0	0.544552176365	0.0	0.0	0.0	0.0	0.0	0.0	0.0	0.351231119427	0.0468866511421	0.0	0.0	0.0	0.0	1.24724486409	0.0	0.0
unog189	0.0	0.0	0.0	0.394511214101	0.0	0.0	0.805297803931	0.0	0.0	0.0	0.0	0.0	0.0	0.418083083939	0.0	0.0	0.0	0.0	0.0	0.0
unog190	-0.718149447018	0.0	1.0143246297	-0.863037785163	0.0	0.0	0.0	1.29388528403	0.0	2.21644857931	0.0	0.0	0.0	0.0	0.0	2.15033072356	0.0	1.51146411278	0.0	0.0
unog191	0.0	0.0	0.0	0.0	0.0	0.0	0.0	0.0	0.0	0.0731345294895	0.0	0.0	-0.572556474143	0.0	-0.197009919107	0.0	0.0	-1.50987459731	0.0	0.0
unog192	0.133648941016	0.0	1.5508998272	-0.153335910337	0.0	0.0	0.0	-0.013363446682	0.0	-0.365791284019	0.0	0.0	0.0	0.0	-0.151947412413	-0.257664585693	-1.54747832661	0.0	0.0	-1.40724830532
unog193	0.0	0.0	0.0	0.0	0.0	0.0	0.0	0.0	0.0	-0.300644698397	0.0	0.0	1.29550830297	0.0	0.0	0.0928015949356	0.0	0.0	0.0	0.0
unog194	0.0	0.0	1.29328742114	0.0	-1.66055433916	0.0	0.0	0.0	0.0	-1.09220585467	0.0	0.0	0.959350595356	-1.62439002641	0.326001019892	0.0	-1.53628653019	0.0	0.0	0.0
unog195	0.0	0.0	0.0	0.0	-2.47100169482	0.260746319221	0.0	0.0	0.0	0.0	-1.19960289251	0.0	0.650899663659	0.0	0.0	0.0	0.0	0.251744928683	0.0	0.0
unog196	-0.255958005804	0.877080096361	0.0	0.0	0.16457897285	0.0	0.0	0.0	0.0	0.0	0.0	0.942066805268	0.0	0.0	0.0	0.0	0.0	0.0	-0.839803869035	0.0
unog197	0.0	1.01616766928	0.0	0.0	0.0	0.0	0.0	0.0	0.0	0.0	0.0	0.0	0.0	-0.710562966661	1.20924361116	0.0	0.0	0.099216222366	0.0	-2.56146746185
unog198	0.886629056675	0.0	0.0	0.0	-1.3828227297	0.466282465418	0.0	0.254562652837	0.0	0.0	0.0	-2.0314657814	0.0	1.08544828026	0.468800216727	0.0	0.698430803538	0.0	0.0	0.0
unog199	0.0	0.0	0.0	0.0	0.0	0.0	0.0	0.0	0.0	0.0	0.0	0.0	1.1327510751	0.0	0.0	0.0	0.0	0.0	-0.73635923019	0.792950778343